TimeStamp; Sample No; X-Axis; Y-Axis; Z-Axis; Sensor Type; Sensor ID
85;1;0.05081750825047493;0.9437546133995056;-0.1785964518785477;0;0
85;2;0.05570150166749954;0.9430233240127564;-0.1807949393987656;0;0
85;3;0.05509003251791;0.9402149319648743;-0.1838460713624954;0;0
85;4;0.05606714263558388;0.9403378367424011;-0.1818934082984924;0;0
86;5;0.05203889682888985;0.9393607378005981;-0.1810376644134522;0;0
86;6;0.05057322978973389;0.9389950633049011;-0.180183470249176;0;0
86;7;0.05789844319224358;0.9365538954734802;-0.1763994991779327;0;0
86;8;0.05325872823596001;0.9322813153266907;-0.1737140119075775;0;0
86;9;0.04825492948293686;0.9350882172584534;-0.176155224442482;0;0
86;10;0.0517946183681488;0.9381393194198608;-0.1740812063217163;0;0
86;11;0.05081750825047493;0.9345996379852295;-0.1760338693857193;0;0
86;12;0.04923203960061073;0.9293515682220459;-0.1788407266139984;0;0
86;13;0.04935339838266373;0.9263004064559937;-0.1827476024627686;0;0
86;14;0.04935339838266373;0.9248347878456116;-0.1818934082984924;0;0
86;15;0.04801065102219582;0.9221493005752564;-0.1812819391489029;0;0
86;16;0.04740073531866074;0.9248347878456116;-0.1842117160558701;0;0
86;17;0.04556943103671074;0.9220278859138489;-0.1882399618625641;0;0
92;18;0.04361676797270775;0.9223935604095459;-0.1870201230049133;0;0
98;19;0.04251829534769058;0.9238576889038086;-0.189338430762291;0;0
103;20;0.03849004954099655;0.923247754573822;-0.1889728009700775;0;0
108;21;0.03470608219504356;0.9181210398674011;-0.1847002655267716;0;0
113;22;0.03482744097709656;0.9222722053527832;-0.1838460713624954;0;0
118;23;0.03433888778090477;0.925567626953125;-0.1861659437417984;0;0
124;24;0.03153203055262566;0.9254446625709534;-0.187508687376976;0;0
128;25;0.03165338933467865;0.922882080078125;-0.1887285113334656;0;0
131;26;0.02970072627067566;0.9244691133499146;-0.1906811743974686;0;0
136;27;0.02860225550830364;0.9227591753005981;-0.1898269951343536;0;0
144;28;0.03031064197421074;0.9241019487380981;-0.1887285113334656;0;0
148;29;0.03116483613848686;0.927885890007019;-0.187508687376976;0;0
152;30;0.03104347363114357;0.9263004064559937;-0.1839674413204193;0;0
157;31;0.03238622471690178;0.9236149191856384;-0.1793292760848999;0;0
163;32;0.03214194625616074;0.9245904684066773;-0.1815262138843536;0;0
167;33;0.03995415940880776;0.9280087947845459;-0.1820147782564163;0;0
172;34;0.04312821105122566;0.9310599565505981;-0.1799391955137253;0;0
176;35;0.04105262830853462;0.9339897036552429;-0.1788407266139984;0;0
181;36;0.04117554798722267;0.9332569241523743;-0.1798178255558014;0;0
186;37;0.04691217839717865;0.9316698908805847;-0.1754239499568939;0;0
192;38;0.04239537939429283;0.9319141507148743;-0.1754239499568939;0;0
197;39;0.04569078981876373;0.9327698945999146;-0.1744468361139298;0;0
202;40;0.04508087411522865;0.9345996379852295;-0.1704185903072357;0;0
207;41;0.04324957355856895;0.9352111220359802;-0.17627814412117;0;0
212;42;0.04056407511234283;0.9339897036552429;-0.1720056235790253;0;0
217;43;0.04068699106574059;0.9345996379852295;-0.1738369166851044;0;0
223;44;0.03824577108025551;0.9358210563659668;-0.1778651624917984;0;0
227;45;0.03787857666611671;0.9321584105491638;-0.1768880635499954;0;0
232;46;0.0332404151558876;0.9289859533309937;-0.1737140119075775;0;0
237;47;0.02860225550830364;0.9327698945999146;-0.1738369166851044;0;0
246;48;0.0332404151558876;0.9381393194198608;-0.1726155281066895;0;0
250;49;0.03299614042043686;0.9364309310913086;-0.1720056235790253;0;0
256;50;0.02872361615300179;0.9322813153266907;-0.1733483672142029;0;0
260;51;0.02493964694440365;0.9273989200592041;-0.1734697222709656;0;0
262;52;0.01895873807370663;0.9265431761741638;-0.1755453050136566;0;0
268;53;0.01602896302938461;0.9298401474952698;-0.1755453050136566;0;0
272;54;0.01578468643128872;0.9339897036552429;-0.1745682060718536;0;0
277;55;0.01480913162231445;0.9354553818702698;-0.1781094521284103;0;0
283;56;0.008583944290876389;0.9378966093063355;-0.1798178255558014;0;0
288;57;0.003457227256149054;0.9396049976348877;-0.1774979680776596;0;0
297;58;0.001991562079638243;0.9372851252555847;-0.1746911108493805;0;0
302;59;-0.001548128318972886;0.9394820928573608;-0.168221652507782;0;0
306;60;-0.004233625251799822;0.9479057788848877;-0.1693201214075089;0;0
315;61;-0.006797761656343937;0.950102686882019;-0.1728598177433014;0;0
315;62;-0.01387714222073555;0.9522996544837952;-0.1705415099859238;0;0
318;63;-0.01924813725054264;0.9502241015434265;-0.1712727844715118;0;0
323;64;-0.0186366643756628;0.9430233240127564;-0.1717613339424133;0;0
329;65;-0.01973669230937958;0.9355767369270325;-0.1666346192359924;0;0
336;66;-0.01753819361329079;0.9359424114227295;-0.1668789088726044;0;0
340;67;-0.01766111142933369;0.9314271807670593;-0.1651705205440521;0;0
346;68;-0.01912521943449974;0.9263004064559937;-0.1638277620077133;0;0
356;69;-0.02071224525570869;0.927885890007019;-0.1652918756008148;0;0
356;70;-0.02364202030003071;0.9245904684066773;-0.170297235250473;0;0
360;71;-0.02486340887844563;0.9339897036552429;-0.1674888134002686;0;0
364;72;-0.02608324028551579;0.9378966093063355;-0.168221652507782;0;0
369;73;-0.02730462700128555;0.9365538954734802;-0.1693201214075089;0;0
374;74;-0.0341397300362587;0.9366752505302429;-0.1707842350006104;0;0
379;75;-0.03340689837932587;0.9363095760345459;-0.1645590364933014;0;0
384;76;-0.03499392420053482;0.9326469898223877;-0.168221652507782;0;0
392;77;-0.04317333176732063;0.9383836388587952;-0.1624850183725357;0;0
397;78;-0.032308429479599;0.9396049976348877;-0.1763994991779327;0;0
402;79;-0.0424405001103878;0.9359424114227295;-0.1750567555427551;0;0
407;80;-0.04414888843894005;0.9331355094909668;-0.1694414764642716;0;0
409;81;-0.04561455175280571;0.9317927956581116;-0.1679773777723312;0;0
414;82;-0.04634582996368408;0.9316698908805847;-0.16101935505867;0;0
419;83;-0.045735914260149;0.9383836388587952;-0.170297235250473;0;0
424;84;-0.04524735733866692;0.9480271339416504;-0.1627292931079865;0;0
429;85;-0.04353897273540497;0.943144679069519;-0.1744468361139298;0;0
434;86;-0.04585883021354675;0.9413133859634399;-0.1716399788856506;0;0
442;87;-0.0508626289665699;0.9430233240127564;-0.1693201214075089;0;0
446;88;-0.04842140898108482;0.9408248066902161;-0.178230807185173;0;0
451;89;-0.04598018899559975;0.9429004192352295;-0.1766437739133835;0;0
455;90;-0.04634582996368408;0.9437546133995056;-0.1772536933422089;0;0
460;91;-0.04488172009587288;0.9392393827438355;-0.1727384477853775;0;0
465;92;-0.04866568744182587;0.9365538954734802;-0.1698086708784103;0;0
470;93;-0.04524735733866692;0.9345996379852295;-0.1738369166851044;0;0
475;94;-0.04183058440685272;0.9345996379852295;-0.1744468361139298;0;0
480;95;-0.03694658726453781;0.9320370554924011;-0.1696857661008835;0;0
489;96;-0.04085347428917885;0.9337454438209534;-0.1637048572301865;0;0
494;97;-0.03487256541848183;0.9337454438209534;-0.1683430075645447;0;0
497;98;-0.03902217000722885;0.9327698945999146;-0.1711514294147492;0;0
501;99;-0.04024355858564377;0.9339897036552429;-0.1713957041501999;0;0
505;100;-0.04024355858564377;0.9336240887641907;-0.1661460697650909;0;0
510;101;-0.04451608285307884;0.9344782829284668;-0.1646819561719894;0;0
515;102;-0.04353897273540497;0.9359424114227295;-0.162240743637085;0;0
521;103;-0.04231758415699005;0.934843897819519;-0.1600438058376312;0;0
525;104;-0.04414888843894005;0.9347225427627564;-0.1579682230949402;0;0
530;105;-0.04610155150294304;0.9336240887641907;-0.1618735492229462;0;0
539;106;-0.04842140898108482;0.9330126047134399;-0.1618735492229462;0;0
543;107;-0.04951988160610199;0.9345996379852295;-0.156991109251976;0;0
549;108;-0.05220537632703781;0.9350882172584534;-0.1535743325948715;0;0
553;109;-0.05000843480229378;0.9392393827438355;-0.1551598012447357;0;0
557;110;-0.05049699172377586;0.9404591917991638;-0.1552827209234238;0;0
561;111;-0.05489087477326393;0.9386278986930847;-0.1595552414655685;0;0
566;112;-0.05574506893754005;0.9413133859634399;-0.162240743637085;0;0
571;113;-0.06001759320497513;0.9430233240127564;-0.1660247147083283;0;0
576;114;-0.05403668060898781;0.9505912661552429;-0.1766437739133835;0;0
587;115;-0.04634582996368408;0.9565721750259399;-0.1605307906866074;0;0
594;116;-0.05110690742731094;0.9648729562759399;-0.1534514129161835;0;0
594;117;-0.05379240214824677;0.9731737375259399;-0.1506445556879044;0;0
599;118;-0.04817713052034378;0.9785447120666504;-0.1464933902025223;0;0
606;119;-0.03645959123969078;0.9898965954780579;-0.1280621141195297;0;0
607;120;-0.04060919582843781;0.9874553680419922;-0.1320903599262238;0;0
612;121;-0.04353897273540497;0.9763461947441101;-0.1429537087678909;0;0
617;122;-0.03291834518313408;0.9795202612876892;-0.1699300408363342;0;0
621;123;-0.03658095002174377;0.9934362769126892;-0.1429537087678909;0;0
626;124;-0.03853361681103706;0.9924591779708862;-0.1406338512897492;0;0
631;125;-0.03377409279346466;0.9845256209373474;-0.1621178239583969;0;0
640;126;-0.03194278851151466;0.9840370416641235;-0.1561369150876999;0;0
645;127;-0.03767942264676094;0.985135555267334;-0.1417338699102402;0;0
650;128;-0.03658095002174377;0.9792760014533997;-0.1680987328290939;0;0
652;129;-0.03731378167867661;0.9725622534751892;-0.1851888298988342;0;0
657;130;-0.04060919582843781;0.9780561327934265;-0.170174315571785;0;0
662;131;-0.04890996590256691;0.9839141368865967;-0.1678560078144074;0;0
667;132;-0.05659926310181618;0.9630416631698608;-0.1989819556474686;0;0
672;133;-0.05916339904069901;0.9502241015434265;-0.2021560072898865;0;0
677;134;-0.06514430791139603;0.9498584270477295;-0.1795735508203507;0;0
687;135;-0.07234660536050797;0.9304500222206116;-0.1984933912754059;0;0
695;136;-0.07222368568181992;0.9110416173934937;-0.2122880816459656;0;0
696;137;-0.06929547339677811;0.9199523329734802;-0.1866529285907745;0;0
700;138;-0.06453438848257065;0.917266845703125;-0.1920239329338074;0;0
703;139;-0.06062750890851021;0.9048164486885071;-0.2168033123016357;0;0
707;140;-0.06380155682563782;0.9062805771827698;-0.2081369161605835;0;0
712;141;-0.06404583901166916;0.914946973323822;-0.2022773623466492;0;0
717;142;-0.06050614640116692;0.9164126515388489;-0.220587283372879;0;0
722;143;-0.06490003317594528;0.9164126515388489;-0.2259582877159119;0;0
727;144;-0.06087178364396095;0.9243462085723877;-0.2155834883451462;0;0
733;145;-0.05843056365847588;0.9280087947845459;-0.2193674594163895;0;0
739;146;-0.05354812741279602;0.9223935604095459;-0.2276682257652283;0;0
748;147;-0.05342676490545273;0.9221493005752564;-0.2142407447099686;0;0
748;148;-0.04634582996368408;0.9200736880302429;-0.2085025459527969;0;0
753;149;-0.04341605305671692;0.9150698781013489;-0.2130193561315537;0;0
758;150;-0.04146338999271393;0.9118958115577698;-0.2061842530965805;0;0
763;151;-0.03706950694322586;0.9087218046188355;-0.2030102014541626;0;0
768;152;-0.03145423531532288;0.901642382144928;-0.202644556760788;0;0
773;153;-0.0290130153298378;0.8948072791099548;-0.2021560072898865;0;0
779;154;-0.02071224525570869;0.8945630192756653;-0.2016674429178238;0;0
785;155;-0.006309206597507;0.8924874663352966;-0.2043529450893402;0;0
789;156;0.002845755545422435;0.8889477252960205;-0.1947094202041626;0;0
794;157;0.009070943109691143;0.8847966194152832;-0.1901926249265671;0;0
799;158;0.02042440325021744;0.8757645487785339;-0.1926354020833969;0;0
803;159;0.03250758349895477;0.8669752478599548;-0.1901926249265671;0;0
808;160;0.03946560248732567;0.8659996390342712;-0.1845789104700089;0;0
813;161;0.04337248951196671;0.8591629862785339;-0.1906811743974686;0;0
818;162;0.05618850141763687;0.8587973713874817;-0.1878743171691895;0;0
823;163;0.06778468191623688;0.8724691271781921;-0.1763994991779327;0;0
831;164;0.07498697936534882;0.8812568783760071;-0.1720056235790253;0;0
839;165;0.0806022509932518;0.8846752047538757;-0.1683430075645447;0;0
840;166;0.08182363957166672;0.8921217918395996;-0.1646819561719894;0;0
848;167;0.08536332845687866;0.9010325074195862;-0.1630949378013611;0;0
856;168;0.08975721150636673;0.9137271642684937;-0.1558926403522492;0;0
856;169;0.09463965147733688;0.9244691133499146;-0.1500330865383148;0;0
860;170;0.09134424477815628;0.9310599565505981;-0.1423437893390656;0;0
864;171;0.08682744204998016;0.9332569241523743;-0.1353857666254044;0;0
869;172;0.08475185930728912;0.938506543636322;-0.1276949197053909;0;0
874;173;0.07938086241483688;0.9414362907409668;-0.1193957030773163;0;0
882;174;0.07059309631586075;0.9429004192352295;-0.1160987392067909;0;0
887;175;0.06436791270971298;0.9461958408355713;-0.1102407425642014;0;0
897;176;0.05911827832460403;0.9499797821044922;-0.1132918745279312;0;0
897;177;0.0519159808754921;0.9516897201538086;-0.1159773766994476;0;0
900;178;0.04093126952648163;0.9575492739677429;-0.1224468424916267;0;0
905;179;0.03446180373430252;0.9593790173530579;-0.1200056225061417;0;0
910;180;0.02066712453961372;0.9640187621116638;-0.1220812052488327;0;0
916;181;0.01053660828620195;0.9679240584373474;-0.1186628714203835;0;0
919;182;0.002601478016003966;0.9678027033805847;-0.1211040914058685;0;0
928;183;-0.0122901163995266;0.9665813446044922;-0.1160987392067909;0;0
933;184;-0.02095652371644974;0.9632859230041504;-0.1082865223288536;0;0
938;185;-0.03633667156100273;0.9656042456626892;-0.1023056134581566;0;0
944;186;-0.04317333176732063;0.9634072780609131;-0.09510331600904465;0;0
945;187;-0.05489087477326393;0.9636515378952026;-0.1001086682081223;0;0
950;188;-0.061116062104702;0.9664599895477295;-0.09632470458745956;0;0
955;189;-0.06905119121074677;0.9630416631698608;-0.1030384451150894;0;0
960;190;-0.08089165389537811;0.9591347575187683;-0.1029155254364014;0;0
965;191;-0.09077788889408112;0.9543752670288086;-0.1036483645439148;0;0
970;192;-0.09907866269350052;0.9503470063209534;-0.104015551507473;0;0
978;193;-0.1073794290423393;0.9465630054473877;-0.1025498881936073;0;0
982;194;-0.1177542209625244;0.944487452507019;-0.1049911081790924;0;0
988;195;-0.1206839978694916;0.947294294834137;-0.1041369140148163;0;0
992;196;-0.1270321011543274;0.9498584270477295;-0.1077995225787163;0;0
996;197;-0.1337458491325378;0.9512012004852295;-0.1132918745279312;0;0
1000;198;-0.134355753660202;0.9558393359184265;-0.1110949367284775;0;0
1006;199;-0.1354542374610901;0.955595076084137;-0.1190285086631775;0;0
1011;200;-0.1335015594959259;0.9544966220855713;-0.1226911172270775;0;0
1016;201;-0.1306947022676468;0.9516897201538086;-0.1263521760702133;0;0
1021;202;-0.1267878264188767;0.9474171996116638;-0.1311132460832596;0;0
1027;203;-0.1227595806121826;0.9389950633049011;-0.1307476162910461;0;0
1036;204;-0.1169000267982483;0.9299615025520325;-0.1377056241035461;0;0
1041;205;-0.1099420115351677;0.9303271174430847;-0.1263521760702133;0;0
1041;206;-0.1050595715641975;0.9280087947845459;-0.1207384541630745;0;0
1046;207;-0.09431757777929306;0.9250790476799011;-0.1189071461558342;0;0
1051;208;-0.07808323949575424;0.9190981388092041;-0.1236666738986969;0;0
1056;209;-0.08137865364551544;0.9221493005752564;-0.1291605830192566;0;0
1061;210;-0.07588629424571991;0.9264218211174011;-0.131846085190773;0;0
1066;211;-0.07014966011047363;0.9259332418441773;-0.1381926238536835;0;0
1074;212;-0.06685269623994827;0.9269103407859802;-0.1439308226108551;0;0
1079;213;-0.061116062104702;0.9243462085723877;-0.1484460681676865;0;0
1084;214;-0.0541580431163311;0.9216607213020325;-0.1524743139743805;0;0
1089;215;-0.04866568744182587;0.9188538789749146;-0.1580895781517029;0;0
1092;216;-0.04854432493448257;0.9173882007598877;-0.1555269956588745;0;0
1097;217;-0.04768857732415199;0.9144600033760071;-0.1573583036661148;0;0
1102;218;-0.0442718043923378;0.9114072918891907;-0.1533300578594208;0;0
1107;219;-0.04195194318890572;0.9057919979095459;-0.1519873142242432;0;0
1112;220;-0.0374351441860199;0.8966370224952698;-0.1508888304233551;0;0
1117;221;-0.03194278851151466;0.8924874663352966;-0.1458834856748581;0;0
1126;222;-0.02242218889296055;0.8907790780067444;-0.1451506465673447;0;0
1131;223;-0.0144870588555932;0.8873607516288757;-0.1416109651327133;0;0
1136;224;-0.01045881304889917;0.8902904987335205;-0.1408781260251999;0;0
1141;225;-0.004599263891577721;0.8959057927131653;-0.1418552398681641;0;0
1142;226;0.003212949726730585;0.902008056640625;-0.1350201368331909;0;0
1147;227;0.006019807886332274;0.9084774851799011;-0.1292819380760193;0;0
1152;228;0.01102516334503889;0.9166569113731384;-0.1237895861268044;0;0
1157;229;0.01163507904857397;0.9233706593513489;-0.1256208866834641;0;0
1162;230;0.01309918891638517;0.9291073083877564;-0.1284277439117432;0;0
1169;231;0.01761598885059357;0.9326469898223877;-0.1300147771835327;0;0
1174;232;0.0198129303753376;0.9370408654212952;-0.12989342212677;0;0
1178;233;0.01639615744352341;0.9387508034706116;-0.1352644115686417;0;0
1184;234;0.01200071722269058;0.9407034516334534;-0.1353857666254044;0;0
1189;235;0.005042697302997112;0.9413133859634399;-0.1361186057329178;0;0
1192;236;-0.0006939349113963544;0.9399706125259399;-0.1411224007606506;0;0
1198;237;-0.009116064757108688;0.9393607378005981;-0.1380712687969208;0;0
1203;238;-0.0271817110478878;0.9420462250709534;-0.1406338512897492;0;0
1208;239;-0.04585883021354675;0.9409477710723877;-0.1483246982097626;0;0
1213;240;-0.05977331474423409;0.9422904849052429;-0.1511315554380417;0;0
1223;241;-0.07832751423120499;0.9471729397773743;-0.1539399772882462;0;0
1223;242;-0.09785883128643036;0.9481500387191773;-0.1540613323450089;0;0
1229;243;-0.1160458326339722;0.946807324886322;-0.1618735492229462;0;0
1234;244;-0.1305717974901199;0.9471729397773743;-0.1672445386648178;0;0
1239;245;-0.1441206336021423;0.9392393827438355;-0.1680987328290939;0;0
1243;246;-0.1557168215513229;0.9327698945999146;-0.1674888134002686;0;0
1248;247;-0.1662145256996155;0.9215393662452698;-0.1731040924787521;0;0
1253;248;-0.175003856420517;0.909943163394928;-0.1729827225208283;0;0
1258;249;-0.1861114799976349;0.9056706428527832;-0.1748124808073044;0;0
1263;250;-0.1916053891181946;0.9033507704734802;-0.1788407266139984;0;0
1270;251;-0.1949008107185364;0.9038393497467041;-0.1822590529918671;0;0
1277;252;-0.1935580521821976;0.9131172299385071;-0.1829918771982193;0;0
1281;253;-0.1968534737825394;0.9189752340316773;-0.1838460713624954;0;0
1285;254;-0.1979519426822662;0.9297171831130981;-0.183480441570282;0;0
1289;255;-0.1958779096603394;0.9394820928573608;-0.183480441570282;0;0
1294;256;-0.1887969821691513;0.9443660974502564;-0.1767666935920715;0;0
1298;257;-0.1858672052621841;0.9474171996116638;-0.1689544767141342;0;0
1303;258;-0.1775679886341095;0.9509568810462952;-0.1652918756008148;0;0
1308;259;-0.1659702509641647;0.9515668153762817;-0.1649262309074402;0;0
1318;260;-0.1576710343360901;0.9591347575187683;-0.162240743637085;0;0
1323;261;-0.144609197974205;0.9546195268630981;-0.1633392125368118;0;0
1327;262;-0.126299262046814;0.9485157132148743;-0.1600438058376312;0;0
1331;263;-0.1126275062561035;0.9485157132148743;-0.1560155600309372;0;0
1335;264;-0.1066465973854065;0.945464551448822;-0.1557712703943253;0;0
1339;265;-0.09285347163677216;0.9505912661552429;-0.1493018120527268;0;0
1344;266;-0.08247712254524231;0.9551064968109131;-0.1389254629611969;0;0
1349;267;-0.07027102261781693;0.958403468132019;-0.1307476162910461;0;0
1355;268;-0.06380155682563782;0.9645057320594788;-0.118539959192276;0;0
1359;269;-0.05513515323400497;0.9736607074737549;-0.1088979914784432;0;0
1367;270;-0.04305041581392288;0.9830599427223206;-0.1048697456717491;0;0
1369;271;-0.04036491736769676;0.986112654209137;-0.1030384451150894;0;0
1377;272;-0.03902217000722885;0.9949004054069519;-0.09656897932291031;0;0
1382;273;-0.03670386597514153;1.001737117767334;-0.09388348460197449;0;0
1385;274;-0.0374351441860199;1.006130933761597;-0.09107507020235062;0;0
1390;275;-0.03816797584295273;1.011257648468018;-0.08387432992458344;0;0
1395;276;-0.03670386597514153;1.013698935508728;-0.08033463358879089;0;0
1400;277;-0.03780233860015869;1.00735080242157;-0.07374225556850433;0;0
1405;278;-0.03975500166416168;1.000881314277649;-0.07191095501184464;0;0
1418;279;-0.0356038399040699;1.003566861152649;-0.06946973502635956;0;0
1418;280;-0.03658095002174377;0.9997828602790833;-0.07056820392608643;0;0
1424;281;-0.03621531277894974;0.9870882034301758;-0.07044684141874313;0;0
1429;282;-0.03609239682555199;0.9798858761787415;-0.07789342105388641;0;0
1434;283;-0.03987636417150497;0.9687782526016235;-0.08009035885334015;0;0
1435;284;-0.04268477857112885;0.955595076084137;-0.08436287939548492;0;0
1440;285;-0.04109775274991989;0.9420462250709534;-0.08607126772403717;0;0
1445;286;-0.02303210459649563;0.9192194938659668;-0.0798460841178894;0;0
1450;287;-0.02925729192793369;0.9038393497467041;-0.07825905829668045;0;0
1455;288;-0.03890081122517586;0.8959057927131653;-0.08228730410337448;0;0
1468;289;-0.02681607194244862;0.8937088251113892;-0.07459644973278046;0;0
1468;290;-0.02095652371644974;0.8954172134399414;-0.07093539834022522;0;0
1472;291;-0.01216719951480627;0.9005439281463623;-0.07166667282581329;0;0
1477;292;-0.002036683494225144;0.9083561301231384;-0.07154531031847;0;0
1481;293;0.01541904732584953;0.9145813584327698;-0.07069111615419388;0;0
1486;294;0.02921217121183872;0.9275202751159668;-0.07581783831119537;0;0
1491;295;0.04044271260499954;0.9388721585273743;-0.07789342105388641;0;0
1496;296;0.05057322978973389;0.9497370719909668;-0.07886897027492523;0;0
1501;297;0.06778468191623688;0.9586477875709534;-0.07642775028944016;0;0
1506;298;0.08218927681446075;0.9592576622962952;-0.07862469553947449;0;0
1514;299;0.09195415675640106;0.9581592082977295;-0.08253157883882523;0;0
1519;300;0.09622667729854584;0.9547408819198608;-0.09058807045221329;0;0
1524;301;0.1050160005688667;0.9549851417541504;-0.08594835549592972;0;0
1528;302;0.1089213341474533;0.9488813281059265;-0.08851248770952225;0;0
1531;303;0.1075785830616951;0.9358210563659668;-0.09241782128810883;0;0
1536;304;0.1074572205543518;0.9319141507148743;-0.09278500825166702;0;0
1541;305;0.09952209144830704;0.9248347878456116;-0.09351784735918045;0;0
1546;306;0.09280835092067719;0.9193423986434937;-0.09058807045221329;0;0
1551;307;0.08682744204998016;0.9143370389938355;-0.08118882775306702;0;0
1558;308;0.08096788823604584;0.9100645184516907;-0.07569491863250732;0;0
1562;309;0.07339995354413986;0.9110416173934937;-0.07520791888237;0;0
1572;310;0.06400071829557419;0.9147027134895325;-0.07911325246095657;0;0
1573;311;0.05557858571410179;0.9190981388092041;-0.07764913886785507;0;0
1578;312;0.04959767684340477;0.9256889820098877;-0.07728194445371628;0;0
1582;313;0.04398240521550179;0.9365538954734802;-0.07142395526170731;0;0
1587;314;0.03470608219504356;0.9475385546684265;-0.06690715253353119;0;0
1592;315;0.02408545464277268;0.9608446955680847;-0.05689799785614014;0;0
1597;316;0.01407629903405905;0.9710981249809265;-0.04823003336787224;0;0
1602;317;0.007241195533424616;0.9812286496162415;-0.04298195615410805;0;0
1612;318;0.003334310604259372;0.9989286661148071;-0.0344369113445282;0;0
1612;319;0.004311420954763889;1.010769128799439;-0.02711325138807297;0;0
1617;320;0.005042697302997112;1.028957724571228;-0.01429568137973547;0;0
1626;321;0.008461027406156063;1.042385220527649;-0.01832392811775208;0;0
1627;322;0.01798162795603275;1.051905751228333;-0.01258729491382837;0;0
1632;323;0.02689386904239655;1.059473752975464;-0.01246593426913023;0;0
1637;324;0.03702438622713089;1.065821766853333;-0.01185446232557297;0;0
1642;325;0.05216025561094284;1.069848537445068;-0.01368576567620039;0;0
1647;326;0.07144729048013687;1.070825576782227;-0.01502851489931345;0;0
1652;327;0.09341982007026672;1.063867568969727;-0.01429568137973547;0;0
1660;328;0.1195419579744339;1.062280535697937;-0.01637126319110394;0;0
1664;329;0.1451755464076996;1.061793565750122;-0.01307584997266531;0;0
1670;330;0.1800854504108429;1.062159180641174;-0.009901798330247402;0;0
1674;331;0.2162167429924011;1.069605827331543;-0.01002471428364515;0;0
1678;332;0.2486869841814041;1.080713391304016;-0.008924687281250954;0;0
1683;333;0.2865282297134399;1.096826434135437;-0.01112318597733975;0;0
1688;334;0.3204625844955444;1.107689738273621;-0.01014607585966587;0;0
1693;335;0.3457289636135101;1.111839294433594;-0.009536159224808216;0;0
1698;336;0.3705083429813385;1.113426327705383;-0.01136746350675821;0;0
1704;337;0.3904052972793579;1.108055353164673;-0.008437688462436199;0;0
1709;338;0.4103022515773773;1.095483660697937;-0.01100026909261942;0;0
1718;339;0.4288564622402191;1.078637838363648;-0.009536159224808216;0;0
1719;340;0.4367900192737579;1.059473752975464;-0.005140719935297966;0;0
1723;341;0.4309320449829102;1.039455413818359;-0.003310972126200795;0;0
1728;342;0.421777069568634;1.015285968780518;-0.002943777712062001;0;0
1733;343;0.4095694124698639;0.9848912358283997;-0.001968223601579666;0;0
1738;344;0.3882083594799042;0.9586477875709534;-0.003920888062566519;0;0
1743;345;0.367335855960846;0.9393607378005981;-0.002578139305114746;0;0
1748;346;0.3493915796279907;0.9197080731391907;-0.01490715332329273;0;0
1757;347;0.3260762989521027;0.9007881879806519;-0.03175141289830208;0;0
1763;348;0.3094763159751892;0.8825996518135071;-0.05091553181409836;0;0
1767;349;0.2897007167339325;0.8701492547988892;-0.06861554086208344;0;0
1772;350;0.272002249956131;0.8555019497871399;-0.0817987471818924;0;0
1774;351;0.2555221021175385;0.8467126488685608;-0.09058807045221329;0;0
1779;352;0.2375793606042862;0.8409759998321533;-0.1038926392793655;0;0
1784;353;0.2189022451639175;0.8280370831489563;-0.1163430139422417;0;0
1789;354;0.2023022621870041;0.8183935284614563;-0.1250094175338745;0;0
1794;355;0.1867991983890533;0.8077729344367981;-0.1292819380760193;0;0
1799;356;0.1756915599107742;0.8016706705093384;-0.1324559897184372;0;0
1806;357;0.1594572216272354;0.7975195050239563;-0.1400239318609238;0;0
1811;358;0.149813711643219;0.7941027283668518;-0.1422208696603775;0;0
1816;359;0.1479824036359787;0.7987408638000488;-0.1402682065963745;0;0
1821;360;0.1463953703641892;0.8108256459236145;-0.1324559897184372;0;0
1824;361;0.1499350666999817;0.8297454714775085;-0.1224468424916267;0;0
1829;362;0.1485923230648041;0.8501309752464294;-0.1190285086631775;0;0
1834;363;0.150790810585022;0.8741775155067444;-0.1237895861268044;0;0
1839;364;0.1553060561418533;0.9009096026420593;-0.1279391944408417;0;0
1844;365;0.1612885296344757;0.930205762386322;-0.13782699406147;0;0
1850;366;0.1682449877262116;0.9526652693748474;-0.1541842520236969;0;0
1859;367;0.1695877313613892;0.9756149649620056;-0.1798178255558014;0;0
1861;368;0.1722732335329056;0.9925820827484131;-0.2030102014541626;0;0
1866;369;0.1745930910110474;1.005765318870544;-0.2209544777870178;0;0
1870;370;0.1741045415401459;1.01540732383728;-0.2354804426431656;0;0
1875;371;0.1742274612188339;1.012844681739807;-0.2536674439907074;0;0
1880;372;0.1743488162755966;1.004178285598755;-0.264288067817688;0;0
1886;373;0.1776442229747772;0.9870882034301758;-0.2724659144878388;0;0
1891;374;0.1758129298686981;0.9641401171684265;-0.2761285305023193;0;0
1896;375;0.1742274612188339;0.9388721585273743;-0.2664850056171417;0;0
1901;376;0.1720289587974548;0.9170225858688355;-0.2585498988628388;0;0
1907;377;0.1760572046041489;0.8918775320053101;-0.2432926446199417;0;0
1912;378;0.1767900288105011;0.8680737018585205;-0.222784236073494;0;0
1917;379;0.1760572046041489;0.8469569087028503;-0.2058170586824417;0;0
1922;380;0.1811839193105698;0.8270599842071533;-0.1916582882404327;0;0
1926;381;0.1828938573598862;0.8102157115936279;-0.1767666935920715;0;0
1931;382;0.1871663928031921;0.7950782775878906;-0.1724941730499268;0;0
1935;383;0.1933915764093399;0.7903187274932861;-0.170297235250473;0;0
1940;384;0.1997381150722504;0.7972752451896668;-0.1771323382854462;0;0
1946;385;0.2029121667146683;0.8086286783218384;-0.1881186068058014;0;0
1952;386;0.2036450058221817;0.8275485038757324;-0.1980048418045044;0;0
1957;387;0.2042549252510071;0.8419515490531921;-0.2100895792245865;0;0
1963;388;0.2019350677728653;0.8512294292449951;-0.2207102030515671;0;0
1967;389;0.2129213362932205;0.8690508008003235;-0.237798735499382;0;0
1971;390;0.2292785942554474;0.8924874663352966;-0.2631896138191223;0;0
1976;391;0.234526664018631;0.909943163394928;-0.2971223890781403;0;0
1981;392;0.2319640815258026;0.9260561466217041;-0.3410674631595612;0;0
1986;393;0.2272030115127564;0.9477828741073608;-0.359621673822403;0;0
1991;394;0.2270816415548325;0.9720736742019653;-0.3735361397266388;0;0
2004;395;0.2284244000911713;0.986112654209137;-0.3853766024112701;0;0
2004;396;0.1815511137247086;0.9309386014938355;-0.4516582787036896;0;0
2009;397;0.0401984378695488;0.7806752324104309;-0.5742124915122986;0;0
2016;398;0.06046102568507195;0.768224835395813;-0.5505315661430359;0;0
2022;399;0.139437347650528;0.8319423794746399;-0.4956018030643463;0;0
2022;400;0.1728847026824951;0.8760088086128235;-0.4689926505088806;0;0
2029;401;0.1677579879760742;0.9078676104545593;-0.4608132541179657;0;0
2032;402;0.1564045250415802;0.9338683485984802;-0.4661842286586762;0;0
2036;403;0.1505465358495712;0.9497370719909668;-0.4744850099086762;0;0
2041;404;0.1528648436069489;0.950102686882019;-0.4769262373447418;0;0
2051;405;0.1472495645284653;0.9502241015434265;-0.4802216291427612;0;0
2055;406;0.1448083519935608;0.9430233240127564;-0.4854712784290314;0;0
2057;407;0.1654381304979324;0.9354553818702698;-0.4964575469493866;0;0
2066;408;0.2069404125213623;0.9461958408355713;-0.5200155377388001;0;0
2067;409;0.3169213235378265;1.1108638048172;-0.3726819455623627;0;0
2072;410;0.3200953900814056;1.318009614944458;0.1962668895721436;0;0
2077;411;0.1108739972114563;1.005521059036255;-0.2568415105342865;0;0
2082;412;0.001258729491382837;0.7998393774032593;-0.496700257062912;0;0
2087;413;-0.05672217905521393;0.6737454533576965;-0.5672544836997986;0;0
2092;414;-0.08150156587362289;0.5738950967788696;-0.5947193503379822;0;0
2103;415;-0.05867484211921692;0.5153042674064636;-0.5945979952812195;0;0
2111;416;-0.03291834518313408;0.4800271391868591;-0.5827575325965881;0;0
2111;417;-0.01692827790975571;0.4663553833961487;-0.565301775932312;0;0
2118;418;-0.0094817029312253;0.4757546186447144;-0.544062077999115;0;0
2118;419;-0.004843541420996189;0.4967500567436218;-0.5192826986312866;0;0
2124;420;-0.0105817299336195;0.5242149233818054;-0.5136674642562866;0;0
2131;421;-0.01741683296859264;0.5602233409881592;-0.5134246945381165;0;0
2133;422;-0.02217791043221951;0.591716468334198;-0.5063437819480896;0;0
2138;423;-0.02059088461101055;0.6217454671859741;-0.4957247078418732;0;0
2149;424;-0.03682522848248482;0.6381027102470398;-0.5039025545120239;0;0
2149;425;-0.05196110159158707;0.6406652927398682;-0.5145232081413269;0;0
2153;426;-0.06209317222237587;0.6363927721977234;-0.5139117240905762;0;0
2163;427;-0.06575422734022141;0.6265050172805786;-0.5270949006080627;0;0
2163;428;-0.06575422734022141;0.6153973340988159;-0.540401041507721;0;0
2168;429;-0.07381071150302887;0.6097820997238159;-0.5469918847084045;0;0
2173;430;-0.06880691647529602;0.5962332487106323;-0.5484575629234314;0;0
2178;431;-0.06270308792591095;0.5891538858413696;-0.5457720160484314;0;0
2183;432;-0.05330384895205498;0.5940362811088562;-0.5314903855323792;0;0
2188;433;-0.03597103431820869;0.6106378436088562;-0.5086636543273926;0;0
2197;434;0.001747284550219774;0.6495760083198547;-0.470578134059906;0;0
2203;435;0.07315567880868912;0.7342904806137085;-0.4224849939346314;0;0
2208;436;0.173983171582222;0.8750317096710205;-0.3701193630695343;0;0
2212;437;0.30239537358284;1.086573004722595;-0.3284941613674164;0;0
2217;438;0.4344717264175415;1.398694276809692;-0.3629170656204224;0;0
2219;439;0.464010626077652;1.742677569389343;-0.5032926201820374;0;0
2224;440;0.4832976758480072;2.061268329620361;-0.722278892993927;0;0
2229;441;0.4037114381790161;2.365090370178223;-0.8537437915802002;0;0
2234;442;0.2981244027614594;2.630463123321533;-0.7816025614738464;0;0
2239;443;0.219390794634819;2.718715667724609;-0.6238941550254822;0;0
2246;444;0.04996331408619881;2.557833194732666;-0.4846170842647553;0;0
2250;445;0.05777552723884583;2.218001127243042;-0.3182407319545746;0;0
2255;446;0.2960488200187683;1.790160775184631;-0.1151231825351715;0;0
2259;447;0.4706030189990997;1.374282121658325;0.01292492728680372;0;0
2264;448;0.4886686503887177;1.023463726043701;0.08933711796998978;0;0
2269;449;0.4049312472343445;0.7355103492736816;0.15952567756176;0;0
2274;450;0.3006869852542877;0.5078576803207398;0.2059104144573212;0;0
2279;451;0.2298884987831116;0.3300080597400665;0.2342294901609421;0;0
2284;452;0.1982740163803101;0.192073717713356;0.2509523928165436;0;0
2290;453;0.1741045415401459;0.1025981232523918;0.2610844671726227;0;0
2299;454;0.1516450047492981;0.04718135297298431;0.2643798589706421;0;0
2303;455;0.1586030274629593;0.08538667112588882;0.2666997313499451;0;0
2308;456;0.1632411926984787;0.1710782945156097;0.2303241640329361;0;0
2309;457;0.1437098830938339;0.2183172106742859;0.1613569855690002;0;0
2314;458;0.09170988202095032;0.244560718536377;0.085064597427845;0;0
2320;459;0.02481828629970551;0.274101197719574;0.01731881126761437;0;0
2325;460;-0.02693743444979191;0.3036416471004486;-0.03638957440853119;0;0
2329;461;-0.06306872516870499;0.3381859064102173;-0.06043768674135208;0;0
2334;462;-0.08601836860179901;0.3820080757141113;-0.06336746364831924;0;0
2342;463;-0.1034725457429886;0.4365706443786621;-0.07532928138971329;0;0
2347;464;-0.1084778979420662;0.5011439323425293;-0.06776134669780731;0;0
2352;465;-0.110797755420208;0.5786561369895935;-0.05201400071382523;0;0
2355;466;-0.1172672212123871;0.6660546064376831;-0.04701020196080208;0;0
2360;467;-0.1177542209625244;0.7661492824554443;-0.04554453492164612;0;0
2366;468;-0.1106748431921005;0.8785713911056519;-0.03931934759020805;0;0
2371;469;-0.1031069085001946;0.9831828474998474;-0.042737677693367;0;0
2375;470;-0.08174584805965424;1.060572147369385;-0.005384997464716435;0;0
2380;471;-0.05391376465559006;1.124901175498962;0.01878292113542557;0;0
2393;472;-0.06587713956832886;1.175192832946777;-0.03980790451169014;0;0
2399;473;-0.1444878280162811;1.193989753723145;-0.13782699406147;0;0
2399;474;-0.1886756122112274;1.187033295631409;-0.2161934077739716;0;0
2405;475;-0.1855015605688095;1.169698834419251;-0.2653865516185761;0;0
2408;476;-0.1681687533855438;1.129904985427856;-0.2911414802074432;0;0
2412;477;-0.1671916395425797;1.103172898292542;-0.2863819599151611;0;0
2416;478;-0.1728069186210632;1.095727920532227;-0.2652636170387268;0;0
2421;479;-0.167070284485817;1.106225609779358;-0.2334048599004746;0;0
2426;480;-0.1557168215513229;1.112327933311462;-0.1906811743974686;0;0
2431;481;-0.1424122452735901;1.108299612998962;-0.1543056070804596;0;0
2436;482;-0.130450427532196;1.097070693969727;-0.1209827288985252;0;0
2445;483;-0.1258107125759125;1.080469131469727;-0.09498195350170136;0;0
2449;484;-0.1243466064333916;1.062769174575806;-0.06812698394060135;0;0
2451;485;-0.1271534562110901;1.047877550125122;-0.04408042505383492;0;0
2456;486;-0.1297176033258438;1.031031727790833;-0.02638041786849499;0;0
2461;487;-0.1356985121965408;1.014431715011597;-0.01307584997266531;0;0
2466;488;-0.136308416724205;1.003566861152649;-0.01734837330877781;0;0
2471;489;-0.1347213983535767;0.9918493032455444;-0.03834379464387894;0;0
2476;490;-0.1243466064333916;0.9804973602294922;-0.06678423285484314;0;0
2481;491;-0.107135146856308;0.968047022819519;-0.1012071445584297;0;0
2488;492;-0.09480613470077515;0.950102686882019;-0.135751411318779;0;0
2493;493;-0.08150156587362289;0.931182861328125;-0.1582124978303909;0;0
2498;494;-0.07332371920347214;0.9048164486885071;-0.1735926419496536;0;0
2503;495;-0.06843972206115723;0.8752759695053101;-0.1826246827840805;0;0
2507;496;-0.06477867066860199;0.8349950909614563;-0.1859216541051865;0;0
2512;497;-0.06526722759008408;0.800937831401825;-0.1757895797491074;0;0
2517;498;-0.07014966011047363;0.7634637951850891;-0.1644376814365387;0;0
2522;499;-0.0694168284535408;0.728430986404419;-0.1494231671094894;0;0
2527;500;-0.06587713956832886;0.7004775404930115;-0.1305033266544342;0;0
2536;501;-0.0679527223110199;0.6820462346076965;-0.1171972081065178;0;0
2538;502;-0.05916339904069901;0.6803362965583801;-0.1176857650279999;0;0
2543;503;-0.04549163579940796;0.7045057415962219;-0.1253766119480133;0;0
2548;504;-0.03536111861467362;0.7568714022636414;-0.12989342212677;0;0
2552;505;-0.02120080031454563;0.8163179755210877;-0.1336773782968521;0;0
2557;506;-0.00691912230104208;0.8738119006156921;-0.1538170576095581;0;0
2562;507;-0.003989347722381353;0.9193423986434937;-0.1666346192359924;0;0
2567;508;-0.0122901163995266;0.9446103572845459;-0.164193406701088;0;0
2572;509;-0.02693743444979191;0.9387508034706116;-0.1656575202941895;0;0
2577;510;-0.0356038399040699;0.914946973323822;-0.1623620986938477;0;0
2582;511;-0.03487256541848183;0.8791828751564026;-0.16101935505867;0;0
2591;512;-0.02535040676593781;0.862337052822113;-0.1580895781517029;0;0
2596;513;-0.01558552961796522;0.8555019497871399;-0.1599208861589432;0;0
2600;514;-0.0144870588555932;0.8644126653671265;-0.1516201198101044;0;0
2602;515;-0.01985805295407772;0.8930973410606384;-0.1423437893390656;0;0
2607;516;-0.02278782799839973;0.9212951064109802;-0.1330659091472626;0;0
2613;517;-0.02779162675142288;0.9482713937759399;-0.1324559897184372;0;0
2618;518;-0.03304126113653183;0.9879423975944519;-0.131723165512085;0;0
2623;519;-0.03389545530080795;1.015895843505859;-0.1391697376966476;0;0
2628;520;-0.03548248112201691;1.039332509040833;-0.1501560062170029;0;0
2637;521;-0.03902217000722885;1.060450792312622;-0.1588224172592163;0;0
2643;522;-0.04085347428917885;1.068628668785095;-0.1618735492229462;0;0
2648;523;-0.04305041581392288;1.065943121910095;-0.1562582701444626;0;0
2652;524;-0.04683438315987587;1.046411871910095;-0.1585781276226044;0;0
2653;525;-0.04720157757401466;1.008327841758728;-0.158943772315979;0;0
2658;526;-0.04622446745634079;0.970853865146637;-0.1608979851007462;0;0
2663;527;-0.05244965478777885;0.9245904684066773;-0.1706628650426865;0;0
2668;528;-0.03963208571076393;0.8815011978149414;-0.1683430075645447;0;0
2673;529;-0.03536111861467362;0.8487882018089294;-0.1596766114234924;0;0
2683;530;-0.04378324747085571;0.828158438205719;-0.1555269956588745;0;0
2688;531;-0.05440232157707214;0.8164408802986145;-0.1533300578594208;0;0
2689;532;-0.06270308792591095;0.8179050087928772;-0.1565025597810745;0;0
2698;533;-0.05293821170926094;0.834139347076416;-0.1579682230949402;0;0
2699;534;-0.04976416006684303;0.8625813126564026;-0.1700529605150223;0;0
2703;535;-0.05428095906972885;0.8977355360984802;-0.1931224018335342;0;0
2709;536;-0.05769773200154305;0.944121778011322;-0.2131422609090805;0;0
2714;537;-0.06392447650432587;0.9964874386787415;-0.2319391965866089;0;0
2719;538;-0.06746416538953781;1.049464583396912;-0.2509819567203522;0;0
2724;539;-0.07759468257427216;1.0899897813797;-0.2619682252407074;0;0
2732;540;-0.08931378275156021;1.111839294433594;-0.2656308114528656;0;0
2737;541;-0.0982244685292244;1.112572193145752;-0.2673391997814179;0;0
2742;542;-0.101154237985611;1.092065334320068;-0.2570857703685761;0;0
2745;543;-0.1020084321498871;1.067530155181885;-0.2369445413351059;0;0
2749;544;-0.1065252348780632;1.049953103065491;-0.2164376825094223;0;0
2754;545;-0.1068908721208572;1.033840179443359;-0.1958079040050507;0;0
2759;546;-0.1043282896280289;1.018581390380859;-0.1826246827840805;0;0
2764;547;-0.1056710407137871;1.002712607383728;-0.1731040924787521;0;0
2769;548;-0.1134832575917244;1.003079771995544;-0.1544285267591476;0;0
2774;549;-0.1172672212123871;1.001858472824097;-0.147104874253273;0;0
2781;550;-0.1275206506252289;1.005153894424439;-0.1444193720817566;0;0
2786;551;-0.1416794210672379;1.032741665840149;-0.1402682065963745;0;0
2791;552;-0.1483931541442871;1.058496594429016;-0.1351414918899536;0;0
2796;553;-0.1510786563158035;1.093652367591858;-0.1306246966123581;0;0
2800;554;-0.1432664394378662;1.141745448112488;-0.1350201368331909;0;0
2805;555;-0.1341114789247513;1.194601178169251;-0.135874330997467;0;0
2810;556;-0.1250794380903244;1.251360654830933;-0.1352644115686417;0;0
2816;557;-0.1166557520627976;1.310930252075195;-0.1276949197053909;0;0
2820;558;-0.09566032886505127;1.369399666786194;-0.1059682220220566;0;0
2829;559;-0.07478782534599304;1.416638612747192;-0.06837125867605209;0;0
2835;560;-0.04646874591708183;1.458873748779297;-0.01722545549273491;0;0
2835;561;-0.007163399830460548;1.489756941795349;0.04502797499299049;0;0
2845;562;0.02481828629970551;1.506112575531006;0.08799437433481216;0;0
2845;563;0.07620836794376373;1.511117935180664;0.1044745445251465;0;0
2850;564;0.1618984341621399;1.496957659721375;0.1028875187039375;0;0
2855;565;0.2283014804124832;1.446910381317139;0.09153562039136887;0;0
2860;566;0.2806686758995056;1.368543863296509;0.07932796329259872;0;0
2865;567;0.3164343237876892;1.275774478912354;0.0700516402721405;0;0
2870;568;0.3434106707572937;1.161765336990356;0.06785470247268677;0;0
2878;569;0.373072475194931;1.051417231559753;0.0701730027794838;0;0
2883;570;0.3923579752445221;0.9576706290245056;0.07969515770673752;0;0
2888;571;0.4198228418827057;0.8699049949645996;0.07359132915735245;0;0
2893;572;0.4311763048171997;0.8047217726707459;0.06565620005130768;0;0
2896;573;0.4487534165382385;0.7576042413711548;0.04783483222126961;0;0
2901;574;0.4876915514469147;0.7231813073158264;0.01133790053427219;0;0
2906;575;0.4796350598335266;0.6988905072212219;-0.01807964965701103;0;0
2911;576;0.4941610097885132;0.6893699169158936;-0.06715142726898193;0;0
2916;577;0.5068572163581848;0.6980363130569458;-0.1198827028274536;0;0
2922;578;0.4966022372245789;0.7151248455047607;-0.1865315735340118;0;0
2929;579;0.4797579646110535;0.7471064925193787;-0.2475636154413223;0;0
2935;580;0.3963862061500549;0.7788439393043518;-0.3004193603992462;0;0
2940;581;0.4162831604480743;0.8042332530021668;-0.3811040818691254;0;0
2944;582;0.5426213145256043;0.8262057900428772;-0.4368880391120911;0;0
2946;583;0.5794854760169983;0.8369477391242981;-0.4570292830467224;0;0
2951;584;0.5633724927902222;0.8432943224906921;-0.4578834772109985;0;0
2956;585;0.5429885387420654;0.8461027145385742;-0.4350582957267761;0;0
2961;586;0.4922083616256714;0.8550134301185608;-0.3856208920478821;0;0
2966;587;0.4168946444988251;0.8839424252510071;-0.3184850215911865;0;0
2976;588;0.3489030003547669;0.9326469898223877;-0.2386529296636581;0;0
2976;589;0.3004426956176758;0.9725622534751892;-0.170297235250473;0;0
2986;590;0.2573533952236176;1.001858472824097;-0.1142689883708954;0;0
2990;591;0.2062075883150101;1.024317979812622;-0.06751706451177597;0;0
2992;592;0.1648282110691071;1.041408061981201;-0.03370407596230507;0;0
2997;593;0.09366254508495331;1.030177474021912;-0.007339217700064182;0;0
3002;594;-0.01192447822540999;0.9997828602790833;0.003281409852206707;0;0
3007;595;-0.1043282896280289;0.9631630182266235;0.002548577031120658;0;0
3012;596;-0.2245626300573349;0.931548535823822;-0.03431554883718491;0;0
3017;597;-0.3528534770011902;0.9114072918891907;-0.07569491863250732;0;0
3030;598;-0.4689382016658783;0.889069139957428;-0.1140247136354446;0;0
3030;599;-0.5674458146095276;0.8673424124717712;-0.146981954574585;0;0
3037;600;-0.6203000545501709;0.8380462527275085;-0.183480441570282;0;0
3044;601;-0.6276236772537231;0.813876748085022;-0.2060613334178925;0;0
3044;602;-0.5901496410369873;0.7897073030471802;-0.229865163564682;0;0
3051;603;-0.5463290810585022;0.7565057873725891;-0.2479308098554611;0;0
3053;604;-0.5092206597328186;0.7287966012954712;-0.2689262330532074;0;0
3058;605;-0.4519710242748261;0.6938866972923279;-0.3065216243267059;0;0
3063;606;-0.3875206410884857;0.6393225789070129;-0.3796399831771851;0;0
3068;607;-0.2993893623352051;0.6128348112106323;-0.4595934152603149;0;0
3075;608;-0.2162618637084961;0.6287034749984741;-0.5023155212402344;0;0
3080;609;-0.1702427715063095;0.6630035042762756;-0.5071979761123657;0;0
3086;610;-0.1502244621515274;0.7170790433883667;-0.4558094441890717;0;0
3090;611;-0.1358214318752289;0.7624866962432861;-0.3927002549171448;0;0
3093;612;-0.130327507853508;0.726111114025116;-0.4291987419128418;0;0
3098;613;-0.1189756095409393;0.6545813679695129;-0.5056124925613403;0;0
3103;614;-0.06831835955381393;0.649941623210907;-0.5071979761123657;0;0
3108;615;-0.0442718043923378;0.6610507965087891;-0.4964575469493866;0;0
3113;616;-0.0490313246846199;0.6752095818519592;-0.5004857778549194;0;0
3119;617;-0.04720157757401466;0.6951065063476563;-0.4995086789131165;0;0
3126;618;-0.03511684015393257;0.7051156759262085;-0.4863254725933075;0;0
3132;619;-0.02132216282188892;0.7051156759262085;-0.4683811664581299;0;0
3141;620;-0.01106872875243425;0.6982805728912354;-0.4372552335262299;0;0
3141;621;-0.0122901163995266;0.6847317218780518;-0.4002681970596314;0;0
3152;622;-0.02815882116556168;0.6637362837791443;-0.3714605569839478;0;0
3152;623;-0.02596187964081764;0.6444492936134338;-0.3580346405506134;0;0
3156;624;-0.01412141975015402;0.6183271408081055;-0.3497338593006134;0;0
3159;625;0.004311420954763889;0.5895195007324219;-0.3476582765579224;0;0
3163;626;0.01480913162231445;0.5685240626335144;-0.3479025661945343;0;0
3172;627;0.0149304922670126;0.5430118441581726;-0.3525407314300537;0;0
3174;628;0.01187935657799244;0.524824857711792;-0.365358293056488;0;0
3182;629;0.009682415053248406;0.510543167591095;-0.3851323127746582;0;0
3192;630;0.008095389232039452;0.5027309656143189;-0.4022224247455597;0;0
3192;631;-0.002280961023643613;0.4960172176361084;-0.4150384366512299;0;0
3194;632;-0.004233625251799822;0.5039507746696472;-0.4307857751846314;0;0
3199;633;-8.401902596233413e-05;0.5233607292175293;-0.442014753818512;0;0
3204;634;0.00650836294516921;0.5472843647003174;-0.4553208947181702;0;0
3209;635;0.01407629903405905;0.5632759928703308;-0.4735079109668732;0;0
3235;636;0.02286562323570252;0.5588805675506592;-0.4815643727779388;0;0
3235;637;0.06693048775196075;0.5642515420913696;-0.4497056305408478;0;0
3235;638;0.1196633204817772;0.5775576829910278;-0.3862307965755463;0;0
3235;639;0.1559175252914429;0.6091721653938294;-0.3132353723049164;0;0
3235;640;0.1819167584180832;0.6556798219680786;-0.269291877746582;0;0
3241;641;0.1897289603948593;0.7209843993186951;-0.2471979856491089;0;0
3245;642;0.1896076053380966;0.8122897148132324;-0.2547659277915955;0;0
3250;643;0.1866778284311295;0.923247754573822;-0.291752964258194;0;0
3255;644;0.1853350847959518;1.049585938453674;-0.3587659001350403;0;0
3259;645;0.156771719455719;1.199604988098145;-0.458616316318512;0;0
3267;646;0.1228373721241951;1.351576685905457;-0.5570010542869568;0;0
3272;647;0.08658315986394882;1.491465330123901;-0.6386644244194031;0;0
3278;648;0.0519159808754921;1.596319556236267;-0.6810209155082703;0;0
3283;649;0.02262134477496147;1.647343993186951;-0.696401059627533;0;0
3285;650;-0.01851530373096466;1.601813435554504;-0.6943254470825195;0;0
3290;651;-0.09395194053649902;1.47400963306427;-0.6878560185432434;0;0
3295;652;-0.1132389754056931;1.373060703277588;-0.6635651588439941;0;0
3300;653;-0.03670386597514153;1.329727172851563;-0.6169361472129822;0;0
3305;654;0.04337248951196671;1.320085167884827;-0.5648132562637329;0;0
3310;655;0.0736442357301712;1.365371465682983;-0.5135460495948792;0;0
3316;656;0.06741904467344284;1.463877558708191;-0.4753392040729523;0;0
3321;657;0.06217096745967865;1.590582847595215;-0.4445788860321045;0;0
3327;658;0.09683659672737122;1.717775225639343;-0.4111331105232239;0;0
3330;659;0.1424900442361832;1.820188164710999;-0.3782972097396851;0;0
3335;660;0.1463953703641892;1.898554563522339;-0.3551048636436462;0;0
3340;661;0.1311381459236145;1.936272978782654;-0.3221460580825806;0;0
3345;662;0.126254141330719;1.92003858089447;-0.2742972373962402;0;0
3350;663;0.1184419319033623;1.822385191917419;-0.2163147628307343;0;0
3355;664;0.09622667729854584;1.632085204124451;-0.1245224177837372;0;0
3361;665;0.07156865298748016;1.418225646018982;-0.01856820471584797;0;0
3366;666;0.07559689879417419;1.206562995910645;0.0649249255657196;0;0
3371;667;0.0670534074306488;1.012844681739807;0.1032531633973122;0;0
3377;668;0.0602167472243309;0.8542805910110474;0.1103325411677361;0;0
3381;669;0.06314652413129807;0.7316049933433533;0.1114310100674629;0;0
3386;670;0.07559689879417419;0.6457920074462891;0.100323386490345;0;0
3391;671;0.0820663645863533;0.567791223526001;0.07371269166469574;0;0
3396;672;0.07413278520107269;0.5024867057800293;0.03587301447987557;0;0
3401;673;0.0569213330745697;0.4484111070632935;0.007309655193239451;0;0
3406;674;0.03275186195969582;0.3947027027606964;-0.01612698473036289;0;0
3415;675;-0.0005710182012990117;0.3359889686107636;-0.04627737030386925;0;0
3419;676;0.002724394667893648;0.2850874364376068;-0.06214607506990433;0;0
3423;677;0.02079004049301148;0.2156317234039307;-0.06568576395511627;0;0
3427;678;0.0298220869153738;0.1322599500417709;-0.07191095501184464;0;0
3432;679;0.03446180373430252;0.05450500920414925;-0.07606211304664612;0;0
3437;680;0.01248927228152752;-0.001034678774885833;-0.06727278977632523;0;0
3442;681;-0.05574506893754005;-0.01580491289496422;-0.05762927234172821;0;0
3446;682;-0.1121405065059662;-0.00408736988902092;-0.03358271718025208;0;0
3452;683;-0.159867987036705;0.03216683864593506;-0.01466287579387426;0;0
3457;684;-0.194167971611023;0.1094347834587097;0.0007172735640779138;0;0
3464;685;-0.1907496452331543;0.2133118659257889;0.03782567754387856;0;0
3467;686;-0.1789107322692871;0.3474622368812561;0.06785470247268677;0;0
3475;687;-0.1389939188957214;0.5298302173614502;0.09409819543361664;0;0
3480;688;-0.09920157492160797;0.7322149276733398;0.1243699416518211;0;0
3482;689;-0.08870386332273483;0.9250790476799011;0.127055436372757;0;0
3487;690;-0.136308416724205;1.104759931564331;0.09385392069816589;0;0
3492;691;-0.1851359307765961;1.281633973121643;0.02427683025598526;0;0
3497;692;-0.2016145437955856;1.437268376350403;-0.07801477611064911;0;0
3502;693;-0.2029572874307632;1.543099641799927;-0.1789636462926865;0;0
3508;694;-0.1693885773420334;1.60205614566803;-0.2659964561462402;0;0
3514;695;-0.09932293742895126;1.601934790611267;-0.3280056118965149;0;0
3519;696;-0.05171682313084602;1.527108073234558;-0.3751231729984283;0;0
3525;697;-0.006553484126925468;1.430310368537903;-0.3709735572338104;0;0
3530;698;0.0773068368434906;1.3365638256073;-0.3112827241420746;0;0
3534;699;0.1538419425487518;1.232196569442749;-0.2347476035356522;0;0
3538;700;0.2065747827291489;1.128562211990356;-0.1709071546792984;0;0
3543;701;0.2125556915998459;1.042750835418701;-0.1148789077997208;0;0
3548;702;0.1892404109239578;0.9612103700637817;-0.05982621386647224;0;0
3553;703;0.1715419590473175;0.8950515985488892;-0.005629274994134903;0;0
3563;704;0.157747283577919;0.8469569087028503;0.0262294951826334;0;0
3563;705;0.1676350682973862;0.8150981664657593;0.003769964911043644;0;0
3572;706;0.2018136978149414;0.8150981664657593;-0.0493285059928894;0;0
3577;707;0.2392877489328384;0.8413416147232056;-0.1214697286486626;0;0
3578;708;0.2672411799430847;0.8745431303977966;-0.1904368996620178;0;0
3583;709;0.2823770642280579;0.9144600033760071;-0.2414613515138626;0;0
3588;710;0.2783488035202026;0.930205762386322;-0.2745414972305298;0;0
3593;711;0.2527152299880981;0.9173882007598877;-0.2731987535953522;0;0
3598;712;0.2148755490779877;0.8805256485939026;-0.2329162955284119;0;0
3603;713;0.1832595020532608;0.8523278832435608;-0.1776208877563477;0;0
3610;714;0.1466396450996399;0.8295011520385742;-0.1196399852633476;0;0
3614;715;0.1056259199976921;0.819857656955719;-0.07252242416143417;0;0
3620;716;0.05997246876358986;0.8185149431228638;-0.04395906627178192;0;0
3625;717;0.0216442346572876;0.816196620464325;-0.03040866367518902;0;0
3628;718;-0.005210735369473696;0.8141210079193115;-0.02833463810384274;0;0
3633;719;-0.04121911153197289;0.8248630166053772;-0.03321707621216774;0;0
3639;720;-0.08076873421669006;0.8387790322303772;-0.04249339923262596;0;0
3644;721;-0.1238580495119095;0.8529378175735474;-0.05726363509893417;0;0
3649;722;-0.1714641600847244;0.8669752478599548;-0.07056820392608643;0;0
3658;723;-0.2252954691648483;0.8761301636695862;-0.09083234518766403;0;0
3663;724;-0.2824221849441528;0.8771073222160339;-0.1139017939567566;0;0
3669;725;-0.3318580389022827;0.8723462224006653;-0.1407567709684372;0;0
3673;726;-0.3823939263820648;0.8677080273628235;-0.1707842350006104;0;0
3674;727;-0.4209664463996887;0.8616042137145996;-0.2053300589323044;0;0
3679;728;-0.4513610899448395;0.8616042137145996;-0.2244941741228104;0;0
3684;729;-0.4706481397151947;0.8598958253860474;-0.2365789115428925;0;0
3689;730;-0.4774832427501679;0.8558676242828369;-0.2418269813060761;0;0
3694;731;-0.4688168466091156;0.8478111028671265;-0.2426811754703522;0;0
3699;732;-0.4581961929798126;0.8365805745124817;-0.2384102195501328;0;0
3707;733;-0.4397649168968201;0.8277928233146668;-0.2313292771577835;0;0
3712;734;-0.4191351532936096;0.8280370831489563;-0.2203430086374283;0;0
3717;735;-0.3959427773952484;0.824497401714325;-0.210701048374176;0;0
3722;736;-0.3743374347686768;0.8436614871025085;-0.2190002650022507;0;0
3725;737;-0.3270985186100006;0.8674637675285339;-0.2230285108089447;0;0
3729;738;-0.2916985154151917;0.8856523633003235;-0.2231514304876328;0;0
3735;739;-0.2556901276111603;0.9037179946899414;-0.2144850194454193;0;0
3740;740;-0.2200458347797394;0.9173882007598877;-0.2088697403669357;0;0
3745;741;-0.182937428355217;0.9322813153266907;-0.2013018131256104;0;0
3750;742;-0.138628289103508;0.9410691261291504;-0.1939781457185745;0;0
3757;743;-0.09773591160774231;0.9530324935913086;-0.189461350440979;0;0
3766;744;-0.06123897805809975;0.9699996709823608;-0.1916582882404327;0;0
3766;745;-0.03243134543299675;0.9892851710319519;-0.1876300424337387;0;0
3771;746;-0.008994703181087971;1.00466525554657;-0.1817705035209656;0;0
3775;747;0.01016941387206316;1.017848491668701;-0.1738369166851044;0;0
3780;748;0.03714730218052864;1.030177474021912;-0.1633392125368118;0;0
3785;749;0.0350717194378376;1.028346180915833;-0.1499117314815521;0;0
3790;750;0.04056407511234283;1.03493857383728;-0.1369727998971939;0;0
3795;751;0.04031979665160179;1.043970584869385;-0.125865176320076;0;0
3806;752;0.04215110093355179;1.051172971725464;-0.1225681975483894;0;0
3810;753;0.02847933769226074;1.053492784500122;-0.1202498972415924;0;0
3816;754;0.0234755389392376;1.065333247184753;-0.120126985013485;0;0
3819;755;0.01468621473759413;1.087427139282227;-0.1292819380760193;0;0
3821;756;0.001991562079638243;1.111962199211121;-0.1401468515396118;0;0
3826;757;0.001991562079638243;1.144430994987488;-0.1439308226108551;0;0
3830;758;-0.0006939349113963544;1.165182113647461;-0.1329445540904999;0;0
3836;759;-0.0009382124408148229;1.203633189201355;-0.1074323281645775;0;0
3841;760;0.0002831752353813499;1.256976008415222;-0.07435216754674912;0;0
3846;761;-0.0006939349113963544;1.30738890171051;-0.03602393716573715;0;0
3853;762;0.01749462820589542;1.368422508239746;0.0180516429245472;0;0
3859;763;0.04581370949745178;1.438976764678955;0.0766424685716629;0;0
3864;764;0.09634803980588913;1.497324824333191;0.1281539052724838;0;0
3868;765;0.1505465358495712;1.54004693031311;0.1431684195995331;0;0
3871;766;0.1943671256303787;1.586310386657715;0.1298638582229614;0;0
3876;767;0.2378236353397369;1.610479831695557;0.08701881766319275;0;0
3881;768;0.2895793616771698;1.588141679763794;0.03697148337960243;0;0
3886;769;0.3377953767776489;1.511727929115295;0.005112713202834129;0;0
3891;770;0.3501243889331818;1.391126394271851;-0.002822416834533215;0;0
3898;771;0.3297388851642609;1.27321183681488;0.01902719773352146;0;0
3903;772;0.3363297283649445;1.170920252799988;0.05223027244210243;0;0
3907;773;0.3612320125102997;1.071314215660095;0.05930965393781662;0;0
3917;774;0.413720577955246;0.9881866574287415;0.04234247654676437;0;0
3917;775;0.4381327629089356;0.9199523329734802;0.03636156767606735;0;0
3922;776;0.4452137053012848;0.8609943389892578;0.02952490746974945;0;0
3927;777;0.4496075809001923;0.8105813264846802;0.02207988873124123;0;0
3932;778;0.4493633210659027;0.7638294100761414;0.00975087471306324;0;0
3937;779;0.4493633210659027;0.7228156924247742;-0.009168965741991997;0;0
3942;780;0.4402083456516266;0.6890042424201965;-0.03895371034741402;0;0
3950;781;0.4135976731777191;0.6633691191673279;-0.07508500665426254;0;0
3956;782;0.3771007359027863;0.6567782759666443;-0.1191514283418655;0;0
3957;783;0.3452419638633728;0.665200412273407;-0.1652918756008148;0;0
3966;784;0.3152129352092743;0.6879042387008667;-0.2109453231096268;0;0
3967;785;0.2845740020275116;0.7245240807533264;-0.2520804107189179;0;0
3972;786;0.258819043636322;0.7549187541007996;-0.2835735380649567;0;0
3977;787;0.2331839203834534;0.7889760136604309;-0.3015178442001343;0;0
3982;788;0.2135328054428101;0.826815664768219;-0.3040804266929627;0;0
3989;789;0.2015694230794907;0.855379045009613;-0.2930957078933716;0;0
3992;790;0.1838694214820862;0.8840653300285339;-0.2659964561462402;0;0
4002;791;0.1622640788555145;0.9243462085723877;-0.2363346368074417;0;0
4008;792;0.1443213522434235;0.9632859230041504;-0.2022773623466492;0;0
4012;793;0.126254141330719;1.010769128799439;-0.1637048572301865;0;0
4016;794;0.1114854663610458;1.065088987350464;-0.1352644115686417;0;0
4019;795;0.09109996259212494;1.122581362724304;-0.1184185966849327;0;0
4023;796;0.06485646218061447;1.170675992965698;-0.1032827198505402;0;0
4028;797;0.02066712453961372;1.203877568244934;-0.07740486413240433;0;0
4033;798;-0.05135118588805199;1.200826406478882;-0.04444606602191925;0;0
4038;799;-0.1501031070947647;1.151511907577515;-0.01869112253189087;0;0
4043;800;-0.2802252471446991;1.046290516853333;0.004256964195519686;0;0
4049;801;-0.4490412473678589;0.918243944644928;0.0001073576422641054;0;0
4053;802;-0.5623190999031067;0.7950782775878906;-0.04310331493616104;0;0
4058;803;-0.6181030869483948;0.7009660601615906;-0.09803309291601181;0;0
4063;804;-0.6522817015647888;0.6470134258270264;-0.146981954574585;0;0
4068;805;-0.6602153182029724;0.5962332487106323;-0.2072827219963074;0;0
4073;806;-0.6342160701751709;0.5619332790374756;-0.2686819434165955;0;0
4078;807;-0.5673244595527649;0.546064555644989;-0.3278842568397522;0;0
4083;808;-0.4573419988155365;0.5471630096435547;-0.3840338587760925;0;0
4089;809;-0.3496809601783752;0.5802431702613831;-0.4161368906497955;0;0
4097;810;-0.2731443047523499;0.6155202984809876;-0.4156498908996582;0;0
4103;811;-0.2190702706575394;0.6438393592834473;-0.4162598252296448;0;0
4110;812;-0.182937428355217;0.6561684012413025;-0.4123529493808746;0;0
4110;813;-0.1562053710222244;0.6649561524391174;-0.4049079120159149;0;0
4116;814;-0.1286191195249558;0.6684958338737488;-0.4042964577674866;0;0
4121;815;-0.1026183515787125;0.6622706651687622;-0.4086918830871582;0;0
4124;816;-0.08064737170934677;0.6503088474273682;-0.4083246886730194;0;0
4129;817;-0.05745501071214676;0.6424965858459473;-0.3992926478385925;0;0
4134;818;-0.03145423531532288;0.6344401240348816;-0.3891605734825134;0;0
4139;819;-0.0009382124408148229;0.6296790242195129;-0.3778086602687836;0;0
4148;820;0.02249842882156372;0.6316332817077637;-0.3646254539489746;0;0
4152;821;0.0387343280017376;0.6422523260116577;-0.3551048636436462;0;0
4155;822;0.02432973124086857;0.6560454368591309;-0.3559590578079224;0;0
4162;823;0.001137368730269373;0.6641019582748413;-0.3707292973995209;0;0
4164;824;-0.01045881304889917;0.6671530604362488;-0.3852552473545075;0;0
4169;825;-0.01680691726505756;0.656412661075592;-0.4044193625450134;0;0
4175;826;-0.004722180310636759;0.6495760083198547;-0.4166254699230194;0;0
4179;827;0.02030148543417454;0.6410309672355652;-0.4385979771614075;0;0
4184;828;0.0453251525759697;0.6360271573066711;-0.4697239398956299;0;0
4190;829;0.06607629358768463;0.6317546367645264;-0.5018285512924194;0;0
4195;830;0.1037946194410324;0.6333416700363159;-0.5248979926109314;0;0
4201;831;0.1210060715675354;0.6377355456352234;-0.5372269749641419;0;0
4210;832;0.1004992052912712;0.6288248300552368;-0.5406453013420105;0;0
4210;833;0.06314652413129807;0.6136889457702637;-0.5338086485862732;0;0
4215;834;0.02872361615300179;0.5970874428749085;-0.5145232081413269;0;0
4220;835;0.01297782827168703;0.584392786026001;-0.4952361583709717;0;0
4225;836;0.01090224646031857;0.5809744596481323;-0.4682598114013672;0;0
4230;837;0.01163507904857397;0.590373694896698;-0.4351796507835388;0;0
4236;838;0.01529768668115139;0.6123462319374085;-0.4019781351089478;0;0
4248;839;-0.002280961023643613;0.6571439504623413;-0.373659074306488;0;0
4248;840;-0.01961377449333668;0.7283080220222473;-0.3559590578079224;0;0
4255;841;-0.03767942264676094;0.814853847026825;-0.341798722743988;0;0
4262;842;-0.06026186794042587;0.9018867015838623;-0.3255643844604492;0;0
4262;843;-0.08211148530244827;0.9988073110580444;-0.3072544634342194;0;0
4269;844;-0.1040840148925781;1.094627857208252;-0.3064002692699432;0;0
4271;845;-0.1154359206557274;1.182882070541382;-0.3139682114124298;0;0
4276;846;-0.1125061437487602;1.251360654830933;-0.3280056118965149;0;0
4281;847;-0.1192198842763901;1.310685873031616;-0.3389918804168701;0;0
4286;848;-0.1376511752605438;1.355972170829773;-0.3948987722396851;0;0
4295;849;-0.1293519586324692;1.421155333518982;-0.4519025683403015;0;0
4300;850;-0.1001771315932274;1.530526399612427;-0.4581277370452881;0;0
4304;851;-0.09383058547973633;1.663699626922607;-0.4542224109172821;0;0
4306;852;-0.1243466064333916;1.808226346969605;-0.452391117811203;0;0
4311;853;-0.1593794226646423;1.910517930984497;-0.4494613409042358;0;0
4316;854;-0.1984404921531677;1.945672154426575;-0.4263903498649597;0;0
4321;855;-0.2331076711416245;1.880244731903076;-0.3649910986423492;0;0
4326;856;-0.2606939375400543;1.687747716903687;-0.2721002995967865;0;0
4331;857;-0.2392099499702454;1.440563797950745;-0.1246437802910805;0;0
4336;858;-0.2271267622709274;1.212422609329224;0.003281409852206707;0;0
4345;859;-0.2411641627550125;1.02798056602478;0.085064597427845;0;0
4351;860;-0.231397733092308;0.8878492712974548;0.1275440007448196;0;0
4358;861;-0.225416824221611;0.7938584685325623;0.1177791133522987;0;0
4358;862;-0.2278580516576767;0.7438111305236816;0.07749666273593903;0;0
4362;863;-0.2462908923625946;0.7364874482154846;0.01963866874575615;0;0
4367;864;-0.2620366811752319;0.7628538608551025;-0.05909493938088417;0;0
4372;865;-0.2588626146316528;0.8014263510704041;-0.1352644115686417;0;0
4376;866;-0.2418954521417618;0.8362149000167847;-0.1903155446052551;0;0
4382;867;-0.2241970002651215;0.8681966066360474;-0.2253483682870865;0;0
4391;868;-0.2157733142375946;0.8987126350402832;-0.2434140145778656;0;0
4396;869;-0.2373802065849304;0.9122614860534668;-0.2663621008396149;0;0
4400;870;-0.2438496649265289;0.916901171207428;-0.277471274137497;0;0
4402;871;-0.2541030943393707;0.9001783132553101;-0.2796682119369507;0;0
4407;872;-0.2757084369659424;0.8551347851753235;-0.276249885559082;0;0
4412;873;-0.3151351511478424;0.7869004011154175;-0.2730758488178253;0;0
4417;874;-0.3668908774852753;0.7101210355758667;-0.2901659309864044;0;0
4422;875;-0.3980183601379395;0.6446935534477234;-0.2993209064006805;0;0
4427;876;-0.3880091905593872;0.617594301700592;-0.2724659144878388;0;0
4442;877;-0.3289298117160797;0.6752095818519592;-0.1917796581983566;0;0
4442;878;-0.2765626311302185;0.742347002029419;-0.1291605830192566;0;0
4449;879;-0.217360332608223;0.7744500637054443;-0.09254073351621628;0;0
4449;880;-0.1768351495265961;0.7917828559875488;-0.07056820392608643;0;0
4455;881;-0.1604778915643692;0.8053317070007324;-0.06544148921966553;0;0
4461;882;-0.1388725638389587;0.8149752020835877;-0.08643690496683121;0;0
4464;883;-0.09566032886505127;0.836093544960022;-0.1091422736644745;0;0
4468;884;-0.04488172009587288;0.8699049949645996;-0.1348972171545029;0;0
4473;885;0.002724394667893648;0.9120187759399414;-0.1627292931079865;0;0
4478;886;0.04740073531866074;0.9632859230041504;-0.1865315735340118;0;0
4483;887;0.08609461039304733;1.006985187530518;-0.1976391971111298;0;0
4489;888;0.1264984309673309;1.058009624481201;-0.2061842530965805;0;0
4493;889;0.1588457524776459;1.103051543235779;-0.2133865505456924;0;0
4502;890;0.1738602668046951;1.130149245262146;-0.2166819572448731;0;0
4503;891;0.183992326259613;1.138328671455383;-0.2194888144731522;0;0
4508;892;0.1885091364383698;1.127586722373962;-0.2303537279367447;0;0
4513;893;0.1826495826244354;1.096582055091858;-0.244023934006691;0;0
4518;894;0.1684892624616623;1.05154013633728;-0.2565972208976746;0;0
4523;895;0.1504236161708832;1.005276799201965;-0.2534231543540955;0;0
4528;896;0.126377061009407;0.9681683778762817;-0.2431697398424149;0;0
4533;897;0.08585032820701599;0.9424118399620056;-0.2293766140937805;0;0
4541;898;0.02408545464277268;0.927885890007019;-0.2187575399875641;0;0
4546;899;-0.04109775274991989;0.919586718082428;-0.2094796597957611;0;0
4548;900;-0.08308859169483185;0.9067690968513489;-0.1959308087825775;0;0
4553;901;-0.1178771406412125;0.8752759695053101;-0.1856773793697357;0;0
4558;902;-0.158769503235817;0.8462240695953369;-0.1790850013494492;0;0
4563;903;-0.2129664570093155;0.829135537147522;-0.1783537268638611;0;0
4568;904;-0.2594740986824036;0.8192477226257324;-0.1693201214075089;0;0
4573;905;-0.3004878163337708;0.8115584254264832;-0.164193406701088;0;0
4582;906;-0.3382061421871185;0.8080171942710877;-0.162240743637085;0;0
4588;907;-0.3772672116756439;0.8098484873771668;-0.1667559891939163;0;0
4594;908;-0.3915489017963409;0.821200430393219;-0.1783537268638611;0;0
4599;909;-0.389229029417038;0.8467126488685608;-0.1937338709831238;0;0
4599;910;-0.3926473557949066;0.8738119006156921;-0.2058170586824417;0;0
4607;911;-0.3939900994300842;0.8873607516288757;-0.2100895792245865;0;0
4609;912;-0.3871549963951111;0.8851637840270996;-0.2016674429178238;0;0
4614;913;-0.3784886002540588;0.8701492547988892;-0.1792079210281372;0;0
4619;914;-0.3765343725681305;0.8570889830589294;-0.1423437893390656;0;0
4624;915;-0.3788542449474335;0.856721818447113;-0.0952262282371521;0;0
4633;916;-0.3704321086406708;0.874787449836731;-0.05457813665270805;0;0
4635;917;-0.3546847701072693;0.8927317261695862;-0.02601478062570095;0;0
4643;918;-0.3361305594444275;0.8937088251113892;-0.01930103823542595;0;0
4649;919;-0.3053702712059021;0.8790599703788757;-0.01698117889463902;0;0
4650;920;-0.2813237011432648;0.8730790615081787;-0.01807964965701103;0;0
4654;921;-0.247877910733223;0.8668538331985474;-0.02418347634375095;0;0
4659;922;-0.2151633948087692;0.8649011850357056;-0.03419263288378716;0;0
4664;923;-0.1940466165542603;0.8662439584732056;-0.0496956966817379;0;0
4670;924;-0.1719527244567871;0.8673424124717712;-0.07239950448274612;0;0
4676;925;-0.1482717990875244;0.8679523468017578;-0.1015727818012238;0;0
4682;926;-0.1217824667692184;0.867829442024231;-0.1356300413608551;0;0
4687;927;-0.1048152893781662;0.8649011850357056;-0.1671231836080551;0;0
4692;928;-0.09260919690132141;0.8666095733642578;-0.2028888314962387;0;0
4697;929;-0.08967941999435425;0.8735675811767578;-0.2347476035356522;0;0
4700;930;-0.09944429993629456;0.8825996518135071;-0.2548888325691223;0;0
4705;931;-0.1172672212123871;0.8996897339820862;-0.2713674604892731;0;0
4710;932;-0.1126275062561035;0.9028638005256653;-0.2887002527713776;0;0
4715;933;-0.1050595715641975;0.8948072791099548;-0.3035934269428253;0;0
4720;934;-0.1314259916543961;0.8906561136245728;-0.3088414967060089;0;0
4731;935;-0.1464404910802841;0.8834538459777832;-0.3092071413993835;0;0
4735;936;-0.1470504105091095;0.8721019625663757;-0.3205606043338776;0;0
4737;937;-0.146561861038208;0.8568447232246399;-0.3206819593906403;0;0
4746;938;-0.1376511752605438;0.8367034792900085;-0.2707575261592865;0;0
4746;939;-0.1389939188957214;0.7903187274932861;-0.1726155281066895;0;0
4750;940;-0.1236137747764587;0.7595568895339966;-0.07886897027492523;0;0
4756;941;-0.07686340808868408;0.746008038520813;0.0007172735640779138;0;0
4760;942;-0.04012064263224602;0.7482050061225891;0.04624780640006065;0;0
4765;943;-0.01558552961796522;0.7654164433479309;0.04478369653224945;0;0
4771;944;0.00711827864870429;0.7881218194961548;0.00523407431319356;0;0
4776;945;0.01297782827168703;0.8253515958786011;-0.03736668452620506;0;0
4782;946;0.01371066085994244;0.8616042137145996;-0.06214607506990433;0;0
4792;947;0.01859309896826744;0.9018867015838623;-0.07593919336795807;0;0
4792;948;0.0336076095700264;0.9446103572845459;-0.08753538131713867;0;0
4796;949;0.05399155989289284;0.9761019349098206;-0.09473767876625061;0;0
4801;950;0.07767248153686523;1.007962226867676;-0.1118277683854103;0;0
4806;951;0.09512820839881897;1.030787467956543;-0.1330659091472626;0;0
4811;952;0.1145366057753563;1.054224014282227;-0.1691987663507462;0;0
4816;953;0.1369961351156235;1.071435570716858;-0.2161934077739716;0;0
4821;954;0.1653167754411697;1.084985971450806;-0.2728315591812134;0;0
4828;955;0.2016923427581787;1.101708769798279;-0.3212918639183044;0;0
4833;956;0.2394106537103653;1.121727108955383;-0.3608414828777313;0;0
4839;957;0.2768847048282623;1.148703455924988;-0.390747606754303;0;0
4843;958;0.3095976710319519;1.164450764656067;-0.4086918830871582;0;0
4847;959;0.3423121869564056;1.179952263832092;-0.4150384366512299;0;0
4851;960;0.3757579922676086;1.184347748756409;-0.4077147841453552;0;0
4857;961;0.4020014703273773;1.181417942047119;-0.3863537013530731;0;0
4862;962;0.4231198132038117;1.16567063331604;-0.352419376373291;0;0
4867;963;0.4365473091602325;1.140402674674988;-0.3216590583324432;0;0
4872;964;0.4303205609321594;1.1164790391922;-0.2978552281856537;0;0
4879;965;0.414819061756134;1.093286752700806;-0.2807666957378388;0;0
4889;966;0.3966304957866669;1.074609518051148;-0.2627010345458984;0;0
4894;967;0.3681900501251221;1.060083627700806;-0.2528132498264313;0;0
4894;968;0.3313259184360504;1.049953103065491;-0.2497621178627014;0;0
4898;969;0.2897007167339325;1.041529417037964;-0.2519590556621552;0;0
4903;970;0.2423388808965683;1.03921115398407;-0.2553758323192596;0;0
4907;971;0.1886304914951325;1.035915732383728;-0.2712445259094238;0;0
4912;972;0.1300396770238876;1.034328699111939;-0.2885788977146149;0;0
4917;973;0.08084653317928314;1.034328699111939;-0.293338418006897;0;0
4925;974;0.03336333483457565;1.03359580039978;-0.3035934269428253;0;0
4931;975;-0.01119164563715458;1.041773676872253;-0.3107941448688507;0;0
4935;976;-0.04830005019903183;1.048975944519043;-0.3054231703281403;0;0
4940;977;-0.08418706804513931;1.057642459869385;-0.2904102206230164;0;0
4943;978;-0.1253237128257752;1.055324077606201;-0.2761285305023193;0;0
4948;979;-0.1676801890134811;1.03652560710907;-0.2651422619819641;0;0
4952;980;-0.2149191200733185;0.9969760179519653;-0.2721002995967865;0;0
4958;981;-0.2577641606330872;0.9770790338516235;-0.2556201219558716;0;0
4962;982;-0.289257287979126;0.9830599427223206;-0.2253483682870865;0;0
4968;983;-0.31647789478302;0.9781774878501892;-0.1980048418045044;0;0
4977;984;-0.3397931754589081;0.9652385711669922;-0.1836017966270447;0;0
4982;985;-0.3668908774852753;0.9530324935913086;-0.1865315735340118;0;0
4987;986;-0.3794641494750977;0.9241019487380981;-0.2049628645181656;0;0
4991;987;-0.3917931616306305;0.8302339911460877;-0.3079873025417328;0;0
4993;988;-0.3633511662483215;0.6965721845626831;-0.424926221370697;0;0
4998;989;-0.2858405113220215;0.6802149415016174;-0.3682880699634552;0;0
5003;990;-0.2458023279905319;0.6982805728912354;-0.3216590583324432;0;0
5008;991;-0.2128450870513916;0.7193973660469055;-0.3193392157554627;0;0
5013;992;-0.1784221827983856;0.7619996666908264;-0.3262972235679627;0;0
5019;993;-0.1606008112430573;0.798130989074707;-0.3315452933311462;0;0
5025;994;-0.143510714173317;0.8166851401329041;-0.3383819758892059;0;0
5036;995;-0.1128717809915543;0.8179050087928772;-0.346438467502594;0;0
5040;996;-0.08174584805965424;0.8118011951446533;-0.3536391854286194;0;0
5040;997;-0.05379240214824677;0.8039889335632324;-0.3642598092556;0;0
5044;998;-0.02962293103337288;0.7978866696357727;-0.372316300868988;0;0
5049;999;-0.00276951608248055;0.7833607196807861;-0.3703621029853821;0;0
5054;1000;0.02384117618203163;0.7701775431632996;-0.3739033341407776;0;0
5059;1001;0.0569213330745697;0.7606569528579712;-0.3808597922325134;0;0
5064;1002;0.08963585644960403;0.746008038520813;-0.3902590572834015;0;0
5072;1003;0.1097755283117294;0.7280653119087219;-0.4005124866962433;0;0
5077;1004;0.1258885115385056;0.7107309699058533;-0.4135743379592896;0;0
5082;1005;0.1448083519935608;0.6955950856208801;-0.4241933822631836;0;0
5086;1006;0.154819056391716;0.6814347505569458;-0.4344468414783478;0;0
5089;1007;0.1592129468917847;0.6706943511962891;-0.4467758536338806;0;0
5094;1008;0.1600671410560608;0.6584866642951965;-0.4577621221542358;0;0
5099;1009;0.1503022611141205;0.6507973670959473;-0.4636216461658478;0;0
5104;1010;0.1360205858945847;0.6483561396598816;-0.4665514230728149;0;0
5109;1011;0.1260114312171936;0.6476233005523682;-0.4648414850234985;0;0
5114;1012;0.1161236315965653;0.6505531072616577;-0.4584949314594269;0;0
5121;1013;0.104771725833416;0.6510416269302368;-0.4427475929260254;0;0
5125;1014;0.09634803980588913;0.6533599495887756;-0.424926221370697;0;0
5130;1015;0.07535261660814285;0.6434721350669861;-0.409911721944809;0;0
5135;1016;0.07083737850189209;0.6361485123634338;-0.390503317117691;0;0
5140;1017;0.0773068368434906;0.6395668387413025;-0.3686537146568298;0;0
5145;1018;0.07169156521558762;0.6489660739898682;-0.3574231564998627;0;0
5153;1019;0.06485646218061447;0.6615393757820129;-0.3472926616668701;0;0
5155;1020;0.05740988999605179;0.6763080358505249;-0.3415544629096985;0;0
5160;1021;0.04788928851485252;0.6957164406776428;-0.3375277817249298;0;0
5169;1022;0.03531599789857864;0.7217172384262085;-0.331179678440094;0;0
5175;1023;0.01761598885059357;0.7530874609947205;-0.321901798248291;0;0
5179;1024;-0.003989347722381353;0.7906844019889832;-0.3154323101043701;0;0
5184;1025;-0.03645959123969078;0.8347508311271668;-0.308597207069397;0;0
5185;1026;-0.07332371920347214;0.9001783132553101;-0.3061560094356537;0;0
5190;1027;-0.1072565093636513;0.9811072945594788;-0.3139682114124298;0;0
5195;1028;-0.1356985121965408;1.071924090385437;-0.3594987392425537;0;0
5200;1029;-0.1575481295585632;1.177145481109619;-0.4334712624549866;0;0
5205;1030;-0.1853802055120468;1.295305728912354;-0.479856014251709;0;0
5211;1031;-0.1914824694395065;1.40687370300293;-0.5162315964698792;0;0
5219;1032;-0.1786664575338364;1.511727929115295;-0.5216025710105896;0;0
5223;1033;-0.1624305546283722;1.601569175720215;-0.5100063681602478;0;0
5231;1034;-0.1336229294538498;1.646611094474793;-0.4840056002140045;0;0
5231;1035;-0.1367969810962677;1.631596565246582;-0.4495842456817627;0;0
5238;1036;-0.1648717820644379;1.582647681236267;-0.4101559817790985;0;0
5241;1037;-0.1535198837518692;1.525888204574585;-0.3566918969154358;0;0
5246;1038;-0.1233694925904274;1.440198183059692;-0.2735643982887268;0;0
5251;1039;-0.1238580495119095;1.305924892425537;-0.1871414929628372;0;0
5256;1040;-0.1653603315353394;1.146385192871094;-0.1160987392067909;0;0
5261;1041;-0.1856229305267334;0.9924591779708862;-0.057996466755867;0;0
5266;1042;-0.1667030900716782;0.8601401448249817;-0.005019358824938536;0;0
5275;1043;-0.1638962328433991;0.7482050061225891;0.02159133367240429;0;0
5280;1044;-0.1763466000556946;0.6664218306541443;0.01402339804917574;0;0
5284;1045;-0.1764679700136185;0.6256508231163025;-0.01966667547821999;0;0
5288;1046;-0.1364313364028931;0.6357828378677368;-0.06068196520209312;0;0
5291;1047;-0.08113592863082886;0.6722797751426697;-0.1063338592648506;0;0
5297;1048;-0.05244965478777885;0.6964492797851563;-0.1611422747373581;0;0
5301;1049;-0.03181987255811691;0.7041401267051697;-0.1919025629758835;0;0
5306;1050;-0.01180156134068966;0.7130507826805115;-0.1983720362186432;0;0
5315;1051;-0.00350079289637506;0.7256225347518921;-0.1940995156764984;0;0
5318;1052;0.004311420954763889;0.7351446747779846;-0.1960521787405014;0;0
5325;1053;0.01798162795603275;0.7345348000526428;-0.2059399634599686;0;0
5329;1054;0.0453251525759697;0.7341675758361816;-0.2152162939310074;0;0
5331;1055;0.05350300669670105;0.7305065393447876;-0.223884254693985;0;0
5337;1056;0.05301600694656372;0.7363645434379578;-0.2177804261445999;0;0
5342;1057;0.04556943103671074;0.752966046333313;-0.2124094367027283;0;0
5347;1058;0.03665874525904656;0.7810408473014832;-0.2080155462026596;0;0
5352;1059;0.02555111981928349;0.8426843881607056;-0.2027659118175507;0;0
5357;1060;0.002601478016003966;0.9303271174430847;-0.1943437904119492;0;0
5363;1061;-0.03291834518313408;1.038112640380859;-0.1897056251764298;0;0
5367;1062;-0.05367104336619377;1.141502737998962;-0.1853101849555969;0;0
5373;1063;-0.06514430791139603;1.211201190948486;-0.1848231852054596;0;0
5379;1064;-0.08516261726617813;1.222797393798828;-0.1860430240631104;0;0
5382;1065;-0.1197084411978722;1.162863731384277;-0.1870201230049133;0;0
5387;1066;-0.134355753660202;1.087915658950806;-0.1743254810571671;0;0
5392;1067;-0.134355753660202;1.012600421905518;-0.1449063718318939;0;0
5397;1068;-0.1292290389537811;0.9457088112831116;-0.118539959192276;0;0
5402;1069;-0.1216611042618752;0.8819897174835205;-0.1048697456717491;0;0
5408;1070;-0.1295946836471558;0.8275485038757324;-0.08094455301761627;0;0
5420;1071;-0.1193412467837334;0.7980080246925354;-0.05335674807429314;0;0
5420;1072;-0.1121405065059662;0.7936141490936279;-0.02406211569905281;0;0
5429;1073;-0.1093320921063423;0.807895839214325;-0.002333861775696278;0;0
5429;1074;-0.09578324854373932;0.8313325047492981;0.01341192610561848;0;0
5437;1075;-0.07625193148851395;0.855379045009613;0.02439819276332855;0;0
5446;1076;-0.06123897805809975;0.8788157105445862;0.03367606922984123;0;0
5446;1077;-0.04524735733866692;0.8984683752059937;0.04087681323289871;0;0
5449;1078;-0.03865653276443481;0.9216607213020325;0.04514933377504349;0;0
5454;1079;-0.03462828695774078;0.9422904849052429;0.04173256084322929;0;0
5460;1080;-0.03194278851151466;0.9651172161102295;0.02915927022695541;0;0
5471;1081;-0.02168935537338257;0.9813515543937683;0.006455461960285902;0;0
5471;1082;-0.008261870592832565;0.9949004054069519;-0.0175926499068737;0;0
5480;1083;-0.0005710182012990117;1.000638604164124;-0.05128272622823715;0;0
5480;1084;0.005042697302997112;0.997097373008728;-0.09083234518766403;0;0
5487;1085;0.0106579689309001;0.9938019514083862;-0.1208598166704178;0;0
5495;1086;0.01749462820589542;0.9916049838066101;-0.1463720351457596;0;0
5495;1087;0.0199358481913805;0.9939248561859131;-0.1723712533712387;0;0
5499;1088;0.02103431895375252;1.003934025764465;-0.1866529285907745;0;0
5504;1089;0.01566332578659058;1.010524868965149;-0.1917796581983566;0;0
5510;1090;0.005654169246554375;1.016384363174439;-0.1851888298988342;0;0
5518;1091;-0.02193363383412361;1.020534038543701;-0.1754239499568939;0;0
5524;1092;-0.05843056365847588;1.038112640380859;-0.1616292744874954;0;0
5530;1093;-0.08040309697389603;1.04458212852478;-0.155038446187973;0;0
5530;1094;-0.1082336232066155;1.047267556190491;-0.1517430245876312;0;0
5535;1095;-0.1356985121965408;1.041163802146912;-0.1539399772882462;0;0
5539;1096;-0.1630420386791229;1.031398892402649;-0.1540613323450089;0;0
5544;1097;-0.1890412569046021;1.007717967033386;-0.1524743139743805;0;0
5550;1098;-0.2095481157302856;0.9842813611030579;-0.1460048407316208;0;0
5556;1099;-0.2287122309207916;0.9645057320594788;-0.13782699406147;0;0
5562;1100;-0.2433611154556274;0.9433889985084534;-0.1329445540904999;0;0
5568;1101;-0.2514176070690155;0.9201965928077698;-0.1218369230628014;0;0
5572;1102;-0.2528817057609558;0.8955385684967041;-0.1106063798069954;0;0
5576;1103;-0.2510504126548767;0.8777171969413757;-0.09766744822263718;0;0
5579;1104;-0.2497076541185379;0.8658767342567444;-0.09083234518766403;0;0
5584;1105;-0.2494633793830872;0.8557462096214294;-0.08631554991006851;0;0
5589;1106;-0.2490977495908737;0.8452485203742981;-0.08912240713834763;0;0
5594;1107;-0.2547130286693573;0.8391447067260742;-0.09205217659473419;0;0
5599;1108;-0.2575198709964752;0.8396332263946533;-0.1046254709362984;0;0
5608;1109;-0.2530046403408051;0.8349950909614563;-0.1141460686922073;0;0
5613;1110;-0.2516618669033051;0.8413416147232056;-0.1291605830192566;0;0
5618;1111;-0.2495862990617752;0.8539149165153503;-0.1461277604103088;0;0
5623;1112;-0.2449481338262558;0.8627027273178101;-0.1615079045295715;0;0
5625;1113;-0.2310321033000946;0.8639240860939026;-0.1771323382854462;0;0
5630;1114;-0.2238298058509827;0.8725904822349548;-0.1920239329338074;0;0
5635;1115;-0.2201687544584274;0.8839424252510071;-0.2130193561315537;0;0
5640;1116;-0.2126008123159409;0.9011538624763489;-0.2346246838569641;0;0
5645;1117;-0.202224463224411;0.922882080078125;-0.2548888325691223;0;0
5650;1118;-0.1934351325035095;0.9403378367424011;-0.2655079066753388;0;0
5657;1119;-0.1898954510688782;0.9582805633544922;-0.2739300429821014;0;0
5662;1120;-0.1868443191051483;0.9752477407455444;-0.2761285305023193;0;0
5667;1121;-0.1828160732984543;0.9818401336669922;-0.2779582738876343;0;0
5672;1122;-0.1785435378551483;0.9865996241569519;-0.2683163285255432;0;0
5675;1123;-0.1802534908056259;0.9889194965362549;-0.2618468403816223;0;0
5681;1124;-0.181107684969902;0.9872111082077026;-0.255010187625885;0;0
5685;1125;-0.1833046227693558;0.9787874221801758;-0.2489063739776611;0;0
5690;1126;-0.1895298063755035;0.9743935465812683;-0.2410941570997238;0;0
5696;1127;-0.1970977485179901;0.9691454768180847;-0.2327949404716492;0;0
5702;1128;-0.2056427896022797;0.9587691426277161;-0.2148506492376328;0;0
5706;1129;-0.2163847833871841;0.9544966220855713;-0.1982491165399551;0;0
5716;1130;-0.2243183553218842;0.9464401006698608;-0.1828689724206924;0;0
5720;1131;-0.2312763780355454;0.9388721585273743;-0.1684659272432327;0;0
5721;1132;-0.2456794083118439;0.9376523494720459;-0.145029291510582;0;0
5726;1133;-0.2488534599542618;0.9356980919837952;-0.1329445540904999;0;0
5731;1134;-0.251906156539917;0.9387508034706116;-0.1279391944408417;0;0
5736;1135;-0.2543473839759827;0.9363095760345459;-0.1228124797344208;0;0
5741;1136;-0.2523931562900543;0.9341126680374146;-0.1209827288985252;0;0
5746;1137;-0.2483649104833603;0.9328912496566773;-0.1289163082838059;0;0
5755;1138;-0.2428725510835648;0.9335011839866638;-0.1377056241035461;0;0
5759;1139;-0.2396984994411469;0.9297171831130981;-0.149057537317276;0;0
5764;1140;-0.2298122644424439;0.9295958280563355;-0.1601651608943939;0;0
5769;1141;-0.2228542417287827;0.9321584105491638;-0.1676117330789566;0;0
5772;1142;-0.2155290246009827;0.9381393194198608;-0.1733483672142029;0;0
5776;1143;-0.2072298228740692;0.9396049976348877;-0.1760338693857193;0;0
5781;1144;-0.2014916241168976;0.9424118399620056;-0.1859216541051865;0;0
5786;1145;-0.1905069202184677;0.9438775181770325;-0.1932453215122223;0;0
5791;1146;-0.1748824864625931;0.9469286799430847;-0.1976391971111298;0;0
5796;1147;-0.1674359142780304;0.952422559261322;-0.2028888314962387;0;0
5804;1148;-0.1596236974000931;0.945464551448822;-0.2049628645181656;0;0
5809;1149;-0.1486374437808991;0.9389950633049011;-0.2099682092666626;0;0
5814;1150;-0.1354542374610901;0.9326469898223877;-0.2179017961025238;0;0
5819;1151;-0.1232481300830841;0.9217836260795593;-0.2271796762943268;0;0
5822;1152;-0.1121405065059662;0.9140927791595459;-0.2364559918642044;0;0
5827;1153;-0.09028933197259903;0.9105530977249146;-0.2434140145778656;0;0
5832;1154;-0.07405499368906021;0.9075019359588623;-0.2541559934616089;0;0
5837;1155;-0.05635654181241989;0.8993225693702698;-0.2619682252407074;0;0
5842;1156;-0.0425618588924408;0.8993225693702698;-0.2667292952537537;0;0
5848;1157;-0.02937865257263184;0.897004246711731;-0.2700247168540955;0;0
5857;1158;-0.0144870588555932;0.8935859203338623;-0.2685590386390686;0;0
5861;1159;-0.0006939349113963544;0.8879706263542175;-0.2655079066753388;0;0
5863;1160;0.005165614187717438;0.8850408792495728;-0.2584285140037537;0;0
5867;1161;0.007972472347319126;0.8791828751564026;-0.2526918947696686;0;0
5872;1162;0.02481828629970551;0.8763744831085205;-0.2454895973205566;0;0
5877;1163;0.03043355792760849;0.873444676399231;-0.2423155456781387;0;0
5882;1164;0.03055491857230663;0.8675866723060608;-0.2390201240777969;0;0
5887;1165;0.03470608219504356;0.8675866723060608;-0.2336491346359253;0;0
5892;1166;0.03275186195969582;0.866486668586731;-0.2220529466867447;0;0
5900;1167;0.02677095122635365;0.8625813126564026;-0.2149720191955566;0;0
5906;1168;0.01749462820589542;0.8684408664703369;-0.2230285108089447;0;0
5908;1169;0.008216749876737595;0.8774729371070862;-0.2193674594163895;0;0
5916;1170;-0.006064929068088532;0.8829668164253235;-0.210701048374176;0;0
5919;1171;-0.02376493811607361;0.8869950771331787;-0.2043529450893402;0;0
5923;1172;-0.03877789154648781;0.897004246711731;-0.1995918601751328;0;0
5928;1173;-0.05012979730963707;0.9087218046188355;-0.2017903625965118;0;0
5933;1174;-0.06636569648981094;0.9176324605941773;-0.1997147798538208;0;0
5938;1175;-0.08455270528793335;0.9358210563659668;-0.1895827054977417;0;0
5944;1176;-0.09993284940719605;0.9449759721755981;-0.1864086538553238;0;0
5952;1177;-0.1050595715641975;0.9474171996116638;-0.2009346187114716;0;0
5957;1178;-0.1206839978694916;0.9529095888137817;-0.1972735673189163;0;0
5962;1179;-0.1309374272823334;0.9592576622962952;-0.1987376660108566;0;0
5965;1180;-0.1391168385744095;0.9634072780609131;-0.195442259311676;0;0
5969;1181;-0.146561861038208;0.9646286964416504;-0.1942208707332611;0;0
5973;1182;-0.1501031070947647;0.965361475944519;-0.1888514310121536;0;0
5978;1183;-0.1504687368869782;0.9654828906059265;-0.1901926249265671;0;0
5983;1184;-0.1490030735731125;0.9640187621116638;-0.1881186068058014;0;0
5988;1185;-0.1460748612880707;0.9630416631698608;-0.1890941560268402;0;0
5999;1186;-0.1325244605541229;0.959746241569519;-0.1925124824047089;0;0
6000;1187;-0.122393935918808;0.9581592082977295;-0.1916582882404327;0;0
6004;1188;-0.1138488948345184;0.9544966220855713;-0.1939781457185745;0;0
6012;1189;-0.1018870696425438;0.9569377899169922;-0.1908040940761566;0;0
6014;1190;-0.08101301640272141;0.9562065601348877;-0.191414013504982;0;0
6019;1191;-0.06636569648981094;0.9532767534255981;-0.193366676568985;0;0
6024;1192;-0.05122826620936394;0.9507126212120056;-0.1975178420543671;0;0
6029;1193;-0.03304126113653183;0.9457088112831116;-0.2099682092666626;0;0
6034;1194;-0.01216719951480627;0.9388721585273743;-0.2216857522726059;0;0
6039;1195;0.00357858813367784;0.9345996379852295;-0.2325506657361984;0;0
6047;1196;0.01224499475210905;0.9271546006202698;-0.2419499009847641;0;0
6052;1197;0.02079004049301148;0.9223935604095459;-0.2492735683917999;0;0
6058;1198;0.03031064197421074;0.9201965928077698;-0.2504934072494507;0;0
6062;1199;0.03739157691597939;0.9132385849952698;-0.2492735683917999;0;0
6066;1200;0.04276101663708687;0.9079905152320862;-0.2518361508846283;0;0
6070;1201;0.0452037937939167;0.902008056640625;-0.2495178431272507;0;0
6075;1202;0.04971903562545776;0.895661473274231;-0.2463437914848328;0;0
6080;1203;0.05118470266461372;0.8939515352249146;-0.2459781467914581;0;0
6085;1204;0.05301600694656372;0.8950515985488892;-0.2445124834775925;0;0
6090;1205;0.05716561153531075;0.8912660479545593;-0.2393857687711716;0;0
6098;1206;0.05655569583177567;0.8918775320053101;-0.2321834713220596;0;0
6102;1207;0.05106178671121597;0.897004246711731;-0.2246155291795731;0;0
6106;1208;0.05228317156434059;0.8955385684967041;-0.2235170602798462;0;0
6112;1209;0.04630226269364357;0.8990782499313355;-0.2175361514091492;0;0
6115;1210;0.0365358293056488;0.9045721888542175;-0.2077712714672089;0;0
6120;1211;0.02921217121183872;0.9111630320549011;-0.2006903439760208;0;0
6125;1212;0.01676179654896259;0.9156798124313355;-0.1982491165399551;0;0
6130;1213;0.002968672197312117;0.9293515682220459;-0.1878743171691895;0;0
6135;1214;0.007606833707541227;0.9263004064559937;-0.1757895797491074;0;0
6144;1215;-0.004233625251799822;0.9248347878456116;-0.1901926249265671;0;0
6149;1216;-0.0137542262673378;0.9391164779663086;-0.1959308087825775;0;0
6151;1217;-0.02120080031454563;0.9480271339416504;-0.1886071562767029;0;0
6156;1218;-0.03389545530080795;0.952788233757019;-0.1840903609991074;0;0
6161;1219;-0.03767942264676094;0.9547408819198608;-0.1756682246923447;0;0
6166;1220;-0.03792370110750198;0.9535210728645325;-0.1716399788856506;0;0
6170;1221;-0.04231758415699005;0.9540080428123474;-0.1740812063217163;0;0
6175;1222;-0.04512599855661392;0.9565721750259399;-0.1733483672142029;0;0
6181;1223;-0.04610155150294304;0.9544966220855713;-0.1839674413204193;0;0
6186;1224;-0.04390460997819901;0.9518110752105713;-0.1890941560268402;0;0
6193;1225;-0.03609239682555199;0.9493699073791504;-0.1997147798538208;0;0
6198;1226;-0.03658095002174377;0.9505912661552429;-0.2098453044891357;0;0
6203;1227;-0.03206415101885796;0.9464401006698608;-0.2215643972158432;0;0
6208;1228;-0.02999012544751167;0.9443660974502564;-0.2236399799585342;0;0
6211;1229;-0.02266491018235683;0.9415576457977295;-0.2225415110588074;0;0
6216;1230;-0.01985805295407772;0.932525634765625;-0.227789580821991;0;0
6221;1231;-0.01363286469131708;0.9264218211174011;-0.2345033288002014;0;0
6226;1232;-0.01143592316657305;0.9225149154663086;-0.2396300435066223;0;0
6231;1233;-0.00691912230104208;0.9194637537002564;-0.2439025640487671;0;0
6241;1234;-0.001669489196501672;0.9121401309967041;-0.2464651465415955;0;0
6247;1235;0.001625923789106309;0.9104317426681519;-0.2501277625560761;0;0
6252;1236;0.001258729491382837;0.9070134162902832;-0.2531788945198059;0;0
6252;1237;0.005409891717135906;0.9090889692306519;-0.2574514150619507;0;0
6257;1238;0.01114652398973703;0.9114072918891907;-0.2590384483337402;0;0
6262;1239;0.01236791163682938;0.9079905152320862;-0.2627010345458984;0;0
6266;1240;0.01444193720817566;0.910308837890625;-0.262212485074997;0;0
6272;1241;0.01651751808822155;0.9138485193252564;-0.2617239356040955;0;0
6277;1242;0.01969156973063946;0.9171454906463623;-0.2617239356040955;0;0
6282;1243;0.02274270541965962;0.9206851720809937;-0.2570857703685761;0;0
6293;1244;0.02249842882156372;0.9256889820098877;-0.2547659277915955;0;0
6299;1245;0.02249842882156372;0.9249576926231384;-0.2517147660255432;0;0
6299;1246;0.02127859741449356;0.9303271174430847;-0.2464651465415955;0;0
6304;1247;0.01725035160779953;0.9284973740577698;-0.2425598204135895;0;0
6308;1248;0.0113908015191555;0.9269103407859802;-0.2414613515138626;0;0
6312;1249;0.006264085415750742;0.9231263995170593;-0.238043025135994;0;0
6317;1250;-0.001792405848391354;0.9181210398674011;-0.2379216551780701;0;0
6322;1251;-0.008506148122251034;0.9198309779167175;-0.2379216551780701;0;0
6327;1252;-0.0144870588555932;0.9156798124313355;-0.2431697398424149;0;0
6332;1253;-0.02840309962630272;0.9139714241027832;-0.243048369884491;0;0
6340;1254;-0.0356038399040699;0.9143370389938355;-0.2462224215269089;0;0
6345;1255;-0.04475880414247513;0.9098202586174011;-0.2548888325691223;0;0
6349;1256;-0.05391376465559006;0.9018867015838623;-0.2545216381549835;0;0
6353;1257;-0.060994703322649;0.898347020149231;-0.2590384483337402;0;0
6357;1258;-0.06624277681112289;0.888703465461731;-0.2658735513687134;0;0
6363;1259;-0.07356643676757813;0.8771073222160339;-0.2661178112030029;0;0
6368;1260;-0.08101301640272141;0.8631912469863892;-0.2634323239326477;0;0
6373;1261;-0.08626264333724976;0.8526935577392578;-0.2623338401317596;0;0
6378;1262;-0.09090080857276917;0.843417227268219;-0.2631896138191223;0;0
6384;1263;-0.09395194053649902;0.835116446018219;-0.2616025805473328;0;0
6389;1264;-0.09785883128643036;0.8315767645835877;-0.2624567747116089;0;0
6399;1265;-0.09602752327919006;0.832796573638916;-0.2585498988628388;0;0
6399;1266;-0.09541761130094528;0.8324309587478638;-0.2535460889339447;0;0
6405;1267;-0.09053361415863037;0.8371920585632324;-0.2471979856491089;0;0
6408;1268;-0.08748247474431992;0.8451256155967712;-0.2409727871417999;0;0
6413;1269;-0.08430842310190201;0.8547691106796265;-0.233893409371376;0;0
6418;1270;-0.07906034588813782;0.8642897009849548;-0.2259582877159119;0;0
6423;1271;-0.07222368568181992;0.8791828751564026;-0.2230285108089447;0;0
6428;1272;-0.06416875123977661;0.8961500525474548;-0.2192445397377014;0;0
6440;1273;-0.05562370643019676;0.9071347713470459;-0.2190002650022507;0;0
6440;1274;-0.04732294008135796;0.9177553653717041;-0.2191231846809387;0;0
6449;1275;-0.03328553959727287;0.9272760152816773;-0.2229071408510208;0;0
6452;1276;-0.01851530373096466;0.9299615025520325;-0.2253483682870865;0;0
6454;1277;-0.001669489196501672;0.9449759721755981;-0.2213201224803925;0;0
6458;1278;0.01541904732584953;0.9554737210273743;-0.2215643972158432;0;0
6464;1279;0.02616103552281857;0.9618202447891235;-0.2240056097507477;0;0
6469;1280;0.03458316624164581;0.9656042456626892;-0.2288880497217178;0;0
6474;1281;0.04813200980424881;0.9741492867469788;-0.2222972363233566;0;0
6479;1282;0.05862972140312195;0.9850142002105713;-0.2270567566156387;0;0
6484;1283;0.0653434619307518;0.992093563079834;-0.2273010313510895;0;0
6491;1284;0.07132592797279358;0.9933133721351624;-0.2309636324644089;0;0
6496;1285;0.08231063932180405;0.9912393689155579;-0.2303537279367447;0;0
6503;1286;0.08609461039304733;0.989773690700531;-0.229865163564682;0;0
6505;1287;0.08951293677091599;0.9900179505348206;-0.2301094383001328;0;0
6509;1288;0.09146559983491898;0.9822057485580444;-0.230840727686882;0;0
6514;1289;0.0889030247926712;0.9710981249809265;-0.2303537279367447;0;0
6519;1290;0.08487477898597717;0.9623088240623474;-0.2332819402217865;0;0
6525;1291;0.07608545571565628;0.9496141672134399;-0.2304750829935074;0;0
6537;1292;0.06180377304553986;0.9409477710723877;-0.2310850024223328;0;0
6542;1293;0.04129690676927567;0.9354553818702698;-0.2353575229644775;0;0
6546;1294;0.02896789275109768;0.9416806101799011;-0.2281552255153656;0;0
6546;1295;0.009926692582666874;0.9427790641784668;-0.2255926430225372;0;0
6550;1296;-0.005820651538670063;0.9403378367424011;-0.2321834713220596;0;0
6555;1297;-0.02327638305723667;0.9405820965766907;-0.237798735499382;0;0
6560;1298;-0.04012064263224602;0.9409477710723877;-0.2429254502058029;0;0
6565;1299;-0.05232829600572586;0.9432675838470459;-0.2515918612480164;0;0
6570;1300;-0.0642901137471199;0.9463187456130981;-0.2539117336273193;0;0
6575;1301;-0.07771760225296021;0.9418019652366638;-0.2542773485183716;0;0
6583;1302;-0.08992369472980499;0.9363095760345459;-0.2539117336273193;0;0
6588;1303;-0.09907866269350052;0.9303271174430847;-0.2489063739776611;0;0
6593;1304;-0.09981149435043335;0.9227591753005981;-0.2481750845909119;0;0
6598;1305;-0.1064023151993752;0.9176324605941773;-0.2458552271127701;0;0
6600;1306;-0.1046939343214035;0.9094546437263489;-0.2401185929775238;0;0
6605;1307;-0.1006656885147095;0.9026195406913757;-0.2323063910007477;0;0
6610;1308;-0.09724735468626022;0.9004210233688355;-0.231817826628685;0;0
6615;1309;-0.08760539442300797;0.8950515985488892;-0.2281552255153656;0;0
6620;1310;-0.07722904533147812;0.8966370224952698;-0.2235170602798462;0;0
6625;1311;-0.07320079952478409;0.9021309614181519;-0.2230285108089447;0;0
6632;1312;-0.06172597780823708;0.9011538624763489;-0.2243712544441223;0;0
6637;1313;-0.05428095906972885;0.8999339938163757;-0.2236399799585342;0;0
6642;1314;-0.04854432493448257;0.9000554084777832;-0.2243712544441223;0;0
6647;1315;-0.04219622164964676;0.8998110890388489;-0.2274239510297775;0;0
6651;1316;-0.03377409279346466;0.8982240557670593;-0.2276682257652283;0;0
6656;1317;-0.02620615623891354;0.9012767672538757;-0.2296208888292313;0;0
6661;1318;-0.01973669230937958;0.9011538624763489;-0.226812481880188;0;0
6666;1319;-0.009725980460643768;0.902008056640625;-0.225836917757988;0;0
6671;1320;-0.004354986362159252;0.905305027961731;-0.2236399799585342;0;0
6677;1321;0.0002831752353813499;0.9129943251609802;-0.2233957052230835;0;0
6687;1322;0.005409891717135906;0.9181210398674011;-0.2221743166446686;0;0
6692;1323;0.00357858813367784;0.9205622673034668;-0.2215643972158432;0;0
6697;1324;0.003822865663096309;0.9269103407859802;-0.2252269983291626;0;0
6697;1325;0.005531252827495337;0.929228663444519;-0.2241269797086716;0;0
6702;1326;0.006019807886332274;0.9258118867874146;-0.2150949388742447;0;0
6707;1327;-0.002280961023643613;0.9305713772773743;-0.212530791759491;0;0
6711;1328;0.001747284550219774;0.9310599565505981;-0.2131422609090805;0;0
6716;1329;0.005042697302997112;0.9294729232788086;-0.2074040770530701;0;0
6722;1330;0.006629723589867353;0.9272760152816773;-0.1997147798538208;0;0
6729;1331;0.002968672197312117;0.9269103407859802;-0.1931224018335342;0;0
6734;1332;-0.008994703181087971;0.9223935604095459;-0.1956865340471268;0;0
6740;1333;0.001870201318524778;0.9358210563659668;-0.1927567571401596;0;0
6744;1334;0.006019807886332274;0.9355767369270325;-0.1845789104700089;0;0
6747;1335;0.00650836294516921;0.9300844073295593;-0.1787193566560745;0;0
6752;1336;0.01053660828620195;0.9328912496566773;-0.1820147782564163;0;0
6757;1337;0.01627324149012566;0.9336240887641907;-0.1855544596910477;0;0
6762;1338;0.0199358481913805;0.9369195103645325;-0.1853101849555969;0;0
6767;1339;0.02579384110867977;0.9381393194198608;-0.1817705035209656;0;0
6778;1340;0.02909081056714058;0.9383836388587952;-0.1861659437417984;0;0
6778;1341;0.03116483613848686;0.9410691261291504;-0.1848231852054596;0;0
6783;1342;0.03470608219504356;0.9407034516334534;-0.1792079210281372;0;0
6789;1343;0.03372897207736969;0.9461958408355713;-0.174202561378479;0;0
6793;1344;0.0300663635134697;0.947294294834137;-0.1763994991779327;0;0
6798;1345;0.03263049945235252;0.9480271339416504;-0.1812819391489029;0;0
6803;1346;0.03421752527356148;0.9493699073791504;-0.187385767698288;0;0
6808;1347;0.03482744097709656;0.9516897201538086;-0.1960521787405014;0;0
6813;1348;0.03482744097709656;0.9536424279212952;-0.1992262303829193;0;0
6818;1349;0.03299614042043686;0.9536424279212952;-0.2021560072898865;0;0
6824;1350;0.02823661640286446;0.9530324935913086;-0.2048414945602417;0;0
6831;1351;0.02811370044946671;0.953765332698822;-0.2088697403669357;0;0
6837;1352;0.02286562323570252;0.9494928121566773;-0.2110666930675507;0;0
6843;1353;0.01541904732584953;0.9461958408355713;-0.2094796597957611;0;0
6848;1354;0.01078088581562042;0.943144679069519;-0.2048414945602417;0;0
6848;1355;0.004311420954763889;0.9377737045288086;-0.2025216370820999;0;0
6853;1356;0.0005274527939036489;0.931548535823822;-0.2002033442258835;0;0
6858;1357;-0.007284760940819979;0.9253233075141907;-0.197394922375679;0;0
6863;1358;-0.01741683296859264;0.9183652997016907;-0.1975178420543671;0;0
6868;1359;-0.02254354953765869;0.9132385849952698;-0.1964193731546402;0;0
6879;1360;-0.03157715126872063;0.9098202586174011;-0.2011788934469223;0;0
6879;1361;-0.03780233860015869;0.9055477380752564;-0.2025216370820999;0;0
6887;1362;-0.0407305583357811;0.9071347713470459;-0.2021560072898865;0;0
6891;1363;-0.045735914260149;0.9078676104545593;-0.2059399634599686;0;0
6893;1364;-0.05012979730963707;0.910308837890625;-0.2083811908960342;0;0
6898;1365;-0.05171682313084602;0.914946973323822;-0.2111880481243134;0;0
6904;1366;-0.05379240214824677;0.9190981388092041;-0.2124094367027283;0;0
6908;1367;-0.05440232157707214;0.9258118867874146;-0.212653711438179;0;0
6913;1368;-0.05733209475874901;0.9280087947845459;-0.2168033123016357;0;0
6924;1369;-0.0541580431163311;0.9317927956581116;-0.2190002650022507;0;0
6929;1370;-0.05098554491996765;0.9342340230941773;-0.222784236073494;0;0
6934;1371;-0.0493985190987587;0.9391164779663086;-0.2214430421590805;0;0
6939;1372;-0.0475672148168087;0.9387508034706116;-0.2194888144731522;0;0
6939;1373;-0.04292905330657959;0.9411920309066773;-0.2193674594163895;0;0
6944;1374;-0.03890081122517586;0.9422904849052429;-0.2179017961025238;0;0
6949;1375;-0.03682522848248482;0.944121778011322;-0.210701048374176;0;0
6955;1376;-0.03243134543299675;0.9432675838470459;-0.2082598358392716;0;0
6959;1377;-0.02950157038867474;0.9397263526916504;-0.2044758647680283;0;0
6964;1378;-0.03108859620988369;0.9387508034706116;-0.1989819556474686;0;0
6971;1379;-0.02742598950862885;0.9370408654212952;-0.1962964534759522;0;0
6976;1380;-0.02413057535886765;0.9372851252555847;-0.1953209042549133;0;0
6981;1381;-0.02352065965533257;0.9360653162002564;-0.1940995156764984;0;0
6986;1382;-0.0208351630717516;0.9370408654212952;-0.1919025629758835;0;0
6991;1383;-0.01973669230937958;0.937529444694519;-0.1886071562767029;0;0
6996;1384;-0.01973669230937958;0.934843897819519;-0.1886071562767029;0;0
7000;1385;-0.01570844650268555;0.9332569241523743;-0.1928781270980835;0;0
7005;1386;-0.01436569727957249;0.9339897036552429;-0.1960521787405014;0;0
7010;1387;-0.007896232418715954;0.9339897036552429;-0.2003246992826462;0;0
7015;1388;-0.005210735369473696;0.9319141507148743;-0.2032544761896133;0;0
7024;1389;-0.006186289712786675;0.9295958280563355;-0.2032544761896133;0;0
7028;1390;-0.004233625251799822;0.9264218211174011;-0.206672802567482;0;0
7033;1391;0.001747284550219774;0.9282531142234802;-0.204597219824791;0;0
7038;1392;0.001014451961964369;0.9284973740577698;-0.2061842530965805;0;0
7040;1393;-0.004233625251799822;0.9261775016784668;-0.2050857692956924;0;0
7045;1394;-0.00386798707768321;0.928862988948822;-0.2059399634599686;0;0
7050;1395;-0.00276951608248055;0.9304500222206116;-0.2069170773029327;0;0
7055;1396;-0.007163399830460548;0.9313042163848877;-0.2039873003959656;0;0
7060;1397;-0.006309206597507;0.9303271174430847;-0.2028888314962387;0;0
7066;1398;-0.009604619815945625;0.9303271174430847;-0.2039873003959656;0;0
7073;1399;-0.01070309057831764;0.9300844073295593;-0.2042315900325775;0;0
7080;1400;-0.01314430963248015;0.931548535823822;-0.2017903625965118;0;0
7087;1401;-0.01436569727957249;0.9303271174430847;-0.2017903625965118;0;0
7087;1402;-0.01509697455912828;0.9270316958427429;-0.2047185897827148;0;0
7093;1403;-0.01741683296859264;0.9272760152816773;-0.2048414945602417;0;0
7096;1404;-0.02071224525570869;0.9272760152816773;-0.2054514139890671;0;0
7103;1405;-0.01814966648817062;0.929228663444519;-0.2087468206882477;0;0
7107;1406;-0.01985805295407772;0.9254446625709534;-0.2042315900325775;0;0
7111;1407;-0.02339774370193481;0.9286187291145325;-0.2030102014541626;0;0
7118;1408;-0.01949241384863854;0.9254446625709534;-0.2059399634599686;0;0
7132;1409;-0.02217791043221951;0.924224853515625;-0.2037430256605148;0;0
7132;1410;-0.0222992729395628;0.9237362742424011;-0.206549882888794;0;0
7143;1411;-0.02132216282188892;0.924224853515625;-0.2064285278320313;0;0
7143;1412;-0.02583896182477474;0.9222722053527832;-0.2049628645181656;0;0
7143;1413;-0.02388629876077175;0.9198309779167175;-0.2060613334178925;0;0
7153;1414;-0.02034660801291466;0.919586718082428;-0.2115552425384522;0;0
7153;1415;-0.02449621446430683;0.9193423986434937;-0.2076483517885208;0;0
7158;1416;-0.02486340887844563;0.9204409122467041;-0.2049628645181656;0;0
7161;1417;-0.02449621446430683;0.9230034947395325;-0.2064285278320313;0;0
7171;1418;-0.02400765940546989;0.9225149154663086;-0.2075269967317581;0;0
7178;1419;-0.02339774370193481;0.9198309779167175;-0.206549882888794;0;0
7178;1420;-0.02217791043221951;0.9203179478645325;-0.2074040770530701;0;0
7183;1421;-0.02095652371644974;0.9238576889038086;-0.2087468206882477;0;0
7188;1422;-0.01509697455912828;0.9222722053527832;-0.2089911103248596;0;0
7192;1423;-0.01387714222073555;0.9239805936813355;-0.2078926414251328;0;0
7198;1424;-0.01350994873791933;0.9263004064559937;-0.2067941576242447;0;0
7202;1425;-0.008506148122251034;0.9286187291145325;-0.2052071392536163;0;0
7207;1426;-0.005942012183368206;0.927885890007019;-0.2038643956184387;0;0
7219;1427;-0.003256515134125948;0.9273989200592041;-0.2059399634599686;0;0
7219;1428;-0.002036683494225144;0.9275202751159668;-0.206549882888794;0;0
7224;1429;0.0007717303233221173;0.9295958280563355;-0.2058170586824417;0;0
7233;1430;-0.000449657381977886;0.9283744692802429;-0.2013018131256104;0;0
7233;1431;-0.001426767557859421;0.9303271174430847;-0.2031331062316895;0;0
7238;1432;-0.001548128318972886;0.9295958280563355;-0.2072827219963074;0;0
7242;1433;-0.003745070425793529;0.9276431798934937;-0.2037430256605148;0;0
7247;1434;-0.005087818950414658;0.9313042163848877;-0.204597219824791;0;0
7252;1435;-0.004354986362159252;0.9322813153266907;-0.2063056081533432;0;0
7257;1436;-0.00301223760470748;0.9337454438209534;-0.2048414945602417;0;0
7266;1437;-0.005455012898892164;0.9322813153266907;-0.2088697403669357;0;0
7273;1438;-0.009604619815945625;0.9322813153266907;-0.2077712714672089;0;0
7278;1439;-0.0094817029312253;0.9321584105491638;-0.2091140151023865;0;0
7278;1440;-0.0105817299336195;0.9324027299880981;-0.2103338539600372;0;0
7283;1441;-0.007529038470238447;0.9339897036552429;-0.2080155462026596;0;0
7288;1442;-0.01119164563715458;0.9331355094909668;-0.210578128695488;0;0
7293;1443;-0.01106872875243425;0.9332569241523743;-0.2082598358392716;0;0
7298;1444;-0.01119164563715458;0.9327698945999146;-0.2070384472608566;0;0
7303;1445;-0.01680691726505756;0.9331355094909668;-0.2076483517885208;0;0
7308;1446;-0.01424278132617474;0.9353324770927429;-0.2080155462026596;0;0
7316;1447;-0.01595116779208183;0.9335011839866638;-0.2063056081533432;0;0
7320;1448;-0.01961377449333668;0.9319141507148743;-0.2081369161605835;0;0
7324;1449;-0.01827102713286877;0.9354553818702698;-0.2088697403669357;0;0
7329;1450;-0.01827102713286877;0.9378966093063355;-0.2121651619672775;0;0
7333;1451;-0.0208351630717516;0.9343553781509399;-0.2110666930675507;0;0
7338;1452;-0.02071224525570869;0.931182861328125;-0.2087468206882477;0;0
7343;1453;-0.02107943966984749;0.9314271807670593;-0.2130193561315537;0;0
7348;1454;-0.02242218889296055;0.9343553781509399;-0.2158277630805969;0;0
7353;1455;-0.02217791043221951;0.9350882172584534;-0.2152162939310074;0;0
7359;1456;-0.02107943966984749;0.9320370554924011;-0.212530791759491;0;0
7368;1457;-0.0204679686576128;0.9291073083877564;-0.2148506492376328;0;0
7369;1458;-0.02120080031454563;0.9306943416595459;-0.2130193561315537;0;0
7374;1459;-0.02095652371644974;0.9308156967163086;-0.2142407447099686;0;0
7379;1460;-0.02156643941998482;0.9327698945999146;-0.2120437920093536;0;0
7383;1461;-0.0222992729395628;0.928862988948822;-0.2121651619672775;0;0
7388;1462;-0.01949241384863854;0.9271546006202698;-0.2136308252811432;0;0
7393;1463;-0.02156643941998482;0.9293515682220459;-0.2128979861736298;0;0
7399;1464;-0.02449621446430683;0.929228663444519;-0.2158277630805969;0;0
7404;1465;-0.02034660801291466;0.9259332418441773;-0.2142407447099686;0;0
7412;1466;-0.02510613016784191;0.9258118867874146;-0.2171705067157745;0;0
7417;1467;-0.02999012544751167;0.9264218211174011;-0.2175361514091492;0;0
7420;1468;-0.0271817110478878;0.9241019487380981;-0.221808671951294;0;0
7425;1469;-0.02876873686909676;0.9215393662452698;-0.2226628661155701;0;0
7429;1470;-0.03194278851151466;0.9209294319152832;-0.2188788950443268;0;0
7434;1471;-0.02828018181025982;0.9190981388092041;-0.2215643972158432;0;0
7439;1472;-0.02925729192793369;0.9178767204284668;-0.2220529466867447;0;0
7444;1473;-0.03328553959727287;0.9188538789749146;-0.2235170602798462;0;0
7449;1474;-0.03609239682555199;0.9140927791595459;-0.2243712544441223;0;0
7455;1475;-0.03487256541848183;0.9123843908309937;-0.2207102030515671;0;0
7466;1476;-0.03511684015393257;0.9153141975402832;-0.220587283372879;0;0
7471;1477;-0.03853361681103706;0.9167782664299011;-0.2213201224803925;0;0
7471;1478;-0.04048783704638481;0.9187309145927429;-0.2219300419092178;0;0
7476;1479;-0.04109775274991989;0.9192194938659668;-0.219856008887291;0;0
7480;1480;-0.04305041581392288;0.9150698781013489;-0.2160720378160477;0;0
7485;1481;-0.0425618588924408;0.9160454273223877;-0.2202216535806656;0;0
7490;1482;-0.04231758415699005;0.9188538789749146;-0.2276682257652283;0;0
7495;1483;-0.04195194318890572;0.9214164614677429;-0.2255926430225372;0;0
7500;1484;-0.03828933835029602;0.9189752340316773;-0.2211987525224686;0;0
7509;1485;-0.0374351441860199;0.9199523329734802;-0.2190002650022507;0;0
7510;1486;-0.03487256541848183;0.9236149191856384;-0.2170476019382477;0;0
7516;1487;-0.03621531277894974;0.924224853515625;-0.2159491330385208;0;0
7522;1488;-0.0340183712542057;0.9247134327888489;-0.2175361514091492;0;0
7527;1489;-0.03474964573979378;0.9271546006202698;-0.2177804261445999;0;0
7531;1490;-0.03060004115104675;0.9263004064559937;-0.2137521803379059;0;0
7535;1491;-0.03023440204560757;0.9266660809516907;-0.2136308252811432;0;0
7541;1492;-0.0290130153298378;0.9282531142234802;-0.2147292941808701;0;0
7545;1493;-0.02864737622439861;0.9330126047134399;-0.2133865505456924;0;0
7550;1494;-0.02583896182477474;0.9320370554924011;-0.2100895792245865;0;0
7560;1495;-0.02400765940546989;0.9328912496566773;-0.2089911103248596;0;0
7565;1496;-0.02461913041770458;0.936186671257019;-0.210701048374176;0;0
7570;1497;-0.02303210459649563;0.9356980919837952;-0.2122880816459656;0;0
7573;1498;-0.02596187964081764;0.9332569241523743;-0.2089911103248596;0;0
7576;1499;-0.02425193600356579;0.9356980919837952;-0.2130193561315537;0;0
7581;1500;-0.02352065965533257;0.937529444694519;-0.2120437920093536;0;0
7586;1501;-0.0257176011800766;0.938506543636322;-0.2113109678030014;0;0
7591;1502;-0.02742598950862885;0.9392393827438355;-0.2115552425384522;0;0
7596;1503;-0.0275489054620266;0.9408248066902161;-0.2061842530965805;0;0
7601;1504;-0.02742598950862885;0.938506543636322;-0.2004476189613342;0;0
7608;1505;-0.02950157038867474;0.9399706125259399;-0.1958079040050507;0;0
7614;1506;-0.03084431774914265;0.9398492574691773;-0.1909254640340805;0;0
7619;1507;-0.0222992729395628;0.9270316958427429;-0.2078926414251328;0;0
7624;1508;-0.02425193600356579;0.9297171831130981;-0.2061842530965805;0;0
7627;1509;-0.0275489054620266;0.9326469898223877;-0.2036201059818268;0;0
7632;1510;-0.02596187964081764;0.9319141507148743;-0.1992262303829193;0;0
7636;1511;-0.02608324028551579;0.929228663444519;-0.1997147798538208;0;0
7641;1512;-0.0290130153298378;0.9295958280563355;-0.2031331062316895;0;0
7647;1513;-0.02999012544751167;0.9247134327888489;-0.2022773623466492;0;0
7657;1514;-0.03011148609220982;0.9233706593513489;-0.2004476189613342;0;0
7657;1515;-0.03060004115104675;0.9247134327888489;-0.2003246992826462;0;0
7665;1516;-0.03060004115104675;0.9254446625709534;-0.2060613334178925;0;0
7667;1517;-0.02974584698677063;0.9216607213020325;-0.2078926414251328;0;0
7672;1518;-0.03181987255811691;0.9205622673034668;-0.2114323228597641;0;0
7677;1519;-0.0326756201684475;0.9205622673034668;-0.2139964550733566;0;0
7682;1520;-0.03377409279346466;0.9200736880302429;-0.2203430086374283;0;0
7687;1521;-0.03389545530080795;0.9164126515388489;-0.2191231846809387;0;0
7692;1522;-0.03584811836481094;0.916289746761322;-0.216559037566185;0;0
7697;1523;-0.0374351441860199;0.9156798124313355;-0.2215643972158432;0;0
7705;1524;-0.03767942264676094;0.9138485193252564;-0.2262025624513626;0;0
7710;1525;-0.03645959123969078;0.9144600033760071;-0.2283995002508164;0;0
7715;1526;-0.03609239682555199;0.9126286506652832;-0.2275453060865402;0;0
7719;1527;-0.03584811836481094;0.9115301966667175;-0.2264468371868134;0;0
7722;1528;-0.03731378167867661;0.9127500057220459;-0.2296208888292313;0;0
7727;1529;-0.03987636417150497;0.9126286506652832;-0.2334048599004746;0;0
7732;1530;-0.03377409279346466;0.9115301966667175;-0.2352361530065537;0;0
7737;1531;-0.03279698267579079;0.9123843908309937;-0.2319391965866089;0;0
7742;1532;-0.03084431774914265;0.9114072918891907;-0.2323063910007477;0;0
7753;1533;-0.0307214017957449;0.9137271642684937;-0.229742243885994;0;0
7753;1534;-0.03462828695774078;0.913604199886322;-0.227912500500679;0;0
7763;1535;-0.03377409279346466;0.9190981388092041;-0.2257139980792999;0;0
7764;1536;-0.03023440204560757;0.9210507869720459;-0.2271796762943268;0;0
7768;1537;-0.0307214017957449;0.9221493005752564;-0.223884254693985;0;0
7773;1538;-0.03243134543299675;0.9216607213020325;-0.2237613350152969;0;0
7778;1539;-0.02852446027100086;0.9284973740577698;-0.2197330892086029;0;0
7783;1540;-0.02791454456746578;0.9298401474952698;-0.218634620308876;0;0
7788;1541;-0.02779162675142288;0.9317927956581116;-0.2164376825094223;0;0
7793;1542;-0.02852446027100086;0.9355767369270325;-0.216559037566185;0;0
7801;1543;-0.02681607194244862;0.9382622838020325;-0.2102124989032745;0;0
7806;1544;-0.02193363383412361;0.9392393827438355;-0.2064285278320313;0;0
7811;1545;-0.02120080031454563;0.9396049976348877;-0.204597219824791;0;0
7820;1546;-0.01997941359877586;0.9410691261291504;-0.2037430256605148;0;0
7820;1547;-0.01814966648817062;0.9400935769081116;-0.2031331062316895;0;0
7824;1548;-0.01729391701519489;0.9408248066902161;-0.2004476189613342;0;0
7829;1549;-0.01436569727957249;0.9424118399620056;-0.2016674429178238;0;0
7834;1550;-0.01534125208854675;0.9439988732337952;-0.2019117176532745;0;0
7839;1551;-0.01314430963248015;0.9393607378005981;-0.1982491165399551;0;0
7843;1552;-0.01766111142933369;0.937163770198822;-0.1994705051183701;0;0
7852;1553;-0.01631836220622063;0.937529444694519;-0.2048414945602417;0;0
7857;1554;-0.01534125208854675;0.938506543636322;-0.2019117176532745;0;0
7859;1555;-0.01546416897326708;0.9383836388587952;-0.2017903625965118;0;0
7867;1556;-0.01509697455912828;0.9363095760345459;-0.203375831246376;0;0
7869;1557;-0.01631836220622063;0.9363095760345459;-0.2043529450893402;0;0
7874;1558;-0.01778247207403183;0.9396049976348877;-0.1999590545892716;0;0
7879;1559;-0.01570844650268555;0.9402149319648743;-0.2038643956184387;0;0
7884;1560;-0.01717255637049675;0.9410691261291504;-0.2049628645181656;0;0
7889;1561;-0.01643972285091877;0.9392393827438355;-0.2067941576242447;0;0
7897;1562;-0.01643972285091877;0.9387508034706116;-0.2071598023176193;0;0
7903;1563;-0.01692827790975571;0.9389950633049011;-0.2063056081533432;0;0
7916;1564;-0.01631836220622063;0.9367981553077698;-0.2058170586824417;0;0
7916;1565;-0.01643972285091877;0.9343553781509399;-0.2067941576242447;0;0
7916;1566;-0.01558552961796522;0.9304500222206116;-0.2085025459527969;0;0
7921;1567;-0.01570844650268555;0.9284973740577698;-0.2058170586824417;0;0
7927;1568;-0.01717255637049675;0.9308156967163086;-0.2063056081533432;0;0
7930;1569;-0.02059088461101055;0.9270316958427429;-0.2075269967317581;0;0
7937;1570;-0.01753819361329079;0.925567626953125;-0.2150949388742447;0;0
7940;1571;-0.01912521943449974;0.9248347878456116;-0.2147292941808701;0;0
7946;1572;-0.0208351630717516;0.9260561466217041;-0.2147292941808701;0;0
7955;1573;-0.01839394308626652;0.9247134327888489;-0.2158277630805969;0;0
7955;1574;-0.02071224525570869;0.9227591753005981;-0.2153392136096954;0;0
7964;1575;-0.02486340887844563;0.9210507869720459;-0.2128979861736298;0;0
7966;1576;-0.02254354953765869;0.9220278859138489;-0.2143620997667313;0;0
7970;1577;-0.02669315598905087;0.9231263995170593;-0.2132636308670044;0;0
7975;1578;-0.0275489054620266;0.919586718082428;-0.2113109678030014;0;0
7980;1579;-0.02876873686909676;0.9186095595359802;-0.2127750664949417;0;0
7985;1580;-0.03108859620988369;0.9171454906463623;-0.2144850194454193;0;0
7991;1581;-0.03218706697225571;0.9166569113731384;-0.2138735502958298;0;0
8000;1582;-0.03181987255811691;0.9153141975402832;-0.212530791759491;0;0
8006;1583;-0.03511684015393257;0.9187309145927429;-0.2172918766736984;0;0
8012;1584;-0.03316261991858482;0.9181210398674011;-0.2176575064659119;0;0
8012;1585;-0.03462828695774078;0.9176324605941773;-0.2150949388742447;0;0
8018;1586;-0.0341397300362587;0.9129943251609802;-0.2172918766736984;0;0
8022;1587;-0.03609239682555199;0.9166569113731384;-0.2169262319803238;0;0
8026;1588;-0.03511684015393257;0.9199523329734802;-0.2159491330385208;0;0
8030;1589;-0.03511684015393257;0.9165340065956116;-0.2203430086374283;0;0
8036;1590;-0.03169851005077362;0.913604199886322;-0.2130193561315537;0;0
8041;1591;-0.03206415101885796;0.9132385849952698;-0.216559037566185;0;0
8047;1592;-0.03426109254360199;0.9139714241027832;-0.2197330892086029;0;0
8051;1593;-0.03255270421504974;0.915924072265625;-0.2190002650022507;0;0
8057;1594;-0.02803590521216393;0.916901171207428;-0.2179017961025238;0;0
8061;1595;-0.02889165468513966;0.9150698781013489;-0.2193674594163895;0;0
8066;1596;-0.02742598950862885;0.9179996848106384;-0.2144850194454193;0;0
8071;1597;-0.02315346524119377;0.9220278859138489;-0.2075269967317581;0;0
8076;1598;-0.02352065965533257;0.9231263995170593;-0.2091140151023865;0;0
8081;1599;-0.02437485381960869;0.9227591753005981;-0.2122880816459656;0;0
8086;1600;-0.02339774370193481;0.9225149154663086;-0.2131422609090805;0;0
8097;1601;-0.01851530373096466;0.9283744692802429;-0.2132636308670044;0;0
8097;1602;-0.01534125208854675;0.9275202751159668;-0.2109453231096268;0;0
8104;1603;-0.01509697455912828;0.9280087947845459;-0.2117995172739029;0;0
8109;1604;-0.01314430963248015;0.9309386014938355;-0.2091140151023865;0;0
8114;1605;-0.01363286469131708;0.9286187291145325;-0.2111880481243134;0;0
8117;1606;-0.01290003210306168;0.9291073083877564;-0.210578128695488;0;0
8122;1607;-0.009725980460643768;0.931182861328125;-0.2083811908960342;0;0
8127;1608;-0.008506148122251034;0.931548535823822;-0.2072827219963074;0;0
8132;1609;-0.01009317487478256;0.9310599565505981;-0.2019117176532745;0;0
8137;1610;-0.007651954889297485;0.9327698945999146;-0.2016674429178238;0;0
8150;1611;-0.01216719951480627;0.9332569241523743;-0.1997147798538208;0;0
8150;1612;-0.009360342286527157;0.9328912496566773;-0.2005689740180969;0;0
8161;1613;-0.0105817299336195;0.9328912496566773;-0.2017903625965118;0;0
8161;1614;-0.009360342286527157;0.9335011839866638;-0.2002033442258835;0;0
8172;1615;-0.008261870592832565;0.9316698908805847;-0.2027659118175507;0;0
8172;1616;-0.009116064757108688;0.9308156967163086;-0.2032544761896133;0;0
8180;1617;-0.01168020069599152;0.9295958280563355;-0.2089911103248596;0;0
8180;1618;-0.01338858716189861;0.9282531142234802;-0.204597219824791;0;0
8182;1619;-0.01131300628185272;0.9272760152816773;-0.2064285278320313;0;0
8190;1620;-0.009238980710506439;0.9247134327888489;-0.2088697403669357;0;0
8196;1621;-0.01168020069599152;0.9222722053527832;-0.2085025459527969;0;0
8202;1622;-0.01180156134068966;0.9221493005752564;-0.2139964550733566;0;0
8206;1623;-0.01253439392894507;0.9212951064109802;-0.2132636308670044;0;0
8208;1624;-0.0122901163995266;0.9189752340316773;-0.2104567736387253;0;0
8212;1625;-0.00887178722769022;0.9192194938659668;-0.2142407447099686;0;0
8217;1626;-0.01094736810773611;0.9176324605941773;-0.2150949388742447;0;0
8222;1627;-0.01546416897326708;0.9158027172088623;-0.2166819572448731;0;0
8229;1628;-0.0137542262673378;0.9151912331581116;-0.2210758477449417;0;0
8233;1629;-0.01570844650268555;0.9183652997016907;-0.2214430421590805;0;0
8246;1630;-0.01521989144384861;0.9148256182670593;-0.2257139980792999;0;0
8246;1631;-0.01643972285091877;0.9156798124313355;-0.227789580821991;0;0
8252;1632;-0.01778247207403183;0.9188538789749146;-0.2283995002508164;0;0
8257;1633;-0.01839394308626652;0.9203179478645325;-0.2323063910007477;0;0
8260;1634;-0.01790538802742958;0.9256889820098877;-0.2329162955284119;0;0
8264;1635;-0.01936949789524078;0.9275202751159668;-0.2312079071998596;0;0
8269;1636;-0.0204679686576128;0.9300844073295593;-0.2286437749862671;0;0
8277;1637;-0.02620615623891354;0.931548535823822;-0.2264468371868134;0;0
8278;1638;-0.02449621446430683;0.9349668622016907;-0.2231514304876328;0;0
8284;1639;-0.02669315598905087;0.9355767369270325;-0.2220529466867447;0;0
8290;1640;-0.02876873686909676;0.9363095760345459;-0.2248598039150238;0;0
8295;1641;-0.02974584698677063;0.9341126680374146;-0.2232727855443955;0;0
8300;1642;-0.03169851005077362;0.9326469898223877;-0.2179017961025238;0;0
8304;1643;-0.03523820266127586;0.9308156967163086;-0.2161934077739716;0;0
8308;1644;-0.03450537100434303;0.9281302094459534;-0.2159491330385208;0;0
8313;1645;-0.03474964573979378;0.9275202751159668;-0.2119208872318268;0;0
8319;1646;-0.03633667156100273;0.9286187291145325;-0.2096025794744492;0;0
8323;1647;-0.0356038399040699;0.9294729232788086;-0.2096025794744492;0;0
8328;1648;-0.03670386597514153;0.9270316958427429;-0.2148506492376328;0;0
8334;1649;-0.03474964573979378;0.9282531142234802;-0.2113109678030014;0;0
8340;1650;-0.0340183712542057;0.9295958280563355;-0.2091140151023865;0;0
8349;1651;-0.03181987255811691;0.9324027299880981;-0.2054514139890671;0;0
8355;1652;-0.02950157038867474;0.9331355094909668;-0.2047185897827148;0;0
8355;1653;-0.02852446027100086;0.9372851252555847;-0.2050857692956924;0;0
8359;1654;-0.02583896182477474;0.9350882172584534;-0.2060613334178925;0;0
8365;1655;-0.02498476952314377;0.9377737045288086;-0.2034987509250641;0;0
8369;1656;-0.02059088461101055;0.9399706125259399;-0.1971506476402283;0;0
8375;1657;-0.01814966648817062;0.9376523494720459;-0.2017903625965118;0;0
8379;1658;-0.01546416897326708;0.9400935769081116;-0.1978834718465805;0;0
8389;1659;-0.01216719951480627;0.9378966093063355;-0.1948323398828507;0;0
8395;1660;-0.01033745240420103;0.9386278986930847;-0.1926354020833969;0;0
8395;1661;-0.01180156134068966;0.9400935769081116;-0.1931224018335342;0;0
8402;1662;-0.01070309057831764;0.9391164779663086;-0.1956865340471268;0;0
8405;1663;-0.008994703181087971;0.9397263526916504;-0.1926354020833969;0;0
8409;1664;-0.005455012898892164;0.9398492574691773;-0.1997147798538208;0;0
8414;1665;-0.005942012183368206;0.9398492574691773;-0.1998361498117447;0;0
8419;1666;-0.008506148122251034;0.9418019652366638;-0.2008132487535477;0;0
8425;1667;-0.00887178722769022;0.9391164779663086;-0.2060613334178925;0;0
8431;1668;-0.008138954639434815;0.9369195103645325;-0.2064285278320313;0;0
8436;1669;-0.008017593063414097;0.9394820928573608;-0.206672802567482;0;0
8448;1670;-0.009604619815945625;0.9394820928573608;-0.2049628645181656;0;0
8452;1671;-0.01021453551948071;0.9376523494720459;-0.2044758647680283;0;0
8452;1672;-0.009116064757108688;0.9405820965766907;-0.2032544761896133;0;0
8456;1673;-0.008261870592832565;0.9380179643630981;-0.2070384472608566;0;0
8460;1674;-0.008627509698271751;0.9363095760345459;-0.2083811908960342;0;0
8466;1675;-0.01021453551948071;0.9404591917991638;-0.2036201059818268;0;0
8470;1676;-0.008994703181087971;0.9402149319648743;-0.2011788934469223;0;0
8475;1677;-0.01045881304889917;0.9358210563659668;-0.203375831246376;0;0
8480;1678;-0.01424278132617474;0.9359424114227295;-0.2013018131256104;0;0
8486;1679;-0.01473133638501167;0.9389950633049011;-0.2039873003959656;0;0
8497;1680;-0.01314430963248015;0.9330126047134399;-0.2016674429178238;0;0
8500;1681;-0.01412141975015402;0.9309386014938355;-0.2003246992826462;0;0
8501;1682;-0.01546416897326708;0.931182861328125;-0.2034987509250641;0;0
8505;1683;-0.01485269702970982;0.9295958280563355;-0.2052071392536163;0;0
8511;1684;-0.01546416897326708;0.9283744692802429;-0.2032544761896133;0;0
8516;1685;-0.02022369019687176;0.9287416338920593;-0.2042315900325775;0;0
8521;1686;-0.01961377449333668;0.9293515682220459;-0.2088697403669357;0;0
8526;1687;-0.02010232955217362;0.9267874360084534;-0.2044758647680283;0;0
8535;1688;-0.02022369019687176;0.9281302094459534;-0.2022773623466492;0;0
8540;1689;-0.0208351630717516;0.9287416338920593;-0.203375831246376;0;0
8544;1690;-0.02388629876077175;0.9271546006202698;-0.2014231681823731;0;0
8548;1691;-0.01912521943449974;0.9299615025520325;-0.1987376660108566;0;0
8551;1692;-0.0208351630717516;0.9300844073295593;-0.1992262303829193;0;0
8556;1693;-0.01961377449333668;0.929228663444519;-0.1922682076692581;0;0
8561;1694;-0.01741683296859264;0.9304500222206116;-0.1927567571401596;0;0
8566;1695;-0.01570844650268555;0.9277645349502564;-0.195442259311676;0;0
8571;1696;-0.01607408374547958;0.924224853515625;-0.1917796581983566;0;0
8582;1697;-0.01363286469131708;0.9247134327888489;-0.1919025629758835;0;0
8588;1698;-0.01290003210306168;0.9245904684066773;-0.1938552260398865;0;0
8588;1699;-0.01314430963248015;0.919586718082428;-0.1950766146183014;0;0
8597;1700;-0.01155728381127119;0.9183652997016907;-0.1983720362186432;0;0
8597;1701;-0.01253439392894507;0.9171454906463623;-0.1994705051183701;0;0
8602;1702;-0.01363286469131708;0.9165340065956116;-0.2032544761896133;0;0
8607;1703;-0.01094736810773611;0.9171454906463623;-0.2074040770530701;0;0
8611;1704;-0.01143592316657305;0.9171454906463623;-0.2075269967317581;0;0
8617;1705;-0.009848897345364094;0.9187309145927429;-0.208625465631485;0;0
8622;1706;-0.01131300628185272;0.9181210398674011;-0.2087468206882477;0;0
8630;1707;-0.01436569727957249;0.921904981136322;-0.2139964550733566;0;0
8636;1708;-0.01473133638501167;0.9234920144081116;-0.2116765975952148;0;0
8641;1709;-0.0122901163995266;0.9272760152816773;-0.2088697403669357;0;0
8646;1710;-0.013022948987782;0.9293515682220459;-0.2110666930675507;0;0
8647;1711;-0.01607408374547958;0.9299615025520325;-0.2074040770530701;0;0
8652;1712;-0.01558552961796522;0.9300844073295593;-0.2080155462026596;0;0
8657;1713;-0.01314430963248015;0.9324027299880981;-0.2024002820253372;0;0
8662;1714;-0.01338858716189861;0.9339897036552429;-0.2020330876111984;0;0
8667;1715;-0.01497561391443014;0.9313042163848877;-0.2025216370820999;0;0
8672;1716;-0.01399850379675627;0.9365538954734802;-0.2037430256605148;0;0
8680;1717;-0.01436569727957249;0.9331355094909668;-0.2037430256605148;0;0
8684;1718;-0.01570844650268555;0.9300844073295593;-0.2038643956184387;0;0
8690;1719;-0.01424278132617474;0.9317927956581116;-0.2003246992826462;0;0
8695;1720;-0.01643972285091877;0.9319141507148743;-0.2013018131256104;0;0
8698;1721;-0.01558552961796522;0.9321584105491638;-0.203375831246376;0;0
8703;1722;-0.01705119386315346;0.9330126047134399;-0.1999590545892716;0;0
8708;1723;-0.01631836220622063;0.9333798289299011;-0.1986163109540939;0;0
8713;1724;-0.01509697455912828;0.9332569241523743;-0.1982491165399551;0;0
8718;1725;-0.01485269702970982;0.9322813153266907;-0.1967850029468536;0;0
8728;1726;-0.01350994873791933;0.9349668622016907;-0.1942208707332611;0;0
8728;1727;-0.00691912230104208;0.9369195103645325;-0.1988605856895447;0;0
8733;1728;-0.006430567242205143;0.9374080896377564;-0.1988605856895447;0;0
8743;1729;-0.001059573260135949;0.9377737045288086;-0.1980048418045044;0;0
8743;1730;0.001870201318524778;0.9407034516334534;-0.2016674429178238;0;0
8748;1731;0.002114478731527925;0.9411920309066773;-0.204597219824791;0;0
8753;1732;0.004432781599462032;0.9408248066902161;-0.203375831246376;0;0
8758;1733;0.005654169246554375;0.9410691261291504;-0.2015460878610611;0;0
8763;1734;0.009193859994411469;0.9386278986930847;-0.1998361498117447;0;0
8769;1735;0.009193859994411469;0.9374080896377564;-0.2021560072898865;0;0
8777;1736;0.009315220639109612;0.9359424114227295;-0.2014231681823731;0;0
8782;1737;0.008095389232039452;0.9365538954734802;-0.2002033442258835;0;0
8787;1738;0.007241195533424616;0.9339897036552429;-0.2003246992826462;0;0
8791;1739;0.005409891717135906;0.9341126680374146;-0.2008132487535477;0;0
8794;1740;0.003334310604259372;0.9336240887641907;-0.1992262303829193;0;0
8799;1741;0.004188504070043564;0.9347225427627564;-0.2016674429178238;0;0
8804;1742;0.001137368730269373;0.936186671257019;-0.2006903439760208;0;0
8809;1743;0.003334310604259372;0.9359424114227295;-0.2022773623466492;0;0
8814;1744;0.0007717303233221173;0.9330126047134399;-0.2043529450893402;0;0
8819;1745;-0.002646599430590868;0.9308156967163086;-0.2052071392536163;0;0
8828;1746;-0.004112264607101679;0.9338683485984802;-0.2025216370820999;0;0
8832;1747;-0.004843541420996189;0.9319141507148743;-0.2028888314962387;0;0
8837;1748;-0.006430567242205143;0.931548535823822;-0.2025216370820999;0;0
8842;1749;-0.007529038470238447;0.929228663444519;-0.2030102014541626;0;0
8844;1750;-0.009116064757108688;0.9304500222206116;-0.2067941576242447;0;0
8849;1751;-0.01253439392894507;0.9310599565505981;-0.2037430256605148;0;0
8854;1752;-0.0105817299336195;0.9286187291145325;-0.2041086703538895;0;0
8860;1753;-0.009970257990062237;0.9282531142234802;-0.2034987509250641;0;0
8865;1754;-0.01106872875243425;0.9248347878456116;-0.2050857692956924;0;0
8871;1755;-0.008138954639434815;0.9245904684066773;-0.2055743336677551;0;0
8878;1756;-0.01350994873791933;0.9253233075141907;-0.2019117176532745;0;0
8885;1757;-0.01497561391443014;0.9269103407859802;-0.2038643956184387;0;0
8891;1758;-0.007284760940819979;0.9287416338920593;-0.2075269967317581;0;0
8891;1759;-0.01241147704422474;0.9272760152816773;-0.2041086703538895;0;0
8897;1760;-0.01033745240420103;0.9281302094459534;-0.206672802567482;0;0
8901;1761;-0.007651954889297485;0.9317927956581116;-0.2058170586824417;0;0
8905;1762;-0.008383232168853283;0.9298401474952698;-0.2071598023176193;0;0
8910;1763;-0.009970257990062237;0.9335011839866638;-0.2115552425384522;0;0
8915;1764;-0.008017593063414097;0.9305713772773743;-0.2099682092666626;0;0
8929;1765;-0.008994703181087971;0.927885890007019;-0.2060613334178925;0;0
8929;1766;-0.007529038470238447;0.9304500222206116;-0.2098453044891357;0;0
8936;1767;-0.007407677359879017;0.9305713772773743;-0.2082598358392716;0;0
8942;1768;-0.007773315999656916;0.9298401474952698;-0.2047185897827148;0;0
8942;1769;-0.005332096479833126;0.9283744692802429;-0.2078926414251328;0;0
8949;1770;-0.008627509698271751;0.9303271174430847;-0.2076483517885208;0;0
8951;1771;-0.005820651538670063;0.9267874360084534;-0.2087468206882477;0;0
8957;1772;-0.001182490028440952;0.9259332418441773;-0.2096025794744492;0;0
8960;1773;-0.01106872875243425;0.9309386014938355;-0.2108224034309387;0;0
8966;1774;-0.009116064757108688;0.9306943416595459;-0.2060613334178925;0;0
8973;1775;-0.005697734653949738;0.929228663444519;-0.2085025459527969;0;0
8979;1776;-0.005210735369473696;0.928862988948822;-0.2083811908960342;0;0
8984;1777;-0.004354986362159252;0.9247134327888489;-0.2135079056024551;0;0
8989;1778;-0.00301223760470748;0.9280087947845459;-0.2116765975952148;0;0
8991;1779;-0.004966457840055227;0.9280087947845459;-0.212653711438179;0;0
8996;1780;-0.001792405848391354;0.9272760152816773;-0.2111880481243134;0;0
9001;1781;-0.002158044371753931;0.9283744692802429;-0.210578128695488;0;0
9006;1782;0.000160258510732092;0.9277645349502564;-0.2117995172739029;0;0
9011;1783;0.001747284550219774;0.927885890007019;-0.2133865505456924;0;0
9018;1784;0.0004045360547024757;0.9284973740577698;-0.2115552425384522;0;0
9024;1785;0.0002831752353813499;0.9293515682220459;-0.2089911103248596;0;0
9027;1786;0.00357858813367784;0.9297171831130981;-0.2119208872318268;0;0
9038;1787;0.002114478731527925;0.9281302094459534;-0.210578128695488;0;0
9038;1788;0.003212949726730585;0.9284973740577698;-0.2094796597957611;0;0
9042;1789;0.002235839609056711;0.928862988948822;-0.208625465631485;0;0
9047;1790;0.002724394667893648;0.9297171831130981;-0.2044758647680283;0;0
9051;1791;0.004555698484182358;0.9277645349502564;-0.202644556760788;0;0
9057;1792;0.004921336658298969;0.9273989200592041;-0.204597219824791;0;0
9061;1793;0.004677059128880501;0.9269103407859802;-0.2042315900325775;0;0
9073;1794;0.007851111702620983;0.9254446625709534;-0.2044758647680283;0;0
9073;1795;-0.001059573260135949;0.929228663444519;-0.2048414945602417;0;0
9081;1796;-0.0008152957307174802;0.9321584105491638;-0.2042315900325775;0;0
9090;1797;0.001137368730269373;0.9295958280563355;-0.2067941576242447;0;0
9090;1798;0.0008930911426432431;0.9271546006202698;-0.2080155462026596;0;0
9098;1799;3.889769868692383e-05;0.9258118867874146;-0.2071598023176193;0;0
9098;1800;-0.004843541420996189;0.9275202751159668;-0.2076483517885208;0;0
9102;1801;-0.00386798707768321;0.9259332418441773;-0.208625465631485;0;0
9107;1802;-0.002646599430590868;0.9273989200592041;-0.210578128695488;0;0
9113;1803;-0.004233625251799822;0.9309386014938355;-0.2072827219963074;0;0
9122;1804;-0.006186289712786675;0.9294729232788086;-0.2132636308670044;0;0
9128;1805;-0.004112264607101679;0.9344782829284668;-0.208625465631485;0;0
9135;1806;-0.004354986362159252;0.9331355094909668;-0.2081369161605835;0;0
9135;1807;-0.01082445122301579;0.9337454438209534;-0.2088697403669357;0;0
9139;1808;-0.005210735369473696;0.932525634765625;-0.204597219824791;0;0
9143;1809;-0.006553484126925468;0.9352111220359802;-0.2075269967317581;0;0
9148;1810;-0.006553484126925468;0.9335011839866638;-0.2122880816459656;0;0
9153;1811;-0.007896232418715954;0.9316698908805847;-0.2137521803379059;0;0
9158;1812;-0.007284760940819979;0.932525634765625;-0.210701048374176;0;0
9169;1813;-0.005576374009251595;0.9370408654212952;-0.212653711438179;0;0
9169;1814;-0.006064929068088532;0.9350882172584534;-0.2144850194454193;0;0
9176;1815;-0.01265575457364321;0.9328912496566773;-0.2141178250312805;0;0
9186;1816;-0.008627509698271751;0.9322813153266907;-0.2119208872318268;0;0
9186;1817;-0.005087818950414658;0.9350882172584534;-0.2078926414251328;0;0
9197;1818;-0.006553484126925468;0.9298401474952698;-0.2092353850603104;0;0
9197;1819;-0.008994703181087971;0.9256889820098877;-0.210578128695488;0;0
9201;1820;-0.00887178722769022;0.9308156967163086;-0.2109453231096268;0;0
9203;1821;-0.009604619815945625;0.9287416338920593;-0.2127750664949417;0;0
9208;1822;-0.00887178722769022;0.9298401474952698;-0.2110666930675507;0;0
9221;1823;-0.009725980460643768;0.9316698908805847;-0.2108224034309387;0;0
9221;1824;-0.01155728381127119;0.9269103407859802;-0.2149720191955566;0;0
9228;1825;-0.0105817299336195;0.9280087947845459;-0.2168033123016357;0;0
9232;1826;-0.01412141975015402;0.9277645349502564;-0.2211987525224686;0;0
9234;1827;-0.01509697455912828;0.9298401474952698;-0.216559037566185;0;0
9239;1828;-0.01509697455912828;0.9310599565505981;-0.2203430086374283;0;0
9244;1829;-0.01570844650268555;0.9304500222206116;-0.2169262319803238;0;0
9249;1830;-0.01595116779208183;0.9265431761741638;-0.2169262319803238;0;0
9254;1831;-0.01753819361329079;0.9247134327888489;-0.2152162939310074;0;0
9260;1832;-0.01729391701519489;0.9254446625709534;-0.2160720378160477;0;0
9265;1833;-0.02010232955217362;0.9221493005752564;-0.2149720191955566;0;0
9269;1834;-0.0204679686576128;0.9243462085723877;-0.2143620997667313;0;0
9274;1835;-0.0257176011800766;0.9226378202438355;-0.2174147963523865;0;0
9279;1836;-0.02620615623891354;0.9241019487380981;-0.2115552425384522;0;0
9284;1837;-0.02657179534435272;0.9223935604095459;-0.2139964550733566;0;0
9289;1838;-0.0271817110478878;0.9225149154663086;-0.2159491330385208;0;0
9294;1839;-0.02876873686909676;0.9234920144081116;-0.2147292941808701;0;0
9299;1840;-0.02974584698677063;0.9234920144081116;-0.2136308252811432;0;0
9304;1841;-0.03499392420053482;0.9258118867874146;-0.2143620997667313;0;0
9312;1842;-0.03597103431820869;0.9231263995170593;-0.2168033123016357;0;0
9317;1843;-0.03767942264676094;0.9204409122467041;-0.218634620308876;0;0
9321;1844;-0.03865653276443481;0.9231263995170593;-0.218634620308876;0;0
9327;1845;-0.04170766845345497;0.9201965928077698;-0.2208315581083298;0;0
9329;1846;-0.03816797584295273;0.9208065271377564;-0.2192445397377014;0;0
9334;1847;-0.03816797584295273;0.9217836260795593;-0.2213201224803925;0;0
9339;1848;-0.03951072692871094;0.9208065271377564;-0.2275453060865402;0;0
9344;1849;-0.03938936442136765;0.9208065271377564;-0.2247384488582611;0;0
9349;1850;-0.03951072692871094;0.9206851720809937;-0.2246155291795731;0;0
9355;1851;-0.04085347428917885;0.9205622673034668;-0.226812481880188;0;0
9362;1852;-0.03926644846796989;0.9215393662452698;-0.2236399799585342;0;0
9365;1853;-0.03963208571076393;0.9238576889038086;-0.2262025624513626;0;0
9372;1854;-0.03462828695774078;0.9236149191856384;-0.2271796762943268;0;0
9377;1855;-0.03438400849699974;0.9200736880302429;-0.2286437749862671;0;0
9380;1856;-0.03047712333500385;0.9203179478645325;-0.2287666946649551;0;0
9385;1857;-0.02876873686909676;0.922882080078125;-0.2296208888292313;0;0
9390;1858;-0.02559468522667885;0.9178767204284668;-0.2302308082580566;0;0
9395;1859;-0.02364202030003071;0.9211721420288086;-0.2302308082580566;0;0
9400;1860;-0.02205499447882175;0.922882080078125;-0.2296208888292313;0;0
9406;1861;-0.01949241384863854;0.9221493005752564;-0.2331605851650238;0;0
9411;1862;-0.01705119386315346;0.9212951064109802;-0.2326720207929611;0;0
9417;1863;-0.01314430963248015;0.9237362742424011;-0.2312079071998596;0;0
9428;1864;-0.008627509698271751;0.9226378202438355;-0.2329162955284119;0;0
9428;1865;-0.007896232418715954;0.924224853515625;-0.2345033288002014;0;0
9431;1866;-0.008750425651669502;0.924224853515625;-0.2351132482290268;0;0
9436;1867;-0.00887178722769022;0.9248347878456116;-0.2290109694004059;0;0
9441;1868;-0.004966457840055227;0.9273989200592041;-0.2294979691505432;0;0
9446;1869;-0.002646599430590868;0.928862988948822;-0.2303537279367447;0;0
9451;1870;-0.0005710182012990117;0.9320370554924011;-0.2271796762943268;0;0
9462;1871;0.0008930911426432431;0.9309386014938355;-0.2224185913801193;0;0
9467;1872;0.00248011713847518;0.9305713772773743;-0.2201002836227417;0;0
9467;1873;0.002601478016003966;0.9316698908805847;-0.2190002650022507;0;0
9471;1874;0.003090033074840903;0.9326469898223877;-0.2160720378160477;0;0
9476;1875;0.002968672197312117;0.9303271174430847;-0.2138735502958298;0;0
9481;1876;0.005531252827495337;0.9283744692802429;-0.212653711438179;0;0
9486;1877;0.004799976013600826;0.9308156967163086;-0.2085025459527969;0;0
9491;1878;0.004067143425345421;0.9322813153266907;-0.2070384472608566;0;0
9496;1879;0.0008930911426432431;0.9283744692802429;-0.2075269967317581;0;0
9501;1880;0.0004045360547024757;0.9310599565505981;-0.2088697403669357;0;0
9508;1881;-0.0009382124408148229;0.9303271174430847;-0.2042315900325775;0;0
9513;1882;-0.002525238553062081;0.9299615025520325;-0.2060613334178925;0;0
9518;1883;-0.007529038470238447;0.9273989200592041;-0.2099682092666626;0;0
9523;1884;-0.007896232418715954;0.930205762386322;-0.2091140151023865;0;0
9527;1885;-0.007773315999656916;0.9271546006202698;-0.2116765975952148;0;0
9531;1886;-0.01045881304889917;0.9250790476799011;-0.2120437920093536;0;0
9536;1887;-0.01436569727957249;0.9269103407859802;-0.2159491330385208;0;0
9541;1888;-0.01497561391443014;0.9269103407859802;-0.2143620997667313;0;0
9546;1889;-0.01534125208854675;0.922882080078125;-0.2169262319803238;0;0
9557;1890;-0.01692827790975571;0.9210507869720459;-0.2149720191955566;0;0
9558;1891;-0.01656263880431652;0.9199523329734802;-0.2182689905166626;0;0
9568;1892;-0.02120080031454563;0.923247754573822;-0.2232727855443955;0;0
9568;1893;-0.02632751688361168;0.9233706593513489;-0.222784236073494;0;0
9572;1894;-0.02669315598905087;0.9225149154663086;-0.2221743166446686;0;0
9577;1895;-0.02376493811607361;0.9222722053527832;-0.226812481880188;0;0
9582;1896;-0.02254354953765869;0.9216607213020325;-0.2285224199295044;0;0
9587;1897;-0.02193363383412361;0.923247754573822;-0.2255926430225372;0;0
9592;1898;-0.02254354953765869;0.9211721420288086;-0.2266911119222641;0;0
9597;1899;-0.02376493811607361;0.9209294319152832;-0.229742243885994;0;0
9608;1900;-0.02132216282188892;0.9227591753005981;-0.2274239510297775;0;0
9614;1901;-0.02010232955217362;0.9263004064559937;-0.2276682257652283;0;0
9619;1902;-0.01985805295407772;0.9271546006202698;-0.2310850024223328;0;0
9619;1903;-0.01949241384863854;0.9248347878456116;-0.227912500500679;0;0
9623;1904;-0.02132216282188892;0.9259332418441773;-0.2260811924934387;0;0
9628;1905;-0.01985805295407772;0.9265431761741638;-0.2309636324644089;0;0
9632;1906;-0.01961377449333668;0.9238576889038086;-0.229865163564682;0;0
9637;1907;-0.0222992729395628;0.9264218211174011;-0.2299865335226059;0;0
9643;1908;-0.01949241384863854;0.9271546006202698;-0.2286437749862671;0;0
9648;1909;-0.01851530373096466;0.9280087947845459;-0.2303537279367447;0;0
9657;1910;-0.01961377449333668;0.9254446625709534;-0.2257139980792999;0;0
9662;1911;-0.01814966648817062;0.9237362742424011;-0.2237613350152969;0;0
9666;1912;-0.01973669230937958;0.9239805936813355;-0.2246155291795731;0;0
9669;1913;-0.01961377449333668;0.9236149191856384;-0.2213201224803925;0;0
9673;1914;-0.02059088461101055;0.9252004027366638;-0.2213201224803925;0;0
9678;1915;-0.02205499447882175;0.923247754573822;-0.2210758477449417;0;0
9683;1916;-0.02156643941998482;0.9261775016784668;-0.2170476019382477;0;0
9688;1917;-0.0208351630717516;0.9249576926231384;-0.2185132652521133;0;0
9693;1918;-0.02010232955217362;0.9248347878456116;-0.2215643972158432;0;0
9699;1919;-0.02303210459649563;0.9263004064559937;-0.2207102030515671;0;0
9704;1920;-0.02315346524119377;0.9283744692802429;-0.2179017961025238;0;0
9713;1921;-0.02425193600356579;0.9280087947845459;-0.2188788950443268;0;0
9715;1922;-0.02559468522667885;0.9281302094459534;-0.223884254693985;0;0
9719;1923;-0.02388629876077175;0.9264218211174011;-0.2269353866577148;0;0
9724;1924;-0.02596187964081764;0.9253233075141907;-0.2291323393583298;0;0
9728;1925;-0.02974584698677063;0.9256889820098877;-0.2276682257652283;0;0
9733;1926;-0.02779162675142288;0.9295958280563355;-0.2264468371868134;0;0
9739;1927;-0.02937865257263184;0.9252004027366638;-0.2253483682870865;0;0
9744;1928;-0.032308429479599;0.9269103407859802;-0.2269353866577148;0;0
9752;1929;-0.03206415101885796;0.9238576889038086;-0.2291323393583298;0;0
9757;1930;-0.03023440204560757;0.921904981136322;-0.227789580821991;0;0
9762;1931;-0.03181987255811691;0.925567626953125;-0.2329162955284119;0;0
9767;1932;-0.03194278851151466;0.9208065271377564;-0.2296208888292313;0;0
9769;1933;-0.03206415101885796;0.923247754573822;-0.2302308082580566;0;0
9774;1934;-0.03365117684006691;0.9209294319152832;-0.2287666946649551;0;0
9779;1935;-0.03218706697225571;0.9209294319152832;-0.2296208888292313;0;0
9784;1936;-0.03328553959727287;0.9220278859138489;-0.2302308082580566;0;0
9789;1937;-0.03145423531532288;0.9178767204284668;-0.2293766140937805;0;0
9794;1938;-0.03011148609220982;0.9199523329734802;-0.229865163564682;0;0
9801;1939;-0.02974584698677063;0.9226378202438355;-0.2290109694004059;0;0
9807;1940;-0.02864737622439861;0.921904981136322;-0.230840727686882;0;0
9810;1941;-0.02852446027100086;0.921904981136322;-0.2280338555574417;0;0
9818;1942;-0.03035576269030571;0.9217836260795593;-0.2260811924934387;0;0
9820;1943;-0.02840309962630272;0.9190981388092041;-0.2215643972158432;0;0
9825;1944;-0.0257176011800766;0.9215393662452698;-0.2241269797086716;0;0
9830;1945;-0.02693743444979191;0.9209294319152832;-0.2254697233438492;0;0
9835;1946;-0.02559468522667885;0.9241019487380981;-0.2219300419092178;0;0
9840;1947;-0.02266491018235683;0.9211721420288086;-0.222784236073494;0;0
9845;1948;-0.02437485381960869;0.9241019487380981;-0.2247384488582611;0;0
9857;1949;-0.02242218889296055;0.9258118867874146;-0.2244941741228104;0;0
9862;1950;-0.02242218889296055;0.9253233075141907;-0.2233957052230835;0;0
9862;1951;-0.01631836220622063;0.9263004064559937;-0.2214430421590805;0;0
9867;1952;-0.01350994873791933;0.9253233075141907;-0.2248598039150238;0;0
9871;1953;-0.01631836220622063;0.9283744692802429;-0.2236399799585342;0;0
9875;1954;-0.01521989144384861;0.9284973740577698;-0.2203430086374283;0;0
9880;1955;-0.01985805295407772;0.9310599565505981;-0.2232727855443955;0;0
9886;1956;-0.01168020069599152;0.929228663444519;-0.223884254693985;0;0
9890;1957;-0.01094736810773611;0.9259332418441773;-0.2240056097507477;0;0
9901;1958;-0.01009317487478256;0.9258118867874146;-0.2181460708379746;0;0
9904;1959;-0.009848897345364094;0.9236149191856384;-0.2192445397377014;0;0
9906;1960;-0.01009317487478256;0.9231263995170593;-0.2182689905166626;0;0
9913;1961;-0.008750425651669502;0.9245904684066773;-0.2192445397377014;0;0
9916;1962;-0.008627509698271751;0.9250790476799011;-0.2174147963523865;0;0
9920;1963;-0.008138954639434815;0.9245904684066773;-0.2211987525224686;0;0
9926;1964;-0.006430567242205143;0.9267874360084534;-0.2221743166446686;0;0
9931;1965;-0.007529038470238447;0.9271546006202698;-0.2211987525224686;0;0
9936;1966;-0.005942012183368206;0.9291073083877564;-0.2230285108089447;0;0
9941;1967;-0.007773315999656916;0.9284973740577698;-0.219856008887291;0;0
9954;1968;-0.0094817029312253;0.9297171831130981;-0.2190002650022507;0;0
9954;1969;-0.01082445122301579;0.9300844073295593;-0.2214430421590805;0;0
9960;1970;-0.01045881304889917;0.9320370554924011;-0.2174147963523865;0;0
9964;1971;-0.008261870592832565;0.9317927956581116;-0.2154605686664581;0;0
9968;1972;-0.006797761656343937;0.9316698908805847;-0.2161934077739716;0;0
9971;1973;-0.01094736810773611;0.9313042163848877;-0.2161934077739716;0;0
9976;1974;-0.007651954889297485;0.932525634765625;-0.2197330892086029;0;0
9981;1975;-0.008138954639434815;0.9297171831130981;-0.2185132652521133;0;0
9986;1976;-0.008017593063414097;0.9299615025520325;-0.221808671951294;0;0
9992;1977;-0.00691912230104208;0.9271546006202698;-0.2248598039150238;0;0
10000;1978;-0.008994703181087971;0.9267874360084534;-0.2259582877159119;0;0
10002;1979;-0.009725980460643768;0.9273989200592041;-0.2224185913801193;0;0
10010;1980;-0.005820651538670063;0.9273989200592041;-0.2224185913801193;0;0
10012;1981;-0.01131300628185272;0.9241019487380981;-0.2208315581083298;0;0
10017;1982;-0.01009317487478256;0.9264218211174011;-0.223884254693985;0;0
10022;1983;-0.007773315999656916;0.9254446625709534;-0.2237613350152969;0;0
10027;1984;-0.00704048341140151;0.9238576889038086;-0.2215643972158432;0;0
10032;1985;-0.01094736810773611;0.9220278859138489;-0.221808671951294;0;0
10037;1986;-0.008138954639434815;0.9227591753005981;-0.2270567566156387;0;0
10045;1987;-0.009238980710506439;0.9220278859138489;-0.2262025624513626;0;0
10049;1988;-0.007651954889297485;0.9214164614677429;-0.2282781451940537;0;0
10054;1989;-0.0094817029312253;0.924224853515625;-0.226812481880188;0;0
10060;1990;-0.01033745240420103;0.9249576926231384;-0.2254697233438492;0;0
10062;1991;-0.008627509698271751;0.9247134327888489;-0.2273010313510895;0;0
10067;1992;-0.01070309057831764;0.925567626953125;-0.227912500500679;0;0
10072;1993;-0.01143592316657305;0.9247134327888489;-0.2244941741228104;0;0
10077;1994;-0.01119164563715458;0.9241019487380981;-0.2266911119222641;0;0
10082;1995;-0.008383232168853283;0.9256889820098877;-0.2246155291795731;0;0
10096;1996;-0.01143592316657305;0.9266660809516907;-0.2252269983291626;0;0
10096;1997;-0.01290003210306168;0.9253233075141907;-0.2242498993873596;0;0
10102;1998;-0.01363286469131708;0.9250790476799011;-0.2275453060865402;0;0
10107;1999;-0.01851530373096466;0.9256889820098877;-0.2240056097507477;0;0
10111;2000;-0.01766111142933369;0.9239805936813355;-0.2214430421590805;0;0
10113;2001;-0.01582980714738369;0.9265431761741638;-0.2235170602798462;0;0
10118;2002;-0.01839394308626652;0.9270316958427429;-0.225836917757988;0;0
10123;2003;-0.02010232955217362;0.9266660809516907;-0.2252269983291626;0;0
10128;2004;-0.02022369019687176;0.9276431798934937;-0.2220529466867447;0;0
10133;2005;-0.01692827790975571;0.9306943416595459;-0.2224185913801193;0;0
10141;2006;-0.01949241384863854;0.931182861328125;-0.2194888144731522;0;0
10147;2007;-0.01985805295407772;0.9324027299880981;-0.2187575399875641;0;0
10151;2008;-0.02034660801291466;0.9341126680374146;-0.2204659283161163;0;0
10153;2009;-0.01888094283640385;0.9331355094909668;-0.2224185913801193;0;0
10158;2010;-0.01680691726505756;0.930205762386322;-0.2220529466867447;0;0
10163;2011;-0.01631836220622063;0.9277645349502564;-0.222784236073494;0;0
10168;2012;-0.01839394308626652;0.9282531142234802;-0.2244941741228104;0;0
10173;2013;-0.01778247207403183;0.9252004027366638;-0.2230285108089447;0;0
10179;2014;-0.01888094283640385;0.9253233075141907;-0.2216857522726059;0;0
10183;2015;-0.01778247207403183;0.9239805936813355;-0.2231514304876328;0;0
10193;2016;-0.01692827790975571;0.9253233075141907;-0.2222972363233566;0;0
10198;2017;-0.01680691726505756;0.9234920144081116;-0.2244941741228104;0;0
10203;2018;-0.0186366643756628;0.9223935604095459;-0.2220529466867447;0;0
10207;2019;-0.02217791043221951;0.9206851720809937;-0.2233957052230835;0;0
10211;2020;-0.01936949789524078;0.9205622673034668;-0.2222972363233566;0;0
10214;2021;-0.02242218889296055;0.9226378202438355;-0.2247384488582611;0;0
10219;2022;-0.02254354953765869;0.919586718082428;-0.2242498993873596;0;0
10224;2023;-0.02059088461101055;0.9198309779167175;-0.2269353866577148;0;0
10229;2024;-0.02095652371644974;0.9231263995170593;-0.2273010313510895;0;0
10234;2025;-0.02266491018235683;0.9181210398674011;-0.2283995002508164;0;0
10241;2026;-0.01985805295407772;0.9179996848106384;-0.227789580821991;0;0
10245;2027;-0.02205499447882175;0.9199523329734802;-0.2252269983291626;0;0
10250;2028;-0.0204679686576128;0.916901171207428;-0.2265697568655014;0;0
10254;2029;-0.02156643941998482;0.9198309779167175;-0.2263254821300507;0;0
10259;2030;-0.01851530373096466;0.9194637537002564;-0.2240056097507477;0;0
10264;2031;-0.01839394308626652;0.917266845703125;-0.2253483682870865;0;0
10269;2032;-0.01778247207403183;0.9165340065956116;-0.2240056097507477;0;0
10274;2033;-0.013022948987782;0.9176324605941773;-0.2271796762943268;0;0
10279;2034;-0.01485269702970982;0.9175111055374146;-0.227789580821991;0;0
10289;2035;-0.01399850379675627;0.9170225858688355;-0.2271796762943268;0;0
10293;2036;-0.01045881304889917;0.9170225858688355;-0.227912500500679;0;0
10298;2037;-0.009360342286527157;0.9188538789749146;-0.2274239510297775;0;0
10303;2038;-0.008261870592832565;0.9197080731391907;-0.227789580821991;0;0
10305;2039;-0.009604619815945625;0.9198309779167175;-0.2287666946649551;0;0
10310;2040;-0.00691912230104208;0.9197080731391907;-0.2288880497217178;0;0
10316;2041;-0.005820651538670063;0.9231263995170593;-0.2287666946649551;0;0
10320;2042;-0.008994703181087971;0.9221493005752564;-0.2287666946649551;0;0
10325;2043;-0.006309206597507;0.9170225858688355;-0.227789580821991;0;0
10330;2044;-0.004354986362159252;0.9192194938659668;-0.2255926430225372;0;0
10340;2045;-0.00301223760470748;0.9225149154663086;-0.2257139980792999;0;0
10345;2046;-0.002890876960009337;0.9276431798934937;-0.2168033123016357;0;0
10351;2047;-0.001303850789554417;0.9289859533309937;-0.2207102030515671;0;0
10351;2048;-0.004112264607101679;0.9269103407859802;-0.2174147963523865;0;0
10356;2049;-0.002158044371753931;0.9284973740577698;-0.2148506492376328;0;0
10360;2050;-0.005576374009251595;0.9341126680374146;-0.2116765975952148;0;0
10365;2051;-0.008261870592832565;0.9350882172584534;-0.2087468206882477;0;0
10370;2052;-0.006674844771623612;0.9339897036552429;-0.2092353850603104;0;0
10375;2053;-0.007651954889297485;0.9363095760345459;-0.2102124989032745;0;0
10386;2054;-0.009970257990062237;0.936186671257019;-0.2100895792245865;0;0
10390;2055;-0.01119164563715458;0.9374080896377564;-0.2071598023176193;0;0
10396;2056;-0.01485269702970982;0.9393607378005981;-0.2078926414251328;0;0
10397;2057;-0.01485269702970982;0.9363095760345459;-0.210701048374176;0;0
10401;2058;-0.01949241384863854;0.9343553781509399;-0.2110666930675507;0;0
10406;2059;-0.02181071788072586;0.9369195103645325;-0.2076483517885208;0;0
10411;2060;-0.01924813725054264;0.9349668622016907;-0.2103338539600372;0;0
10416;2061;-0.0187595821917057;0.9347225427627564;-0.2097239345312119;0;0
10421;2062;-0.01643972285091877;0.9342340230941773;-0.2131422609090805;0;0
10426;2063;-0.0187595821917057;0.9344782829284668;-0.212653711438179;0;0
10431;2064;-0.01888094283640385;0.9319141507148743;-0.2098453044891357;0;0
10439;2065;-0.01741683296859264;0.9314271807670593;-0.2138735502958298;0;0
10444;2066;-0.01741683296859264;0.9347225427627564;-0.2137521803379059;0;0
10449;2067;-0.01839394308626652;0.9327698945999146;-0.2152162939310074;0;0
10451;2068;-0.01692827790975571;0.9293515682220459;-0.2164376825094223;0;0
10456;2069;-0.02010232955217362;0.9293515682220459;-0.2202216535806656;0;0
10461;2070;-0.02107943966984749;0.9289859533309937;-0.2213201224803925;0;0
10467;2071;-0.02168935537338257;0.9282531142234802;-0.2201002836227417;0;0
10471;2072;-0.02107943966984749;0.9250790476799011;-0.2232727855443955;0;0
10476;2073;-0.01729391701519489;0.9227591753005981;-0.2253483682870865;0;0
10486;2074;-0.01888094283640385;0.9233706593513489;-0.222784236073494;0;0
10491;2075;-0.02010232955217362;0.9227591753005981;-0.2249827235937119;0;0
10496;2076;-0.02352065965533257;0.9272760152816773;-0.2307193577289581;0;0
10500;2077;-0.02010232955217362;0.922882080078125;-0.2332819402217865;0;0
10502;2078;-0.01985805295407772;0.9222722053527832;-0.2342590540647507;0;0
10507;2079;-0.01936949789524078;0.9247134327888489;-0.2341376841068268;0;0
10512;2080;-0.02181071788072586;0.9225149154663086;-0.2346246838569641;0;0
10517;2081;-0.02144507877528667;0.9199523329734802;-0.2351132482290268;0;0
10522;2082;-0.02327638305723667;0.9209294319152832;-0.2340147793292999;0;0
10532;2083;-0.02193363383412361;0.9170225858688355;-0.2323063910007477;0;0
10537;2084;-0.0257176011800766;0.9148256182670593;-0.233893409371376;0;0
10538;2085;-0.02632751688361168;0.9118958115577698;-0.2342590540647507;0;0
10543;2086;-0.02864737622439861;0.9088447093963623;-0.2312079071998596;0;0
10547;2087;-0.02815882116556168;0.9101874232292175;-0.2340147793292999;0;0
10552;2088;-0.03011148609220982;0.9105530977249146;-0.2359674423933029;0;0
10557;2089;-0.03328553959727287;0.9104317426681519;-0.2369445413351059;0;0
10562;2090;-0.03487256541848183;0.9123843908309937;-0.2371888309717178;0;0
10568;2091;-0.03572675585746765;0.9148256182670593;-0.231817826628685;0;0
10572;2092;-0.03767942264676094;0.9177553653717041;-0.2265697568655014;0;0
10580;2093;-0.03133287280797958;0.9209294319152832;-0.2312079071998596;0;0
10586;2094;-0.0326756201684475;0.9225149154663086;-0.2353575229644775;0;0
10591;2095;-0.03377409279346466;0.9221493005752564;-0.2362117171287537;0;0
10596;2096;-0.03352981433272362;0.9260561466217041;-0.2360903471708298;0;0
10599;2097;-0.03462828695774078;0.9252004027366638;-0.2316964715719223;0;0
10603;2098;-0.03645959123969078;0.924224853515625;-0.2253483682870865;0;0
10608;2099;-0.03389545530080795;0.923247754573822;-0.223884254693985;0;0
10613;2100;-0.03426109254360199;0.9208065271377564;-0.2265697568655014;0;0
10618;2101;-0.032308429479599;0.9214164614677429;-0.2219300419092178;0;0
10623;2102;-0.03389545530080795;0.922882080078125;-0.2181460708379746;0;0
10632;2103;-0.0340183712542057;0.9260561466217041;-0.2171705067157745;0;0
10638;2104;-0.03365117684006691;0.9266660809516907;-0.2171705067157745;0;0
10643;2105;-0.03340689837932587;0.9247134327888489;-0.214606374502182;0;0
10647;2106;-0.03133287280797958;0.927885890007019;-0.2124094367027283;0;0
10649;2107;-0.03060004115104675;0.9303271174430847;-0.2143620997667313;0;0
10653;2108;-0.0275489054620266;0.9337454438209534;-0.212530791759491;0;0
10658;2109;-0.02559468522667885;0.9339897036552429;-0.2153392136096954;0;0
10663;2110;-0.02681607194244862;0.9337454438209534;-0.2122880816459656;0;0
10668;2111;-0.02461913041770458;0.934843897819519;-0.2159491330385208;0;0
10675;2112;-0.02010232955217362;0.9345996379852295;-0.2161934077739716;0;0
10680;2113;-0.01766111142933369;0.932525634765625;-0.2164376825094223;0;0
10689;2114;-0.01997941359877586;0.9305713772773743;-0.2203430086374283;0;0
10689;2115;-0.01851530373096466;0.9306943416595459;-0.2182689905166626;0;0
10694;2116;-0.02010232955217362;0.9260561466217041;-0.2139964550733566;0;0
10699;2117;-0.01290003210306168;0.9205622673034668;-0.2235170602798462;0;0
10704;2118;-0.01851530373096466;0.9193423986434937;-0.2269353866577148;0;0
10709;2119;-0.02132216282188892;0.9220278859138489;-0.2265697568655014;0;0
10714;2120;-0.02193363383412361;0.9231263995170593;-0.2233957052230835;0;0
10719;2121;-0.01949241384863854;0.9226378202438355;-0.2185132652521133;0;0
10727;2122;-0.01973669230937958;0.9222722053527832;-0.2191231846809387;0;0
10732;2123;-0.02730462700128555;0.9252004027366638;-0.2169262319803238;0;0
10737;2124;-0.02767026610672474;0.9267874360084534;-0.2174147963523865;0;0
10742;2125;-0.02767026610672474;0.925567626953125;-0.216559037566185;0;0
10745;2126;-0.03120995685458183;0.927885890007019;-0.2176575064659119;0;0
10750;2127;-0.03108859620988369;0.9320370554924011;-0.2180247008800507;0;0
10754;2128;-0.02669315598905087;0.9336240887641907;-0.2170476019382477;0;0
10759;2129;-0.02474049106240273;0.9331355094909668;-0.2177804261445999;0;0
10765;2130;-0.02376493811607361;0.9316698908805847;-0.2160720378160477;0;0
10776;2131;-0.02376493811607361;0.9339897036552429;-0.2109453231096268;0;0
10776;2132;-0.0222992729395628;0.9333798289299011;-0.2059399634599686;0;0
10781;2133;-0.01851530373096466;0.9289859533309937;-0.2104567736387253;0;0
10791;2134;-0.02156643941998482;0.9303271174430847;-0.2120437920093536;0;0
10791;2135;-0.01570844650268555;0.9259332418441773;-0.214606374502182;0;0
10795;2136;-0.01290003210306168;0.9267874360084534;-0.2143620997667313;0;0
10800;2137;-0.01680691726505756;0.9298401474952698;-0.2143620997667313;0;0
10805;2138;-0.01485269702970982;0.9324027299880981;-0.2152162939310074;0;0
10810;2139;-0.01033745240420103;0.9294729232788086;-0.2166819572448731;0;0
10815;2140;-0.008261870592832565;0.9178767204284668;-0.2263254821300507;0;0
10822;2141;0.001381646259687841;0.9012767672538757;-0.2345033288002014;0;0
10826;2142;0.0008930911426432431;0.9038393497467041;-0.2310850024223328;0;0
10834;2143;-0.005942012183368206;0.9201965928077698;-0.2150949388742447;0;0
10836;2144;-0.008383232168853283;0.9414362907409668;-0.2148506492376328;0;0
10841;2145;-0.009238980710506439;0.9317927956581116;-0.1898269951343536;0;0
10845;2146;-0.002525238553062081;0.908966064453125;-0.2059399634599686;0;0
10850;2147;-0.001182490028440952;0.9388721585273743;-0.264288067817688;0;0
10856;2148;-0.01094736810773611;0.9684126377105713;-0.2368231862783432;0;0
10860;2149;0.003090033074840903;0.8984683752059937;-0.1964193731546402;0;0
10866;2150;0.01517476979643107;0.8873607516288757;-0.1997147798538208;0;0
10875;2151;0.003699949011206627;0.924224853515625;-0.1971506476402283;0;0
10881;2152;-0.001669489196501672;0.9376523494720459;-0.2042315900325775;0;0
10886;2153;-0.001059573260135949;0.9335011839866638;-0.2161934077739716;0;0
10890;2154;-0.0005710182012990117;0.9314271807670593;-0.2098453044891357;0;0
10891;2155;0.01236791163682938;0.9161683917045593;-0.2224185913801193;0;0
10896;2156;0.01224499475210905;0.9220278859138489;-0.231817826628685;0;0
10901;2157;0.008705304935574532;0.9305713772773743;-0.223884254693985;0;0
10906;2158;0.006264085415750742;0.9283744692802429;-0.2160720378160477;0;0
10911;2159;0.007606833707541227;0.9295958280563355;-0.2174147963523865;0;0
10917;2160;0.008095389232039452;0.9336240887641907;-0.2055743336677551;0;0
10923;2161;0.007972472347319126;0.9360653162002564;-0.1931224018335342;0;0
10928;2162;0.0106579689309001;0.9322813153266907;-0.2030102014541626;0;0
10933;2163;0.01004805322736502;0.9320370554924011;-0.2253483682870865;0;0
10938;2164;0.01883737742900848;0.9263004064559937;-0.2395086884498596;0;0
10942;2165;0.02701522968709469;0.9211721420288086;-0.2443911284208298;0;0
10947;2166;0.01053660828620195;0.9237362742424011;-0.2374331057071686;0;0
10951;2167;0.01505340915173292;0.9253233075141907;-0.2346246838569641;0;0
10956;2168;0.01163507904857397;0.9316698908805847;-0.2241269797086716;0;0
10961;2169;0.006629723589867353;0.9333798289299011;-0.2059399634599686;0;0
10972;2170;-0.0005710182012990117;0.9308156967163086;-0.1995918601751328;0;0
10977;2171;0.0007717303233221173;0.9275202751159668;-0.204597219824791;0;0
10982;2172;0.000160258510732092;0.9260561466217041;-0.2102124989032745;0;0
10985;2173;0.004921336658298969;0.928862988948822;-0.2094796597957611;0;0
10987;2174;-0.002036683494225144;0.9313042163848877;-0.2078926414251328;0;0
10992;2175;-0.00350079289637506;0.9308156967163086;-0.2071598023176193;0;0
10997;2176;-0.005210735369473696;0.9300844073295593;-0.2072827219963074;0;0
11002;2177;-0.006309206597507;0.9277645349502564;-0.210578128695488;0;0
11008;2178;-0.007896232418715954;0.9293515682220459;-0.2116765975952148;0;0
11013;2179;-0.008138954639434815;0.9294729232788086;-0.2082598358392716;0;0
11024;2180;-0.007651954889297485;0.9275202751159668;-0.2109453231096268;0;0
11024;2181;-0.009116064757108688;0.9293515682220459;-0.214606374502182;0;0
11030;2182;-0.01106872875243425;0.9298401474952698;-0.2135079056024551;0;0
11036;2183;-0.01119164563715458;0.9287416338920593;-0.2119208872318268;0;0
11040;2184;-0.01082445122301579;0.930205762386322;-0.216559037566185;0;0
11043;2185;-0.009725980460643768;0.9289859533309937;-0.219856008887291;0;0
11048;2186;-0.01033745240420103;0.9304500222206116;-0.220587283372879;0;0
11053;2187;-0.01168020069599152;0.9276431798934937;-0.2213201224803925;0;0
11058;2188;-0.0122901163995266;0.9270316958427429;-0.2220529466867447;0;0
11063;2189;-0.01131300628185272;0.9267874360084534;-0.2251040935516357;0;0
11069;2190;-0.01607408374547958;0.9256889820098877;-0.2243712544441223;0;0
11073;2191;-0.01460997480899096;0.9272760152816773;-0.2246155291795731;0;0
11079;2192;-0.01521989144384861;0.9256889820098877;-0.2222972363233566;0;0
11083;2193;-0.01668400131165981;0.9260561466217041;-0.222784236073494;0;0
11088;2194;-0.01924813725054264;0.9241019487380981;-0.2222972363233566;0;0
11093;2195;-0.0187595821917057;0.9269103407859802;-0.2214430421590805;0;0
11098;2196;-0.0208351630717516;0.9284973740577698;-0.2188788950443268;0;0
11103;2197;-0.01949241384863854;0.9273989200592041;-0.2187575399875641;0;0
11108;2198;-0.01888094283640385;0.928862988948822;-0.2181460708379746;0;0
11118;2199;-0.0190038587898016;0.9300844073295593;-0.2169262319803238;0;0
11124;2200;-0.0208351630717516;0.927885890007019;-0.2193674594163895;0;0
11130;2201;-0.01851530373096466;0.9293515682220459;-0.2161934077739716;0;0
11134;2202;-0.01729391701519489;0.9281302094459534;-0.2138735502958298;0;0
11134;2203;-0.01631836220622063;0.9297171831130981;-0.2130193561315537;0;0
11139;2204;-0.01717255637049675;0.9317927956581116;-0.2114323228597641;0;0
11144;2205;-0.01619544625282288;0.931548535823822;-0.2150949388742447;0;0
11149;2206;-0.013022948987782;0.9294729232788086;-0.2148506492376328;0;0
11154;2207;-0.01766111142933369;0.9289859533309937;-0.2139964550733566;0;0
11159;2208;-0.01277867145836353;0.9265431761741638;-0.2121651619672775;0;0
11168;2209;-0.01460997480899096;0.924224853515625;-0.212530791759491;0;0
11172;2210;-0.01436569727957249;0.9237362742424011;-0.2127750664949417;0;0
11176;2211;-0.01546416897326708;0.9239805936813355;-0.2170476019382477;0;0
11181;2212;-0.01521989144384861;0.921904981136322;-0.2159491330385208;0;0
11184;2213;-0.0137542262673378;0.9197080731391907;-0.2171705067157745;0;0
11189;2214;-0.01412141975015402;0.9225149154663086;-0.2174147963523865;0;0
11194;2215;-0.01619544625282288;0.922882080078125;-0.2176575064659119;0;0
11199;2216;-0.01936949789524078;0.9239805936813355;-0.2179017961025238;0;0
11204;2217;-0.01790538802742958;0.9256889820098877;-0.2161934077739716;0;0
11210;2218;-0.0190038587898016;0.9298401474952698;-0.2144850194454193;0;0
11215;2219;-0.01912521943449974;0.9275202751159668;-0.2168033123016357;0;0
11223;2220;-0.02022369019687176;0.9271546006202698;-0.2170476019382477;0;0
11227;2221;-0.02205499447882175;0.9319141507148743;-0.2179017961025238;0;0
11231;2222;-0.02156643941998482;0.9322813153266907;-0.2170476019382477;0;0
11235;2223;-0.02217791043221951;0.9280087947845459;-0.2168033123016357;0;0
11240;2224;-0.0186366643756628;0.9291073083877564;-0.214606374502182;0;0
11245;2225;-0.02205499447882175;0.9322813153266907;-0.2159491330385208;0;0
11250;2226;-0.02413057535886765;0.9303271174430847;-0.2142407447099686;0;0
11255;2227;-0.02657179534435272;0.9322813153266907;-0.214606374502182;0;0
11262;2228;-0.02596187964081764;0.9299615025520325;-0.2131422609090805;0;0
11265;2229;-0.01814966648817062;0.9321584105491638;-0.2143620997667313;0;0
11273;2230;-0.02376493811607361;0.9314271807670593;-0.2097239345312119;0;0
11277;2231;-0.02278782799839973;0.9294729232788086;-0.2077712714672089;0;0
11280;2232;-0.02400765940546989;0.9282531142234802;-0.2077712714672089;0;0
11285;2233;-0.02547332458198071;0.9270316958427429;-0.2096025794744492;0;0
11290;2234;-0.02217791043221951;0.9261775016784668;-0.2080155462026596;0;0
11295;2235;-0.02290918864309788;0.9275202751159668;-0.2092353850603104;0;0
11300;2236;-0.02205499447882175;0.929228663444519;-0.2100895792245865;0;0
11305;2237;-0.01778247207403183;0.927885890007019;-0.2109453231096268;0;0
11312;2238;-0.01766111142933369;0.9271546006202698;-0.2114323228597641;0;0
11317;2239;-0.01802674867212772;0.9300844073295593;-0.2133865505456924;0;0
11324;2240;-0.01705119386315346;0.9283744692802429;-0.2109453231096268;0;0
11327;2241;-0.01753819361329079;0.9260561466217041;-0.2148506492376328;0;0
11331;2242;-0.01717255637049675;0.9266660809516907;-0.2152162939310074;0;0
11335;2243;-0.01839394308626652;0.9270316958427429;-0.212530791759491;0;0
11340;2244;-0.01888094283640385;0.9272760152816773;-0.2122880816459656;0;0
11346;2245;-0.01656263880431652;0.9267874360084534;-0.2142407447099686;0;0
11350;2246;-0.02010232955217362;0.9248347878456116;-0.2132636308670044;0;0
11356;2247;-0.01912521943449974;0.9266660809516907;-0.2130193561315537;0;0
11361;2248;-0.01936949789524078;0.9249576926231384;-0.2113109678030014;0;0
11367;2249;-0.01766111142933369;0.9263004064559937;-0.2122880816459656;0;0
11372;2250;-0.01534125208854675;0.9248347878456116;-0.212530791759491;0;0
11377;2251;-0.01851530373096466;0.9261775016784668;-0.2099682092666626;0;0
11381;2252;-0.02498476952314377;0.928862988948822;-0.2137521803379059;0;0
11386;2253;-0.02217791043221951;0.9283744692802429;-0.2136308252811432;0;0
11391;2254;-0.0187595821917057;0.9313042163848877;-0.214606374502182;0;0
11396;2255;-0.02059088461101055;0.9261775016784668;-0.2158277630805969;0;0
11401;2256;-0.02168935537338257;0.9286187291145325;-0.2169262319803238;0;0
11412;2257;-0.02303210459649563;0.931182861328125;-0.2148506492376328;0;0
11419;2258;-0.02388629876077175;0.931182861328125;-0.2171705067157745;0;0
11426;2259;-0.02339774370193481;0.9299615025520325;-0.2174147963523865;0;0
11426;2260;-0.02535040676593781;0.9282531142234802;-0.2193674594163895;0;0
11432;2261;-0.02376493811607361;0.9276431798934937;-0.2170476019382477;0;0
11432;2262;-0.02693743444979191;0.9275202751159668;-0.2161934077739716;0;0
11437;2263;-0.02437485381960869;0.9265431761741638;-0.2121651619672775;0;0
11442;2264;-0.02107943966984749;0.9281302094459534;-0.2160720378160477;0;0
11447;2265;-0.02303210459649563;0.928862988948822;-0.2130193561315537;0;0
11452;2266;-0.02107943966984749;0.9287416338920593;-0.2137521803379059;0;0
11460;2267;-0.02181071788072586;0.9258118867874146;-0.2152162939310074;0;0
11465;2268;-0.02278782799839973;0.925567626953125;-0.214606374502182;0;0
11470;2269;-0.02034660801291466;0.9298401474952698;-0.2135079056024551;0;0
11475;2270;-0.02071224525570869;0.9280087947845459;-0.214606374502182;0;0
11477;2271;-0.02010232955217362;0.925567626953125;-0.2158277630805969;0;0
11482;2272;-0.0208351630717516;0.925567626953125;-0.2138735502958298;0;0
11487;2273;-0.01802674867212772;0.9271546006202698;-0.2139964550733566;0;0
11492;2274;-0.0187595821917057;0.9265431761741638;-0.2131422609090805;0;0
11497;2275;-0.02010232955217362;0.9253233075141907;-0.2131422609090805;0;0
11504;2276;-0.01827102713286877;0.9237362742424011;-0.2128979861736298;0;0
11508;2277;-0.0186366643756628;0.9247134327888489;-0.2137521803379059;0;0
11516;2278;-0.02132216282188892;0.9258118867874146;-0.2131422609090805;0;0
11520;2279;-0.0190038587898016;0.9250790476799011;-0.2128979861736298;0;0
11523;2280;-0.02095652371644974;0.9284973740577698;-0.2115552425384522;0;0
11528;2281;-0.01985805295407772;0.9270316958427429;-0.2087468206882477;0;0
11533;2282;-0.01778247207403183;0.9275202751159668;-0.2094796597957611;0;0
11538;2283;-0.01766111142933369;0.9263004064559937;-0.2121651619672775;0;0
11542;2284;-0.01705119386315346;0.9254446625709534;-0.2133865505456924;0;0
11548;2285;-0.01839394308626652;0.9253233075141907;-0.2130193561315537;0;0
11555;2286;-0.01656263880431652;0.9275202751159668;-0.2152162939310074;0;0
11558;2287;-0.01851530373096466;0.9259332418441773;-0.2130193561315537;0;0
11566;2288;-0.01753819361329079;0.9280087947845459;-0.2104567736387253;0;0
11572;2289;-0.01827102713286877;0.9281302094459534;-0.2132636308670044;0;0
11573;2290;-0.01595116779208183;0.9284973740577698;-0.2122880816459656;0;0
11578;2291;-0.01790538802742958;0.9263004064559937;-0.2119208872318268;0;0
11583;2292;-0.01888094283640385;0.9253233075141907;-0.2144850194454193;0;0
11589;2293;-0.01827102713286877;0.922882080078125;-0.2142407447099686;0;0
11594;2294;-0.02193363383412361;0.9252004027366638;-0.2119208872318268;0;0
11599;2295;-0.02071224525570869;0.9270316958427429;-0.2111880481243134;0;0
11608;2296;-0.01985805295407772;0.9231263995170593;-0.2081369161605835;0;0
11613;2297;-0.01802674867212772;0.9276431798934937;-0.2088697403669357;0;0
11623;2298;-0.01912521943449974;0.9265431761741638;-0.2114323228597641;0;0
11623;2299;-0.01802674867212772;0.9233706593513489;-0.2130193561315537;0;0
11633;2300;-0.02242218889296055;0.9249576926231384;-0.2116765975952148;0;0
11633;2301;-0.02059088461101055;0.9284973740577698;-0.2124094367027283;0;0
11637;2302;-0.01949241384863854;0.9263004064559937;-0.2063056081533432;0;0
11639;2303;-0.0186366643756628;0.9298401474952698;-0.2099682092666626;0;0
11644;2304;-0.01949241384863854;0.9289859533309937;-0.2117995172739029;0;0
11650;2305;-0.02303210459649563;0.9300844073295593;-0.2103338539600372;0;0
11657;2306;-0.01961377449333668;0.9277645349502564;-0.210701048374176;0;0
11663;2307;-0.01851530373096466;0.9264218211174011;-0.2104567736387253;0;0
11668;2308;-0.01705119386315346;0.9276431798934937;-0.2137521803379059;0;0
11673;2309;-0.01924813725054264;0.9280087947845459;-0.2135079056024551;0;0
11675;2310;-0.01802674867212772;0.9281302094459534;-0.2148506492376328;0;0
11679;2311;-0.01985805295407772;0.9265431761741638;-0.2127750664949417;0;0
11684;2312;-0.01643972285091877;0.9270316958427429;-0.208625465631485;0;0
11690;2313;-0.01643972285091877;0.9248347878456116;-0.2091140151023865;0;0
11696;2314;-0.01924813725054264;0.925567626953125;-0.2119208872318268;0;0
11705;2315;-0.01924813725054264;0.9261775016784668;-0.2089911103248596;0;0
11710;2316;-0.01582980714738369;0.9254446625709534;-0.2147292941808701;0;0
11710;2317;-0.01961377449333668;0.9265431761741638;-0.2148506492376328;0;0
11718;2318;-0.01827102713286877;0.9284973740577698;-0.2132636308670044;0;0
11720;2319;-0.01839394308626652;0.9293515682220459;-0.2132636308670044;0;0
11725;2320;-0.01912521943449974;0.9283744692802429;-0.2153392136096954;0;0
11730;2321;-0.01802674867212772;0.9280087947845459;-0.2152162939310074;0;0
11735;2322;-0.01680691726505756;0.9254446625709534;-0.2163147628307343;0;0
11740;2323;-0.02034660801291466;0.9238576889038086;-0.2144850194454193;0;0
11745;2324;-0.01790538802742958;0.9272760152816773;-0.2131422609090805;0;0
11751;2325;-0.01509697455912828;0.925567626953125;-0.2128979861736298;0;0
11756;2326;-0.01778247207403183;0.9253233075141907;-0.2155834883451462;0;0
11766;2327;-0.01814966648817062;0.9259332418441773;-0.2170476019382477;0;0
11766;2328;-0.01729391701519489;0.9258118867874146;-0.2142407447099686;0;0
11770;2329;-0.02071224525570869;0.9284973740577698;-0.2137521803379059;0;0
11775;2330;-0.01802674867212772;0.9273989200592041;-0.2143620997667313;0;0
11780;2331;-0.01961377449333668;0.9314271807670593;-0.2148506492376328;0;0
11785;2332;-0.02107943966984749;0.9313042163848877;-0.2132636308670044;0;0
11790;2333;-0.01839394308626652;0.9313042163848877;-0.2119208872318268;0;0
11796;2334;-0.0190038587898016;0.931548535823822;-0.2130193561315537;0;0
11805;2335;-0.01570844650268555;0.9306943416595459;-0.2131422609090805;0;0
11806;2336;-0.01387714222073555;0.9271546006202698;-0.2115552425384522;0;0
11814;2337;-0.01692827790975571;0.929228663444519;-0.212530791759491;0;0
11816;2338;-0.01729391701519489;0.9286187291145325;-0.2114323228597641;0;0
11821;2339;-0.01680691726505756;0.9287416338920593;-0.2114323228597641;0;0
11826;2340;-0.01460997480899096;0.9306943416595459;-0.2120437920093536;0;0
11831;2341;-0.01509697455912828;0.9282531142234802;-0.210578128695488;0;0
11836;2342;-0.013022948987782;0.9313042163848877;-0.2097239345312119;0;0
11841;2343;-0.01338858716189861;0.9332569241523743;-0.2113109678030014;0;0
11851;2344;-0.01350994873791933;0.9309386014938355;-0.208625465631485;0;0
11859;2345;-0.0137542262673378;0.9314271807670593;-0.2091140151023865;0;0
11866;2346;-0.01265575457364321;0.9299615025520325;-0.2092353850603104;0;0
11866;2347;-0.01582980714738369;0.9314271807670593;-0.206672802567482;0;0
11871;2348;-0.01595116779208183;0.930205762386322;-0.2093583047389984;0;0
11878;2349;-0.01412141975015402;0.928862988948822;-0.2072827219963074;0;0
11878;2350;-0.01509697455912828;0.9265431761741638;-0.208625465631485;0;0
11882;2351;-0.01839394308626652;0.929228663444519;-0.2064285278320313;0;0
11887;2352;-0.01534125208854675;0.9291073083877564;-0.2100895792245865;0;0
11892;2353;-0.01692827790975571;0.9299615025520325;-0.2058170586824417;0;0
11903;2354;-0.01936949789524078;0.9264218211174011;-0.2081369161605835;0;0
11903;2355;-0.01839394308626652;0.9291073083877564;-0.2076483517885208;0;0
11909;2356;-0.01949241384863854;0.9304500222206116;-0.2098453044891357;0;0
11914;2357;-0.01827102713286877;0.930205762386322;-0.2078926414251328;0;0
11917;2358;-0.01692827790975571;0.9300844073295593;-0.2075269967317581;0;0
11922;2359;-0.01546416897326708;0.9287416338920593;-0.2087468206882477;0;0
11927;2360;-0.01619544625282288;0.9297171831130981;-0.2114323228597641;0;0
11932;2361;-0.01338858716189861;0.928862988948822;-0.2089911103248596;0;0
11937;2362;-0.01216719951480627;0.9273989200592041;-0.2094796597957611;0;0
11949;2363;-0.01119164563715458;0.9313042163848877;-0.2089911103248596;0;0
11949;2364;-0.01168020069599152;0.9314271807670593;-0.208625465631485;0;0
11957;2365;-0.009360342286527157;0.9300844073295593;-0.2137521803379059;0;0
11966;2366;-0.01155728381127119;0.9265431761741638;-0.2067941576242447;0;0
11966;2367;-0.0094817029312253;0.9275202751159668;-0.2097239345312119;0;0
11976;2368;-0.00704048341140151;0.9261775016784668;-0.2083811908960342;0;0
11976;2369;-0.007773315999656916;0.9281302094459534;-0.2097239345312119;0;0
11980;2370;-0.007407677359879017;0.9256889820098877;-0.2088697403669357;0;0
11983;2371;-0.008750425651669502;0.9283744692802429;-0.2109453231096268;0;0
11988;2372;-0.00887178722769022;0.9275202751159668;-0.2082598358392716;0;0
11997;2373;-0.008138954639434815;0.9277645349502564;-0.2078926414251328;0;0
12001;2374;-0.008750425651669502;0.929228663444519;-0.2074040770530701;0;0
12003;2375;-0.008017593063414097;0.9304500222206116;-0.2047185897827148;0;0
12011;2376;-0.009238980710506439;0.9275202751159668;-0.2052071392536163;0;0
12013;2377;-0.00887178722769022;0.9300844073295593;-0.2082598358392716;0;0
12018;2378;-0.01106872875243425;0.9313042163848877;-0.2049628645181656;0;0
12023;2379;-0.00887178722769022;0.931182861328125;-0.2055743336677551;0;0
12028;2380;-0.009848897345364094;0.931182861328125;-0.2036201059818268;0;0
12033;2381;-0.01253439392894507;0.9327698945999146;-0.2064285278320313;0;0
12039;2382;-0.01155728381127119;0.9341126680374146;-0.2032544761896133;0;0
12047;2383;-0.01216719951480627;0.9328912496566773;-0.2049628645181656;0;0
12052;2384;-0.01314430963248015;0.9300844073295593;-0.2042315900325775;0;0
12058;2385;-0.01143592316657305;0.9282531142234802;-0.2003246992826462;0;0
12062;2386;-0.01424278132617474;0.9291073083877564;-0.2055743336677551;0;0
12064;2387;-0.01155728381127119;0.9303271174430847;-0.2042315900325775;0;0
12069;2388;-0.0105817299336195;0.9330126047134399;-0.2041086703538895;0;0
12074;2389;-0.009238980710506439;0.9321584105491638;-0.206672802567482;0;0
12079;2390;-0.01082445122301579;0.932525634765625;-0.2103338539600372;0;0
12083;2391;-0.01168020069599152;0.9309386014938355;-0.2069170773029327;0;0
12093;2392;-0.0122901163995266;0.9316698908805847;-0.2052071392536163;0;0
12100;2393;-0.0094817029312253;0.930205762386322;-0.2058170586824417;0;0
12100;2394;-0.008750425651669502;0.9300844073295593;-0.2031331062316895;0;0
12105;2395;-0.008383232168853283;0.9313042163848877;-0.2030102014541626;0;0
12109;2396;-0.009725980460643768;0.931182861328125;-0.2039873003959656;0;0
12114;2397;-0.007284760940819979;0.9320370554924011;-0.2031331062316895;0;0
12120;2398;-0.005576374009251595;0.9295958280563355;-0.2049628645181656;0;0
12125;2399;-0.007407677359879017;0.9294729232788086;-0.2025216370820999;0;0
12129;2400;-0.00887178722769022;0.9260561466217041;-0.1975178420543671;0;0
12137;2401;-0.005942012183368206;0.9266660809516907;-0.2008132487535477;0;0
12146;2402;-0.004233625251799822;0.9269103407859802;-0.2060613334178925;0;0
12146;2403;-0.005087818950414658;0.9270316958427429;-0.2016674429178238;0;0
12159;2404;-0.006309206597507;0.929228663444519;-0.1989819556474686;0;0
12159;2405;-0.007651954889297485;0.9263004064559937;-0.2005689740180969;0;0
12165;2406;-0.008017593063414097;0.9293515682220459;-0.2025216370820999;0;0
12169;2407;-0.01033745240420103;0.9298401474952698;-0.2050857692956924;0;0
12170;2408;-0.009360342286527157;0.9273989200592041;-0.2047185897827148;0;0
12175;2409;-0.008017593063414097;0.9289859533309937;-0.2025216370820999;0;0
12180;2410;-0.009970257990062237;0.927885890007019;-0.202644556760788;0;0
12185;2411;-0.01021453551948071;0.9314271807670593;-0.2049628645181656;0;0
12192;2412;-0.008627509698271751;0.9306943416595459;-0.2055743336677551;0;0
12197;2413;-0.008506148122251034;0.9294729232788086;-0.2034987509250641;0;0
12201;2414;-0.009116064757108688;0.9313042163848877;-0.2041086703538895;0;0
12205;2415;-0.006797761656343937;0.9319141507148743;-0.2091140151023865;0;0
12210;2416;-0.00691912230104208;0.9313042163848877;-0.2069170773029327;0;0
12215;2417;-0.006674844771623612;0.9291073083877564;-0.2047185897827148;0;0
12220;2418;-0.005210735369473696;0.9276431798934937;-0.2078926414251328;0;0
12225;2419;-0.00276951608248055;0.9295958280563355;-0.2075269967317581;0;0
12230;2420;-0.004722180310636759;0.9303271174430847;-0.2052071392536163;0;0
12236;2421;-0.004843541420996189;0.9287416338920593;-0.2049628645181656;0;0
12243;2422;-0.001669489196501672;0.9304500222206116;-0.2027659118175507;0;0
12250;2423;-0.00350079289637506;0.9313042163848877;-0.2042315900325775;0;0
12255;2424;-0.006186289712786675;0.929228663444519;-0.2017903625965118;0;0
12257;2425;-0.006430567242205143;0.9298401474952698;-0.2038643956184387;0;0
12261;2426;-0.004722180310636759;0.931548535823822;-0.2024002820253372;0;0
12266;2427;-0.005697734653949738;0.928862988948822;-0.2048414945602417;0;0
12272;2428;-0.006309206597507;0.9300844073295593;-0.2002033442258835;0;0
12276;2429;-0.005942012183368206;0.9306943416595459;-0.2019117176532745;0;0
12283;2430;-0.005942012183368206;0.9269103407859802;-0.2053300589323044;0;0
12296;2431;-0.00887178722769022;0.9254446625709534;-0.2042315900325775;0;0
12296;2432;-0.01180156134068966;0.9289859533309937;-0.2038643956184387;0;0
12305;2433;-0.007529038470238447;0.9308156967163086;-0.2036201059818268;0;0
12305;2434;-0.007284760940819979;0.927885890007019;-0.2041086703538895;0;0
12314;2435;-0.01070309057831764;0.9293515682220459;-0.2055743336677551;0;0
12314;2436;-0.01155728381127119;0.9295958280563355;-0.2099682092666626;0;0
12322;2437;-0.0094817029312253;0.931182861328125;-0.2082598358392716;0;0
12322;2438;-0.01290003210306168;0.9300844073295593;-0.2070384472608566;0;0
12330;2439;-0.01119164563715458;0.9310599565505981;-0.2114323228597641;0;0
12333;2440;-0.01033745240420103;0.9305713772773743;-0.2114323228597641;0;0
12340;2441;-0.01204583887010813;0.9286187291145325;-0.2098453044891357;0;0
12345;2442;-0.013022948987782;0.9306943416595459;-0.2114323228597641;0;0
12350;2443;-0.01412141975015402;0.9303271174430847;-0.2138735502958298;0;0
12354;2444;-0.01350994873791933;0.9289859533309937;-0.2102124989032745;0;0
12357;2445;-0.01119164563715458;0.9299615025520325;-0.2114323228597641;0;0
12362;2446;-0.0137542262673378;0.9272760152816773;-0.210701048374176;0;0
12367;2447;-0.01155728381127119;0.9256889820098877;-0.2096025794744492;0;0
12372;2448;-0.01168020069599152;0.9286187291145325;-0.2082598358392716;0;0
12377;2449;-0.009360342286527157;0.932525634765625;-0.2080155462026596;0;0
12382;2450;-0.01021453551948071;0.9289859533309937;-0.2092353850603104;0;0
12390;2451;-0.01204583887010813;0.9275202751159668;-0.2115552425384522;0;0
12394;2452;-0.0122901163995266;0.9299615025520325;-0.2072827219963074;0;0
12400;2453;-0.01314430963248015;0.9269103407859802;-0.2096025794744492;0;0
12402;2454;-0.01131300628185272;0.9286187291145325;-0.2117995172739029;0;0
12407;2455;-0.01131300628185272;0.9273989200592041;-0.2135079056024551;0;0
12412;2456;-0.01314430963248015;0.928862988948822;-0.2097239345312119;0;0
12417;2457;-0.01485269702970982;0.9281302094459534;-0.2103338539600372;0;0
12422;2458;-0.01106872875243425;0.9282531142234802;-0.2089911103248596;0;0
12428;2459;-0.008383232168853283;0.9286187291145325;-0.2085025459527969;0;0
12436;2460;-0.01338858716189861;0.9305713772773743;-0.2087468206882477;0;0
12442;2461;-0.01314430963248015;0.9276431798934937;-0.2144850194454193;0;0
12447;2462;-0.01350994873791933;0.9273989200592041;-0.2108224034309387;0;0
12451;2463;-0.01350994873791933;0.9291073083877564;-0.210701048374176;0;0
12453;2464;-0.01350994873791933;0.9282531142234802;-0.2089911103248596;0;0
12458;2465;-0.01436569727957249;0.9266660809516907;-0.2092353850603104;0;0
12463;2466;-0.01692827790975571;0.9295958280563355;-0.2048414945602417;0;0
12468;2467;-0.01521989144384861;0.9291073083877564;-0.2085025459527969;0;0
12473;2468;-0.01888094283640385;0.9303271174430847;-0.2122880816459656;0;0
12479;2469;-0.01741683296859264;0.929228663444519;-0.2110666930675507;0;0
12488;2470;-0.01631836220622063;0.9286187291145325;-0.2099682092666626;0;0
12488;2471;-0.01473133638501167;0.9295958280563355;-0.2117995172739029;0;0
12498;2472;-0.0190038587898016;0.9297171831130981;-0.2104567736387253;0;0
12498;2473;-0.01753819361329079;0.9294729232788086;-0.2110666930675507;0;0
12503;2474;-0.01656263880431652;0.9295958280563355;-0.2098453044891357;0;0
12513;2475;-0.01827102713286877;0.927885890007019;-0.208625465631485;0;0
12514;2476;-0.01753819361329079;0.9306943416595459;-0.2056956887245178;0;0
12518;2477;-0.01961377449333668;0.9283744692802429;-0.2047185897827148;0;0
12523;2478;-0.01717255637049675;0.9294729232788086;-0.2048414945602417;0;0
12552;2479;-0.02034660801291466;0.9305713772773743;-0.2059399634599686;0;0
12553;2480;-0.01790538802742958;0.9264218211174011;-0.2032544761896133;0;0
12553;2481;-0.01888094283640385;0.9281302094459534;-0.2064285278320313;0;0
12553;2482;-0.02095652371644974;0.9284973740577698;-0.2039873003959656;0;0
12554;2483;-0.02095652371644974;0.9276431798934937;-0.2042315900325775;0;0
12554;2484;-0.01546416897326708;0.9265431761741638;-0.2028888314962387;0;0
12562;2485;-0.01912521943449974;0.9306943416595459;-0.2048414945602417;0;0
12566;2486;-0.01997941359877586;0.9289859533309937;-0.2056956887245178;0;0
12594;2487;-0.02132216282188892;0.9260561466217041;-0.2067941576242447;0;0
12595;2488;-0.02010232955217362;0.9264218211174011;-0.2055743336677551;0;0
12596;2489;-0.02449621446430683;0.9280087947845459;-0.2102124989032745;0;0
12596;2490;-0.02352065965533257;0.9309386014938355;-0.2092353850603104;0;0
12596;2491;-0.02278782799839973;0.9297171831130981;-0.2097239345312119;0;0
12596;2492;-0.02278782799839973;0.9303271174430847;-0.2053300589323044;0;0
12601;2493;-0.02266491018235683;0.9330126047134399;-0.2097239345312119;0;0
12606;2494;-0.02168935537338257;0.931182861328125;-0.2089911103248596;0;0
12610;2495;-0.02400765940546989;0.9338683485984802;-0.2097239345312119;0;0
12617;2496;-0.02510613016784191;0.9319141507148743;-0.206549882888794;0;0
12621;2497;-0.02474049106240273;0.9327698945999146;-0.2067941576242447;0;0
12625;2498;-0.02437485381960869;0.9332569241523743;-0.2064285278320313;0;0
12630;2499;-0.02498476952314377;0.9337454438209534;-0.2092353850603104;0;0
12636;2500;-0.02315346524119377;0.9330126047134399;-0.2093583047389984;0;0
12641;2501;-0.02156643941998482;0.9321584105491638;-0.2075269967317581;0;0
12646;2502;-0.02217791043221951;0.9284973740577698;-0.2064285278320313;0;0
12652;2503;-0.02107943966984749;0.9293515682220459;-0.2038643956184387;0;0
12655;2504;-0.0222992729395628;0.9287416338920593;-0.2083811908960342;0;0
12661;2505;-0.02168935537338257;0.9286187291145325;-0.2071598023176193;0;0
12665;2506;-0.0222992729395628;0.9252004027366638;-0.2059399634599686;0;0
12670;2507;-0.02352065965533257;0.9271546006202698;-0.2063056081533432;0;0
12675;2508;-0.02315346524119377;0.9247134327888489;-0.2042315900325775;0;0
12682;2509;-0.02095652371644974;0.9295958280563355;-0.2048414945602417;0;0
12688;2510;-0.02022369019687176;0.9299615025520325;-0.2042315900325775;0;0
12692;2511;-0.02364202030003071;0.9252004027366638;-0.2048414945602417;0;0
12695;2512;-0.02290918864309788;0.9280087947845459;-0.2019117176532745;0;0
12703;2513;-0.02535040676593781;0.9272760152816773;-0.2017903625965118;0;0
12707;2514;-0.02327638305723667;0.9272760152816773;-0.2034987509250641;0;0
12711;2515;-0.02388629876077175;0.9297171831130981;-0.2021560072898865;0;0
12716;2516;-0.02498476952314377;0.9309386014938355;-0.204597219824791;0;0
12721;2517;-0.02376493811607361;0.9326469898223877;-0.2050857692956924;0;0
12727;2518;-0.02193363383412361;0.9299615025520325;-0.2039873003959656;0;0
12732;2519;-0.02327638305723667;0.9326469898223877;-0.2052071392536163;0;0
12737;2520;-0.02217791043221951;0.9305713772773743;-0.2080155462026596;0;0
12742;2521;-0.02278782799839973;0.9294729232788086;-0.2056956887245178;0;0
12746;2522;-0.01668400131165981;0.9295958280563355;-0.2061842530965805;0;0
12752;2523;-0.0204679686576128;0.9319141507148743;-0.2094796597957611;0;0
12757;2524;-0.01729391701519489;0.9330126047134399;-0.2059399634599686;0;0
12761;2525;-0.01570844650268555;0.9293515682220459;-0.2055743336677551;0;0
12766;2526;-0.01643972285091877;0.9284973740577698;-0.2038643956184387;0;0
12773;2527;-0.01546416897326708;0.9283744692802429;-0.2042315900325775;0;0
12778;2528;-0.01692827790975571;0.9305713772773743;-0.2054514139890671;0;0
12782;2529;-0.01277867145836353;0.9308156967163086;-0.2025216370820999;0;0
12787;2530;-0.01350994873791933;0.9248347878456116;-0.2019117176532745;0;0
12794;2531;-0.01168020069599152;0.9299615025520325;-0.2017903625965118;0;0
12798;2532;-0.009848897345364094;0.9319141507148743;-0.2038643956184387;0;0
12803;2533;-0.008506148122251034;0.9299615025520325;-0.2056956887245178;0;0
12807;2534;-0.01155728381127119;0.9291073083877564;-0.2000804245471954;0;0
12812;2535;-0.01216719951480627;0.928862988948822;-0.2005689740180969;0;0
12819;2536;-0.009848897345364094;0.930205762386322;-0.2021560072898865;0;0
12821;2537;-0.01168020069599152;0.931182861328125;-0.1976391971111298;0;0
12827;2538;-0.009725980460643768;0.9317927956581116;-0.2002033442258835;0;0
12832;2539;-0.01204583887010813;0.9319141507148743;-0.2006903439760208;0;0
12840;2540;-0.01350994873791933;0.9333798289299011;-0.2000804245471954;0;0
12844;2541;-0.01180156134068966;0.9267874360084534;-0.1989819556474686;0;0
12849;2542;-0.007651954889297485;0.9283744692802429;-0.2010575383901596;0;0
12853;2543;-0.01192447822540999;0.928862988948822;-0.2016674429178238;0;0
12858;2544;-0.01277867145836353;0.9272760152816773;-0.2047185897827148;0;0
12865;2545;-0.009970257990062237;0.9275202751159668;-0.2038643956184387;0;0
12868;2546;-0.009848897345364094;0.9295958280563355;-0.2038643956184387;0;0
12873;2547;-0.01216719951480627;0.9293515682220459;-0.2025216370820999;0;0
12878;2548;-0.013022948987782;0.929228663444519;-0.2050857692956924;0;0
12882;2549;-0.01290003210306168;0.9306943416595459;-0.2088697403669357;0;0
12890;2550;-0.01290003210306168;0.9305713772773743;-0.2078926414251328;0;0
12894;2551;-0.01204583887010813;0.9263004064559937;-0.2077712714672089;0;0
12898;2552;-0.01363286469131708;0.9275202751159668;-0.2091140151023865;0;0
12902;2553;-0.0144870588555932;0.929228663444519;-0.2096025794744492;0;0
12908;2554;-0.01290003210306168;0.9284973740577698;-0.2087468206882477;0;0
12912;2555;-0.01436569727957249;0.9283744692802429;-0.2093583047389984;0;0
12918;2556;-0.01277867145836353;0.9289859533309937;-0.2076483517885208;0;0
12926;2557;-0.0137542262673378;0.9272760152816773;-0.2077712714672089;0;0
12930;2558;-0.01314430963248015;0.9259332418441773;-0.2069170773029327;0;0
12933;2559;-0.01314430963248015;0.9286187291145325;-0.2070384472608566;0;0
12938;2560;-0.01192447822540999;0.9316698908805847;-0.2053300589323044;0;0
12943;2561;-0.01106872875243425;0.9308156967163086;-0.2069170773029327;0;0
12950;2562;-0.0105817299336195;0.932525634765625;-0.2071598023176193;0;0
12955;2563;-0.01082445122301579;0.9308156967163086;-0.2069170773029327;0;0
12958;2564;-0.01216719951480627;0.9305713772773743;-0.2042315900325775;0;0
12963;2565;-0.009848897345364094;0.9291073083877564;-0.2025216370820999;0;0
12971;2566;-0.01253439392894507;0.9294729232788086;-0.2032544761896133;0;0
12976;2567;-0.01082445122301579;0.9299615025520325;-0.206672802567482;0;0
12980;2568;-0.009238980710506439;0.9289859533309937;-0.2006903439760208;0;0
12983;2569;-0.01192447822540999;0.9289859533309937;-0.2020330876111984;0;0
12991;2570;-0.01326722651720047;0.9276431798934937;-0.2049628645181656;0;0
12996;2571;-0.01192447822540999;0.9297171831130981;-0.2056956887245178;0;0
13000;2572;-0.01460997480899096;0.9304500222206116;-0.2036201059818268;0;0
13004;2573;-0.01290003210306168;0.9273989200592041;-0.206672802567482;0;0
13011;2574;-0.01412141975015402;0.9305713772773743;-0.2070384472608566;0;0
13015;2575;-0.01814966648817062;0.9299615025520325;-0.2050857692956924;0;0
13019;2576;-0.01680691726505756;0.9280087947845459;-0.203375831246376;0;0
13025;2577;-0.01546416897326708;0.9272760152816773;-0.2042315900325775;0;0
13032;2578;-0.01766111142933369;0.9258118867874146;-0.2083811908960342;0;0
13036;2579;-0.01778247207403183;0.9260561466217041;-0.2076483517885208;0;0
13041;2580;-0.0190038587898016;0.9303271174430847;-0.2081369161605835;0;0
13045;2581;-0.01570844650268555;0.9299615025520325;-0.2075269967317581;0;0
13049;2582;-0.01668400131165981;0.9294729232788086;-0.2092353850603104;0;0
13057;2583;-0.01717255637049675;0.9295958280563355;-0.2077712714672089;0;0
13059;2584;-0.01668400131165981;0.9289859533309937;-0.2076483517885208;0;0
13064;2585;-0.01643972285091877;0.9303271174430847;-0.2050857692956924;0;0
13070;2586;-0.01814966648817062;0.9306943416595459;-0.2077712714672089;0;0
13077;2587;-0.01936949789524078;0.9271546006202698;-0.2081369161605835;0;0
13082;2588;-0.01961377449333668;0.9277645349502564;-0.206672802567482;0;0
13086;2589;-0.0208351630717516;0.9322813153266907;-0.208625465631485;0;0
13090;2590;-0.0208351630717516;0.9293515682220459;-0.210701048374176;0;0
13095;2591;-0.01961377449333668;0.9284973740577698;-0.2069170773029327;0;0
13102;2592;-0.01705119386315346;0.9309386014938355;-0.2071598023176193;0;0
13105;2593;-0.01839394308626652;0.9284973740577698;-0.2115552425384522;0;0
13110;2594;-0.01314430963248015;0.9270316958427429;-0.2110666930675507;0;0
13115;2595;-0.01656263880431652;0.9313042163848877;-0.208625465631485;0;0
13122;2596;-0.01643972285091877;0.9297171831130981;-0.2083811908960342;0;0
13128;2597;-0.01936949789524078;0.9254446625709534;-0.2099682092666626;0;0
13132;2598;-0.02107943966984749;0.9286187291145325;-0.2109453231096268;0;0
13136;2599;-0.01741683296859264;0.9281302094459534;-0.2104567736387253;0;0
13143;2600;-0.01912521943449974;0.9271546006202698;-0.210578128695488;0;0
13147;2601;-0.01814966648817062;0.9275202751159668;-0.2110666930675507;0;0
13150;2602;-0.01692827790975571;0.9276431798934937;-0.210701048374176;0;0
13155;2603;-0.01997941359877586;0.9258118867874146;-0.2124094367027283;0;0
13160;2604;-0.01973669230937958;0.9264218211174011;-0.2120437920093536;0;0
13167;2605;-0.02217791043221951;0.9271546006202698;-0.216559037566185;0;0
13172;2606;-0.02290918864309788;0.9254446625709534;-0.2124094367027283;0;0
13177;2607;-0.02278782799839973;0.9286187291145325;-0.2103338539600372;0;0
13180;2608;-0.02156643941998482;0.9281302094459534;-0.2109453231096268;0;0
13188;2609;-0.02205499447882175;0.9287416338920593;-0.2152162939310074;0;0
13192;2610;-0.02400765940546989;0.9300844073295593;-0.2132636308670044;0;0
13197;2611;-0.02388629876077175;0.9309386014938355;-0.2108224034309387;0;0
13201;2612;-0.02327638305723667;0.9265431761741638;-0.2111880481243134;0;0
13206;2613;-0.02449621446430683;0.9269103407859802;-0.2136308252811432;0;0
13213;2614;-0.02559468522667885;0.928862988948822;-0.2163147628307343;0;0
13217;2615;-0.02327638305723667;0.9291073083877564;-0.2150949388742447;0;0
13221;2616;-0.02352065965533257;0.9287416338920593;-0.2114323228597641;0;0
13226;2617;-0.02608324028551579;0.9287416338920593;-0.2116765975952148;0;0
13233;2618;-0.02498476952314377;0.9297171831130981;-0.2127750664949417;0;0
13238;2619;-0.02413057535886765;0.9261775016784668;-0.2122880816459656;0;0
13242;2620;-0.02193363383412361;0.9304500222206116;-0.2137521803379059;0;0
13246;2621;-0.02327638305723667;0.9266660809516907;-0.212653711438179;0;0
13254;2622;-0.02437485381960869;0.9249576926231384;-0.2130193561315537;0;0
13259;2623;-0.02449621446430683;0.9283744692802429;-0.2158277630805969;0;0
13261;2624;-0.02510613016784191;0.9291073083877564;-0.2124094367027283;0;0
13267;2625;-0.02339774370193481;0.9293515682220459;-0.2097239345312119;0;0
13275;2626;-0.0222992729395628;0.9276431798934937;-0.2097239345312119;0;0
13279;2627;-0.02303210459649563;0.9271546006202698;-0.2122880816459656;0;0
13283;2628;-0.02278782799839973;0.9276431798934937;-0.2154605686664581;0;0
13288;2629;-0.02144507877528667;0.9300844073295593;-0.2147292941808701;0;0
13292;2630;-0.02217791043221951;0.928862988948822;-0.2124094367027283;0;0
13297;2631;-0.02388629876077175;0.9261775016784668;-0.2139964550733566;0;0
13302;2632;-0.0222992729395628;0.9286187291145325;-0.2124094367027283;0;0
13308;2633;-0.02266491018235683;0.9295958280563355;-0.2150949388742447;0;0
13318;2634;-0.02168935537338257;0.9267874360084534;-0.2098453044891357;0;0
13319;2635;-0.02290918864309788;0.9253233075141907;-0.2119208872318268;0;0
13324;2636;-0.02376493811607361;0.9259332418441773;-0.2128979861736298;0;0
13329;2637;-0.02437485381960869;0.9261775016784668;-0.2116765975952148;0;0
13334;2638;-0.02327638305723667;0.925567626953125;-0.2131422609090805;0;0
13339;2639;-0.02168935537338257;0.9276431798934937;-0.2135079056024551;0;0
13344;2640;-0.02217791043221951;0.9254446625709534;-0.2120437920093536;0;0
13349;2641;-0.02449621446430683;0.9275202751159668;-0.2144850194454193;0;0
13353;2642;-0.02437485381960869;0.9284973740577698;-0.2131422609090805;0;0
13357;2643;-0.02266491018235683;0.9265431761741638;-0.2120437920093536;0;0
13363;2644;-0.0204679686576128;0.9310599565505981;-0.2139964550733566;0;0
13368;2645;-0.02168935537338257;0.9298401474952698;-0.2113109678030014;0;0
13374;2646;-0.0222992729395628;0.9263004064559937;-0.212653711438179;0;0
13378;2647;-0.02120080031454563;0.9314271807670593;-0.2115552425384522;0;0
13385;2648;-0.02205499447882175;0.931182861328125;-0.2128979861736298;0;0
13390;2649;-0.02315346524119377;0.928862988948822;-0.2138735502958298;0;0
13393;2650;-0.0222992729395628;0.9283744692802429;-0.2120437920093536;0;0
13398;2651;-0.01961377449333668;0.9287416338920593;-0.2070384472608566;0;0
13403;2652;-0.02107943966984749;0.9286187291145325;-0.2117995172739029;0;0
13410;2653;-0.02413057535886765;0.9275202751159668;-0.2116765975952148;0;0
13415;2654;-0.02364202030003071;0.9298401474952698;-0.2092353850603104;0;0
13420;2655;-0.02400765940546989;0.9286187291145325;-0.2128979861736298;0;0
13424;2656;-0.02181071788072586;0.9247134327888489;-0.2115552425384522;0;0
13428;2657;-0.02193363383412361;0.9254446625709534;-0.2132636308670044;0;0
13435;2658;-0.02242218889296055;0.9252004027366638;-0.2119208872318268;0;0
13440;2659;-0.02168935537338257;0.9269103407859802;-0.2087468206882477;0;0
13443;2660;-0.02168935537338257;0.9276431798934937;-0.2071598023176193;0;0
13448;2661;-0.02364202030003071;0.9281302094459534;-0.2098453044891357;0;0
13456;2662;-0.02339774370193481;0.9277645349502564;-0.2081369161605835;0;0
13460;2663;-0.02022369019687176;0.9286187291145325;-0.2089911103248596;0;0
13464;2664;-0.02181071788072586;0.9303271174430847;-0.2110666930675507;0;0
13469;2665;-0.02205499447882175;0.9287416338920593;-0.2113109678030014;0;0
13474;2666;-0.02266491018235683;0.9320370554924011;-0.2089911103248596;0;0
13481;2667;-0.02303210459649563;0.9326469898223877;-0.2116765975952148;0;0
13485;2668;-0.02120080031454563;0.9291073083877564;-0.2083811908960342;0;0
13489;2669;-0.0204679686576128;0.927885890007019;-0.212530791759491;0;0
13497;2670;-0.01692827790975571;0.9259332418441773;-0.2128979861736298;0;0
13499;2671;-0.0190038587898016;0.9254446625709534;-0.2103338539600372;0;0
13504;2672;-0.01985805295407772;0.9238576889038086;-0.2113109678030014;0;0
13509;2673;-0.0186366643756628;0.9250790476799011;-0.214606374502182;0;0
13518;2674;-0.01827102713286877;0.922882080078125;-0.2113109678030014;0;0
13520;2675;-0.01729391701519489;0.9259332418441773;-0.2131422609090805;0;0
13526;2676;-0.01912521943449974;0.9254446625709534;-0.2119208872318268;0;0
13530;2677;-0.01985805295407772;0.9250790476799011;-0.2110666930675507;0;0
13534;2678;-0.01997941359877586;0.9269103407859802;-0.2119208872318268;0;0
13540;2679;-0.01888094283640385;0.9283744692802429;-0.2103338539600372;0;0
13544;2680;-0.01741683296859264;0.929228663444519;-0.2085025459527969;0;0
13550;2681;-0.02132216282188892;0.9272760152816773;-0.2080155462026596;0;0
13555;2682;-0.02278782799839973;0.9286187291145325;-0.2078926414251328;0;0
13563;2683;-0.02437485381960869;0.9283744692802429;-0.2088697403669357;0;0
13568;2684;-0.02193363383412361;0.9306943416595459;-0.2083811908960342;0;0
13570;2685;-0.02193363383412361;0.9293515682220459;-0.2108224034309387;0;0
13575;2686;-0.02132216282188892;0.9304500222206116;-0.2108224034309387;0;0
13582;2687;-0.02303210459649563;0.9277645349502564;-0.2119208872318268;0;0
13586;2688;-0.02205499447882175;0.927885890007019;-0.2098453044891357;0;0
13590;2689;-0.0208351630717516;0.9265431761741638;-0.2110666930675507;0;0
13595;2690;-0.02242218889296055;0.9284973740577698;-0.2142407447099686;0;0
13602;2691;-0.0187595821917057;0.9316698908805847;-0.2130193561315537;0;0
13607;2692;-0.01949241384863854;0.9295958280563355;-0.2094796597957611;0;0
13610;2693;-0.01705119386315346;0.9281302094459534;-0.2087468206882477;0;0
13615;2694;-0.0187595821917057;0.9277645349502564;-0.2122880816459656;0;0
13620;2695;-0.01936949789524078;0.9264218211174011;-0.2080155462026596;0;0
13627;2696;-0.01558552961796522;0.929228663444519;-0.2080155462026596;0;0
13632;2697;-0.01424278132617474;0.9297171831130981;-0.206672802567482;0;0
13636;2698;-0.0144870588555932;0.9306943416595459;-0.2083811908960342;0;0
13640;2699;-0.01497561391443014;0.9298401474952698;-0.2100895792245865;0;0
13648;2700;-0.01436569727957249;0.9276431798934937;-0.2117995172739029;0;0
13653;2701;-0.0137542262673378;0.9286187291145325;-0.210578128695488;0;0
13656;2702;-0.01350994873791933;0.9295958280563355;-0.2096025794744492;0;0
13661;2703;-0.01424278132617474;0.9294729232788086;-0.2087468206882477;0;0
13668;2704;-0.01668400131165981;0.9293515682220459;-0.206672802567482;0;0
13673;2705;-0.01534125208854675;0.928862988948822;-0.210578128695488;0;0
13677;2706;-0.0187595821917057;0.928862988948822;-0.2087468206882477;0;0
13681;2707;-0.01851530373096466;0.931182861328125;-0.2082598358392716;0;0
13686;2708;-0.01656263880431652;0.9283744692802429;-0.2098453044891357;0;0
13691;2709;-0.01888094283640385;0.9293515682220459;-0.2114323228597641;0;0
13696;2710;-0.01973669230937958;0.9306943416595459;-0.2111880481243134;0;0
13702;2711;-0.02156643941998482;0.930205762386322;-0.2099682092666626;0;0
13709;2712;-0.01985805295407772;0.930205762386322;-0.2109453231096268;0;0
13714;2713;-0.02059088461101055;0.9306943416595459;-0.2128979861736298;0;0
13718;2714;-0.02303210459649563;0.9282531142234802;-0.2104567736387253;0;0
13723;2715;-0.02388629876077175;0.9304500222206116;-0.2113109678030014;0;0
13728;2716;-0.02437485381960869;0.9308156967163086;-0.2137521803379059;0;0
13735;2717;-0.02608324028551579;0.9294729232788086;-0.2092353850603104;0;0
13737;2718;-0.02522904612123966;0.9303271174430847;-0.2094796597957611;0;0
13741;2719;-0.02486340887844563;0.9283744692802429;-0.2128979861736298;0;0
13747;2720;-0.02583896182477474;0.9284973740577698;-0.210578128695488;0;0
13752;2721;-0.02242218889296055;0.9286187291145325;-0.2117995172739029;0;0
13760;2722;-0.02376493811607361;0.9284973740577698;-0.2130193561315537;0;0
13762;2723;-0.0204679686576128;0.9280087947845459;-0.2131422609090805;0;0
13767;2724;-0.02156643941998482;0.928862988948822;-0.210701048374176;0;0
13772;2725;-0.02156643941998482;0.9283744692802429;-0.2099682092666626;0;0
13779;2726;-0.02059088461101055;0.9263004064559937;-0.2108224034309387;0;0
13782;2727;-0.02388629876077175;0.9272760152816773;-0.212653711438179;0;0
13787;2728;-0.02290918864309788;0.9256889820098877;-0.2135079056024551;0;0
13792;2729;-0.02120080031454563;0.9238576889038086;-0.2077712714672089;0;0
13800;2730;-0.02193363383412361;0.9269103407859802;-0.212653711438179;0;0
13805;2731;-0.0204679686576128;0.9283744692802429;-0.2098453044891357;0;0
13807;2732;-0.02156643941998482;0.9243462085723877;-0.2094796597957611;0;0
13812;2733;-0.02193363383412361;0.9260561466217041;-0.2070384472608566;0;0
13819;2734;-0.02217791043221951;0.9283744692802429;-0.2099682092666626;0;0
13824;2735;-0.02242218889296055;0.928862988948822;-0.2120437920093536;0;0
13828;2736;-0.02022369019687176;0.927885890007019;-0.2082598358392716;0;0
13832;2737;-0.02168935537338257;0.9253233075141907;-0.2094796597957611;0;0
13842;2738;-0.02278782799839973;0.9299615025520325;-0.2110666930675507;0;0
13844;2739;-0.02425193600356579;0.9297171831130981;-0.2100895792245865;0;0
13849;2740;-0.02107943966984749;0.9289859533309937;-0.2089911103248596;0;0
13853;2741;-0.02242218889296055;0.9275202751159668;-0.2071598023176193;0;0
13859;2742;-0.01656263880431652;0.9305713772773743;-0.2069170773029327;0;0
13867;2743;-0.01924813725054264;0.9316698908805847;-0.2119208872318268;0;0
13868;2744;-0.01766111142933369;0.928862988948822;-0.2115552425384522;0;0
13877;2745;-0.01534125208854675;0.9295958280563355;-0.2102124989032745;0;0
13878;2746;-0.01314430963248015;0.9299615025520325;-0.212653711438179;0;0
13883;2747;-0.009604619815945625;0.9270316958427429;-0.2096025794744492;0;0
13889;2748;-0.01045881304889917;0.9313042163848877;-0.210578128695488;0;0
13893;2749;-0.008017593063414097;0.9283744692802429;-0.2114323228597641;0;0
13898;2750;-0.007407677359879017;0.9280087947845459;-0.2092353850603104;0;0
13904;2751;-0.008627509698271751;0.9293515682220459;-0.2100895792245865;0;0
13909;2752;-0.002036683494225144;0.9289859533309937;-0.2100895792245865;0;0
13916;2753;-0.0003267406718805432;0.9281302094459534;-0.2103338539600372;0;0
13921;2754;0.001014451961964369;0.9253233075141907;-0.2096025794744492;0;0
13925;2755;0.001137368730269373;0.9267874360084534;-0.2088697403669357;0;0
13929;2756;0.0007717303233221173;0.9271546006202698;-0.2088697403669357;0;0
13934;2757;0.004311420954763889;0.9273989200592041;-0.2091140151023865;0;0
13938;2758;0.005286974832415581;0.9272760152816773;-0.2078926414251328;0;0
13944;2759;0.009193859994411469;0.9324027299880981;-0.2053300589323044;0;0
13949;2760;0.008949582464993;0.9341126680374146;-0.203375831246376;0;0
13957;2761;0.009193859994411469;0.9324027299880981;-0.2041086703538895;0;0
13961;2762;0.01029233075678349;0.9310599565505981;-0.2075269967317581;0;0
13964;2763;0.009315220639109612;0.9313042163848877;-0.2054514139890671;0;0
13972;2764;0.009193859994411469;0.9330126047134399;-0.2080155462026596;0;0
13976;2765;0.008216749876737595;0.9314271807670593;-0.2115552425384522;0;0
13979;2766;0.007485473062843084;0.930205762386322;-0.2141178250312805;0;0
13984;2767;0.006996918004006147;0.9299615025520325;-0.2103338539600372;0;0
13990;2768;0.002601478016003966;0.9305713772773743;-0.2088697403669357;0;0
13997;2769;0.00248011713847518;0.9294729232788086;-0.2091140151023865;0;0
14002;2770;-0.001426767557859421;0.9275202751159668;-0.2063056081533432;0;0
14006;2771;-0.004599263891577721;0.9297171831130981;-0.2094796597957611;0;0
14009;2772;-0.008017593063414097;0.9308156967163086;-0.2083811908960342;0;0
14014;2773;-0.01021453551948071;0.9299615025520325;-0.2103338539600372;0;0
14021;2774;-0.01314430963248015;0.9314271807670593;-0.2069170773029327;0;0
14026;2775;-0.01595116779208183;0.9355767369270325;-0.2058170586824417;0;0
14030;2776;-0.01729391701519489;0.9367981553077698;-0.206672802567482;0;0
14034;2777;-0.01631836220622063;0.9381393194198608;-0.2060613334178925;0;0
14042;2778;-0.02193363383412361;0.9376523494720459;-0.2036201059818268;0;0
14047;2779;-0.02303210459649563;0.9347225427627564;-0.2087468206882477;0;0
14050;2780;-0.02425193600356579;0.9331355094909668;-0.2072827219963074;0;0
14055;2781;-0.02657179534435272;0.9320370554924011;-0.203375831246376;0;0
14063;2782;-0.02840309962630272;0.9314271807670593;-0.2081369161605835;0;0
14067;2783;-0.02999012544751167;0.9273989200592041;-0.2102124989032745;0;0
14072;2784;-0.03279698267579079;0.9275202751159668;-0.2082598358392716;0;0
14076;2785;-0.03719086572527885;0.9266660809516907;-0.2092353850603104;0;0
14080;2786;-0.03841225430369377;0.9256889820098877;-0.2138735502958298;0;0
14088;2787;-0.03999928012490273;0.9258118867874146;-0.2170476019382477;0;0
14094;2788;-0.03999928012490273;0.9221493005752564;-0.2183903455734253;0;0
14098;2789;-0.04353897273540497;0.921904981136322;-0.2172918766736984;0;0
14100;2790;-0.04561455175280571;0.9230034947395325;-0.2188788950443268;0;0
14105;2791;-0.04927560314536095;0.919586718082428;-0.219856008887291;0;0
14112;2792;-0.0493985190987587;0.9217836260795593;-0.2157048434019089;0;0
14117;2793;-0.05135118588805199;0.9190981388092041;-0.2216857522726059;0;0
14121;2794;-0.05293821170926094;0.9201965928077698;-0.2221743166446686;0;0
14126;2795;-0.05537943169474602;0.9216607213020325;-0.2222972363233566;0;0
14133;2796;-0.05562370643019676;0.9187309145927429;-0.2190002650022507;0;0
14137;2797;-0.05721073225140572;0.9203179478645325;-0.2243712544441223;0;0
14141;2798;-0.05391376465559006;0.921904981136322;-0.2276682257652283;0;0
14146;2799;-0.0578206479549408;0.9193423986434937;-0.2248598039150238;0;0
14154;2800;-0.06160461902618408;0.9181210398674011;-0.2242498993873596;0;0
14158;2801;-0.05855348333716393;0.9183652997016907;-0.2251040935516357;0;0
14162;2802;-0.05684353783726692;0.9197080731391907;-0.2255926430225372;0;0
14166;2803;-0.05794201046228409;0.9197080731391907;-0.2247384488582611;0;0
14171;2804;-0.06026186794042587;0.9223935604095459;-0.2247384488582611;0;0
14181;2805;-0.05891912057995796;0.922882080078125;-0.2232727855443955;0;0
14183;2806;-0.06001759320497513;0.9220278859138489;-0.219856008887291;0;0
14187;2807;-0.06258172541856766;0.9253233075141907;-0.2202216535806656;0;0
14194;2808;-0.06306872516870499;0.9270316958427429;-0.2247384488582611;0;0
14198;2809;-0.06550994515419006;0.9263004064559937;-0.2271796762943268;0;0
14202;2810;-0.0642901137471199;0.9299615025520325;-0.2252269983291626;0;0
14207;2811;-0.06465575098991394;0.9326469898223877;-0.2224185913801193;0;0
14216;2812;-0.06404583901166916;0.9299615025520325;-0.2240056097507477;0;0
14220;2813;-0.06258172541856766;0.9287416338920593;-0.2229071408510208;0;0
14225;2814;-0.05989623069763184;0.9308156967163086;-0.2236399799585342;0;0
14229;2815;-0.05879775807261467;0.9272760152816773;-0.2232727855443955;0;0
14241;2816;-0.05367104336619377;0.928862988948822;-0.220587283372879;0;0
14241;2817;-0.04976416006684303;0.9270316958427429;-0.2182689905166626;0;0
14242;2818;-0.05000843480229378;0.9275202751159668;-0.2161934077739716;0;0
14250;2819;-0.04585883021354675;0.9249576926231384;-0.2161934077739716;0;0
14256;2820;-0.04598018899559975;0.922882080078125;-0.2169262319803238;0;0
14260;2821;-0.04561455175280571;0.9243462085723877;-0.219856008887291;0;0
14265;2822;-0.04036491736769676;0.9261775016784668;-0.2204659283161163;0;0
14269;2823;-0.04183058440685272;0.9266660809516907;-0.2202216535806656;0;0
14272;2824;-0.04183058440685272;0.9282531142234802;-0.2231514304876328;0;0
14277;2825;-0.03938936442136765;0.9270316958427429;-0.2236399799585342;0;0
14283;2826;-0.03975500166416168;0.9250790476799011;-0.2247384488582611;0;0
14288;2827;-0.03658095002174377;0.9263004064559937;-0.2236399799585342;0;0
14293;2828;-0.03597103431820869;0.9304500222206116;-0.2211987525224686;0;0
14298;2829;-0.03877789154648781;0.9282531142234802;-0.2188788950443268;0;0
14305;2830;-0.03645959123969078;0.929228663444519;-0.219856008887291;0;0
14310;2831;-0.04036491736769676;0.9314271807670593;-0.2152162939310074;0;0
14315;2832;-0.04170766845345497;0.9281302094459534;-0.2170476019382477;0;0
14320;2833;-0.03877789154648781;0.9271546006202698;-0.2117995172739029;0;0
14326;2834;-0.03841225430369377;0.9254446625709534;-0.2059399634599686;0;0
14328;2835;-0.03951072692871094;0.9253233075141907;-0.208625465631485;0;0
14333;2836;-0.03536111861467362;0.925567626953125;-0.2021560072898865;0;0
14338;2837;-0.03181987255811691;0.9265431761741638;-0.2022773623466492;0;0
14343;2838;-0.02986720763146877;0.9277645349502564;-0.2047185897827148;0;0
14349;2839;-0.02974584698677063;0.9247134327888489;-0.2027659118175507;0;0
14358;2840;-0.02510613016784191;0.9258118867874146;-0.2041086703538895;0;0
14358;2841;-0.0208351630717516;0.9283744692802429;-0.2047185897827148;0;0
14364;2842;-0.01460997480899096;0.9332569241523743;-0.2000804245471954;0;0
14369;2843;-0.01168020069599152;0.9328912496566773;-0.2020330876111984;0;0
14374;2844;-0.009360342286527157;0.9313042163848877;-0.2024002820253372;0;0
14381;2845;-0.009360342286527157;0.9300844073295593;-0.2061842530965805;0;0
14385;2846;-0.00691912230104208;0.9338683485984802;-0.2042315900325775;0;0
14392;2847;-0.0094817029312253;0.9349668622016907;-0.2034987509250641;0;0
14397;2848;-0.006553484126925468;0.9338683485984802;-0.203375831246376;0;0
14402;2849;-0.006186289712786675;0.9330126047134399;-0.2006903439760208;0;0
14407;2850;-0.008261870592832565;0.9324027299880981;-0.2038643956184387;0;0
14411;2851;-0.005576374009251595;0.9295958280563355;-0.2036201059818268;0;0
14417;2852;-0.008994703181087971;0.9299615025520325;-0.1999590545892716;0;0
14419;2853;-0.008506148122251034;0.9338683485984802;-0.1975178420543671;0;0
14424;2854;-0.008383232168853283;0.9328912496566773;-0.1961750984191895;0;0
14432;2855;-0.00704048341140151;0.9324027299880981;-0.1953209042549133;0;0
14438;2856;-0.006309206597507;0.9324027299880981;-0.1961750984191895;0;0
14439;2857;-0.006430567242205143;0.9339897036552429;-0.1950766146183014;0;0
14444;2858;-0.006186289712786675;0.9317927956581116;-0.1944651454687119;0;0
14449;2859;-0.004599263891577721;0.9336240887641907;-0.1960521787405014;0;0
14457;2860;-0.007529038470238447;0.9339897036552429;-0.1971506476402283;0;0
14461;2861;-0.005332096479833126;0.9328912496566773;-0.1978834718465805;0;0
14466;2862;-0.005455012898892164;0.9314271807670593;-0.2004476189613342;0;0
14470;2863;-0.006674844771623612;0.9291073083877564;-0.2017903625965118;0;0
14474;2864;-0.006186289712786675;0.9310599565505981;-0.2022773623466492;0;0
14481;2865;-0.004966457840055227;0.9339897036552429;-0.2058170586824417;0;0
14487;2866;-0.005576374009251595;0.9297171831130981;-0.2060613334178925;0;0
14490;2867;-0.005332096479833126;0.9283744692802429;-0.2061842530965805;0;0
14495;2868;-0.006674844771623612;0.931182861328125;-0.2058170586824417;0;0
14502;2869;-0.006797761656343937;0.9261775016784668;-0.202644556760788;0;0
14506;2870;-0.008138954639434815;0.9266660809516907;-0.2056956887245178;0;0
14511;2871;-0.00887178722769022;0.9261775016784668;-0.2058170586824417;0;0
14515;2872;-0.01021453551948071;0.9234920144081116;-0.2028888314962387;0;0
14520;2873;-0.01363286469131708;0.9253233075141907;-0.2053300589323044;0;0
14527;2874;-0.01216719951480627;0.9259332418441773;-0.2080155462026596;0;0
14533;2875;-0.01424278132617474;0.9238576889038086;-0.2104567736387253;0;0
14537;2876;-0.01546416897326708;0.928862988948822;-0.2110666930675507;0;0
14541;2877;-0.01717255637049675;0.9286187291145325;-0.2117995172739029;0;0
14545;2878;-0.01424278132617474;0.9237362742424011;-0.210578128695488;0;0
14552;2879;-0.0137542262673378;0.9275202751159668;-0.2128979861736298;0;0
14557;2880;-0.01729391701519489;0.9271546006202698;-0.214606374502182;0;0
14561;2881;-0.01729391701519489;0.9275202751159668;-0.2122880816459656;0;0
14565;2882;-0.01949241384863854;0.9284973740577698;-0.2143620997667313;0;0
14573;2883;-0.01802674867212772;0.9304500222206116;-0.2144850194454193;0;0
14576;2884;-0.01997941359877586;0.9283744692802429;-0.2133865505456924;0;0
14581;2885;-0.02290918864309788;0.9269103407859802;-0.2161934077739716;0;0
14586;2886;-0.02193363383412361;0.925567626953125;-0.2176575064659119;0;0
14591;2887;-0.02400765940546989;0.9238576889038086;-0.2171705067157745;0;0
14598;2888;-0.02474049106240273;0.9261775016784668;-0.2153392136096954;0;0
14603;2889;-0.03096567839384079;0.9239805936813355;-0.2122880816459656;0;0
14607;2890;-0.02644887752830982;0.9305713772773743;-0.2135079056024551;0;0
14611;2891;-0.0307214017957449;0.9299615025520325;-0.2171705067157745;0;0
14618;2892;-0.03694658726453781;0.9314271807670593;-0.2163147628307343;0;0
14621;2893;-0.04451608285307884;0.9256889820098877;-0.2235170602798462;0;0
14626;2894;-0.03804661706089973;0.9397263526916504;-0.2152162939310074;0;0
14632;2895;-0.04366033151745796;0.9443660974502564;-0.2113109678030014;0;0
14640;2896;-0.04707866162061691;0.9399706125259399;-0.2144850194454193;0;0
14644;2897;-0.04366033151745796;0.9439988732337952;-0.2196117341518402;0;0
14648;2898;-0.0424405001103878;0.9463187456130981;-0.2222972363233566;0;0
14651;2899;-0.04634582996368408;0.9425348043441773;-0.2219300419092178;0;0
14656;2900;-0.04207330569624901;0.9469286799430847;-0.2096025794744492;0;0
14662;2901;-0.03792370110750198;0.9540080428123474;-0.1962964534759522;0;0
14666;2902;-0.04097483307123184;0.9487599730491638;-0.2030102014541626;0;0
14671;2903;-0.04195194318890572;0.9438775181770325;-0.2102124989032745;0;0
14680;2904;-0.03877789154648781;0.9447317123413086;-0.210578128695488;0;0
14685;2905;-0.03438400849699974;0.9354553818702698;-0.2028888314962387;0;0
14690;2906;-0.03499392420053482;0.9282531142234802;-0.1986163109540939;0;0
14692;2907;-0.03084431774914265;0.9227591753005981;-0.199347585439682;0;0
14697;2908;-0.02840309962630272;0.9183652997016907;-0.1994705051183701;0;0
14704;2909;-0.02242218889296055;0.9134828448295593;-0.1964193731546402;0;0
14709;2910;-0.01766111142933369;0.9062805771827698;-0.1965407282114029;0;0
14712;2911;-0.01595116779208183;0.9024965763092041;-0.1951979845762253;0;0
14717;2912;-0.013022948987782;0.9000554084777832;-0.1980048418045044;0;0
14722;2913;-0.01607408374547958;0.9015210270881653;-0.1932453215122223;0;0
14730;2914;-0.01204583887010813;0.9022523164749146;-0.1884842365980148;0;0
14735;2915;-0.0122901163995266;0.9066477417945862;-0.1905598193407059;0;0
14737;2916;-0.01326722651720047;0.9104317426681519;-0.1927567571401596;0;0
14742;2917;-0.01582980714738369;0.9165340065956116;-0.1953209042549133;0;0
14750;2918;-0.01534125208854675;0.9206851720809937;-0.1992262303829193;0;0
14754;2919;-0.01521989144384861;0.9222722053527832;-0.2034987509250641;0;0
14758;2920;-0.01607408374547958;0.9234920144081116;-0.2099682092666626;0;0
14762;2921;-0.01705119386315346;0.927885890007019;-0.2119208872318268;0;0
14769;2922;-0.01656263880431652;0.9265431761741638;-0.2172918766736984;0;0
14772;2923;-0.02022369019687176;0.9299615025520325;-0.2150949388742447;0;0
14778;2924;-0.02254354953765869;0.9294729232788086;-0.2075269967317581;0;0
14786;2925;-0.02168935537338257;0.9293515682220459;-0.2082598358392716;0;0
14790;2926;-0.0222992729395628;0.929228663444519;-0.2080155462026596;0;0
14794;2927;-0.02596187964081764;0.9309386014938355;-0.2093583047389984;0;0
14798;2928;-0.02937865257263184;0.9335011839866638;-0.2136308252811432;0;0
14803;2929;-0.03120995685458183;0.930205762386322;-0.2154605686664581;0;0
14808;2930;-0.03572675585746765;0.9310599565505981;-0.212653711438179;0;0
14813;2931;-0.03584811836481094;0.9316698908805847;-0.212653711438179;0;0
14818;2932;-0.03609239682555199;0.9284973740577698;-0.2088697403669357;0;0
14826;2933;-0.03450537100434303;0.9275202751159668;-0.2070384472608566;0;0
14831;2934;-0.03096567839384079;0.9254446625709534;-0.2043529450893402;0;0
14835;2935;-0.02815882116556168;0.9247134327888489;-0.2027659118175507;0;0
14838;2936;-0.02632751688361168;0.9271546006202698;-0.2054514139890671;0;0
14843;2937;-0.01924813725054264;0.9291073083877564;-0.2075269967317581;0;0
14850;2938;-0.01534125208854675;0.9349668622016907;-0.2067941576242447;0;0
14855;2939;-0.01753819361329079;0.9370408654212952;-0.2080155462026596;0;0
14858;2940;-0.01668400131165981;0.9437546133995056;-0.2078926414251328;0;0
14863;2941;-0.02095652371644974;0.9405820965766907;-0.2131422609090805;0;0
14871;2942;-0.01985805295407772;0.9476615190505981;-0.2034987509250641;0;0
14876;2943;-0.009238980710506439;0.9739049673080444;-0.1905598193407059;0;0
14879;2944;-0.01180156134068966;0.9651172161102295;-0.197394922375679;0;0
14884;2945;-0.01363286469131708;0.9618202447891235;-0.1988605856895447;0;0
14891;2946;-0.01119164563715458;0.9580363035202026;-0.2000804245471954;0;0
14896;2947;-0.01021453551948071;0.952788233757019;-0.2002033442258835;0;0
14900;2948;-0.01119164563715458;0.9529095888137817;-0.2016674429178238;0;0
14904;2949;-0.01399850379675627;0.9508355259895325;-0.1992262303829193;0;0
14909;2950;-0.01778247207403183;0.9480271339416504;-0.1967850029468536;0;0
14917;2951;-0.02095652371644974;0.9415576457977295;-0.1923911273479462;0;0
14922;2952;-0.02132216282188892;0.9364309310913086;-0.1895827054977417;0;0
14927;2953;-0.02474049106240273;0.9322813153266907;-0.1921468526124954;0;0
14931;2954;-0.02510613016784191;0.9272760152816773;-0.1920239329338074;0;0
14938;2955;-0.03096567839384079;0.9244691133499146;-0.1911697387695313;0;0
14943;2956;-0.03328553959727287;0.9248347878456116;-0.1940995156764984;0;0
14948;2957;-0.03548248112201691;0.9209294319152832;-0.2017903625965118;0;0
14952;2958;-0.03572675585746765;0.9193423986434937;-0.2009346187114716;0;0
14955;2959;-0.04121911153197289;0.9204409122467041;-0.2092353850603104;0;0
14959;2960;-0.04707866162061691;0.9211721420288086;-0.2158277630805969;0;0
14966;2961;-0.0490313246846199;0.9222722053527832;-0.2222972363233566;0;0
14971;2962;-0.04890996590256691;0.9204409122467041;-0.2285224199295044;0;0
14975;2963;-0.04634582996368408;0.9201965928077698;-0.2314521968364716;0;0
14983;2964;-0.04451608285307884;0.9178767204284668;-0.2386529296636581;0;0
14987;2965;-0.04341605305671692;0.9154355525970459;-0.243779644370079;0;0
14992;2966;-0.03999928012490273;0.914946973323822;-0.2436582893133164;0;0
14997;2967;-0.04121911153197289;0.9190981388092041;-0.2365789115428925;0;0
15001;2968;-0.03890081122517586;0.9166569113731384;-0.2327949404716492;0;0
93;0;0.839599609375;-0.110595703125;0.629638671875;0;1
110;1;0.834716796875;-0.105712890625;0.58984375;0;1
137;2;0.834716796875;-0.105712890625;0.58984375;0;1
154;3;0.845458984375;-0.100830078125;0.601318359375;0;1
199;4;0.850341796875;-0.095947265625;0.593505859375;0;1
248;5;0.812255859375;-0.09912109375;0.597900390625;0;1
299;6;0.808837890625;-0.111083984375;0.5732421875;0;1
348;7;0.83056640625;-0.093505859375;0.586181640625;0;1
395;8;0.848876953125;-0.111572265625;0.610107421875;0;1
443;9;0.823486328125;-0.112060546875;0.5927734375;0;1
492;10;0.8671875;-0.13623046875;0.625;0;1
541;11;0.85302734375;-0.161865234375;0.640869140625;0;1
591;12;0.8115234375;-0.13623046875;0.64111328125;0;1
638;13;0.775634765625;-0.11865234375;0.627685546875;0;1
689;14;0.815673828125;-0.119384765625;0.621826171875;0;1
735;15;0.85986328125;-0.152587890625;0.669677734375;0;1
786;16;0.87451171875;-0.122802734375;0.671142578125;0;1
834;17;0.80517578125;-0.048828125;0.672607421875;0;1
883;18;0.72705078125;0.034423828125;0.593505859375;0;1
931;19;0.722900390625;-0.026611328125;0.606201171875;0;1
980;20;0.7587890625;-0.192626953125;0.6298828125;0;1
1029;21;0.778564453125;-0.278076171875;0.632568359375;0;1
1077;22;0.79541015625;-0.286865234375;0.673828125;0;1
1128;23;0.78662109375;-0.184326171875;0.6328125;0;1
1225;24;0.761474609375;-0.11083984375;0.62841796875;0;1
1273;25;0.788818359375;-0.108642578125;0.606201171875;0;1
1321;26;0.93603515625;-0.211669921875;0.553955078125;0;1
1325;27;0.93603515625;-0.211669921875;0.553955078125;0;1
1421;28;0.92724609375;-0.07666015625;0.5654296875;0;1
1469;29;0.851806640625;0.005126953125;0.531005859375;0;1
1516;30;0.907958984375;-0.037841796875;0.5283203125;0;1
1565;31;1.044921875;-0.13134765625;0.505859375;0;1
1614;32;0.97265625;-0.20068359375;0.5185546875;0;1
1662;33;0.815185546875;-0.12109375;0.41455078125;0;1
1711;34;0.8017578125;-0.015625;0.42724609375;0;1
1760;35;0.975830078125;0.094970703125;0.47900390625;0;1
1808;36;0.917724609375;0.146728515625;0.54345703125;0;1
1857;37;0.801025390625;0.041015625;0.435546875;0;1
1909;38;0.800537109375;0.015625;0.43212890625;0;1
1955;39;0.83447265625;0.083984375;0.52880859375;0;1
2006;40;0.8037109375;0.184814453125;0.568115234375;0;1
2053;41;0.838623046875;0.258544921875;0.527099609375;0;1
2106;42;0.969970703125;0.23291015625;0.48974609375;0;1
2151;43;1.06591796875;0.151611328125;0.4990234375;0;1
2199;44;1.033447265625;0.13671875;0.361083984375;0;1
2248;45;1.0751953125;0.15234375;0.393310546875;0;1
2297;46;1.3486328125;0.1435546875;0.648193359375;0;1
2344;47;1.029296875;-0.18603515625;0.313232421875;0;1
2395;48;0.73046875;-0.135498046875;0.1025390625;0;1
2442;49;0.6533203125;-0.224853515625;0.22802734375;0;1
2491;50;0.88720703125;-0.169189453125;0.54931640625;0;1
2540;51;1.13525390625;-0.117431640625;0.696044921875;0;1
2589;52;0.73779296875;-0.141845703125;0.53955078125;0;1
2639;53;0.57421875;-0.07421875;0.48583984375;0;1
2686;54;0.7255859375;-0.076171875;0.5048828125;0;1
2735;55;1.0537109375;-0.157470703125;0.682861328125;0;1
2783;56;0.968505859375;-0.088134765625;0.616943359375;0;1
2833;57;0.851318359375;-0.161376953125;0.628173828125;0;1
2881;58;1.197509765625;-0.091796875;0.778564453125;0;1
2932;59;1.041259765625;0.325439453125;0.712646484375;0;1
2978;60;0.46826171875;0.38330078125;0.228515625;0;1
3033;61;0.494384765625;0.22509765625;0.4033203125;0;1
3077;62;0.733642578125;0.06689453125;0.556640625;0;1
3128;63;0.978515625;0.04931640625;0.751220703125;0;1
3238;64;0.755859375;0.1201171875;0.583740234375;0;1
3270;65;0.716552734375;0.180908203125;0.44189453125;0;1
3318;66;1.117431640625;0.42333984375;0.75244140625;0;1
3322;67;1.117431640625;0.42333984375;0.75244140625;0;1
3416;68;1.34912109375;0.322998046875;0.79296875;0;1
3420;69;1.000244140625;0.03955078125;0.54296875;0;1
3516;70;0.440185546875;-0.192626953125;0.255126953125;0;1
3521;71;0.440185546875;-0.192626953125;0.255126953125;0;1
3612;72;0.9443359375;0.2451171875;0.63427734375;0;1
3661;73;1.392333984375;0.400634765625;1.034912109375;0;1
3710;74;0.531005859375;0.131591796875;0.427734375;0;1
3759;75;0.52490234375;0.015869140625;0.435791015625;0;1
3807;76;0.6513671875;0.01806640625;0.530517578125;0;1
3856;77;1.01513671875;0.080810546875;0.7548828125;0;1
3905;78;1.130615234375;0.198974609375;0.76904296875;0;1
3953;79;1.1357421875;0.286865234375;0.598388671875;0;1
4004;80;0.8251953125;0.5078125;0.6337890625;0;1
4051;81;0.560302734375;0.54345703125;0.264892578125;0;1
4100;82;0.68896484375;0.32373046875;0.353515625;0;1
4150;83;0.930419921875;0.18212890625;0.57470703125;0;1
4198;84;0.990234375;0.17626953125;0.573974609375;0;1
4250;85;0.655517578125;0.197265625;0.489501953125;0;1
4297;86;0.652587890625;0.197998046875;0.559326171875;0;1
4347;87;0.9794921875;0.116943359375;0.63427734375;0;1
4393;88;1.165283203125;0.009765625;0.66015625;0;1
4445;89;0.873779296875;-0.08935546875;0.45068359375;0;1
4490;90;0.79541015625;-0.159423828125;0.611572265625;0;1
4538;91;1.056640625;-0.10888671875;0.718505859375;0;1
4590;92;0.799072265625;-0.057373046875;0.691162109375;0;1
4637;93;0.4892578125;-0.01806640625;0.4853515625;0;1
4684;94;0.570068359375;0.02783203125;0.390869140625;0;1
4733;95;0.80517578125;-0.20068359375;0.67431640625;0;1
4784;96;1.09423828125;-0.381591796875;0.713134765625;0;1
4831;97;0.930908203125;-0.057373046875;0.73583984375;0;1
4881;98;0.76123046875;0.357421875;0.559814453125;0;1
4928;99;0.732421875;0.430908203125;0.5244140625;0;1
4979;100;0.917236328125;0.173828125;0.630126953125;0;1
5028;101;1.007568359375;-0.111572265625;0.658935546875;0;1
5075;102;0.8173828125;-0.041015625;0.539306640625;0;1
5173;103;0.666015625;0.1376953125;0.495361328125;0;1
5221;104;0.963134765625;0.1787109375;0.59326171875;0;1
5225;105;0.963134765625;0.1787109375;0.59326171875;0;1
5277;106;1.041015625;0.04345703125;0.6630859375;0;1
5319;107;0.9697265625;-0.058837890625;0.56103515625;0;1
5423;108;0.834228515625;-0.1767578125;0.35888671875;0;1
5474;109;0.7099609375;-0.185791015625;0.4765625;0;1
5521;110;0.947265625;-0.07275390625;0.712646484375;0;1
5565;111;0.932861328125;-0.039794921875;0.766357421875;0;1
5611;112;0.706787109375;-0.09228515625;0.575927734375;0;1
5659;113;0.6572265625;-0.103759765625;0.536865234375;0;1
5708;114;0.813720703125;-0.06201171875;0.67578125;0;1
5757;115;1.0009765625;-0.08251953125;0.72607421875;0;1
5807;116;0.896240234375;-0.168212890625;0.654296875;0;1
5855;117;0.646728515625;-0.199951171875;0.614990234375;0;1
5903;118;0.74560546875;-0.189208984375;0.572265625;0;1
5954;119;0.865478515625;-0.10302734375;0.65966796875;0;1
6001;120;0.820556640625;-0.02734375;0.62255859375;0;1
6049;121;0.72802734375;0.000244140625;0.62255859375;0;1
6100;122;0.770751953125;-0.070556640625;0.67919921875;0;1
6147;123;0.837890625;-0.127197265625;0.701416015625;0;1
6196;124;0.787353515625;-0.075439453125;0.683349609375;0;1
6245;125;0.74658203125;0.002197265625;0.657470703125;0;1
6295;126;0.801025390625;-0.015380859375;0.6376953125;0;1
6342;127;0.806884765625;-0.10009765625;0.635498046875;0;1
6391;128;0.79638671875;-0.068115234375;0.70361328125;0;1
6441;129;0.76171875;0.003662109375;0.671142578125;0;1
6488;130;0.751220703125;-0.05126953125;0.67822265625;0;1
6538;131;0.785888671875;-0.072265625;0.684326171875;0;1
6586;132;0.8095703125;-0.028076171875;0.70068359375;0;1
6635;133;0.818115234375;-0.0341796875;0.686279296875;0;1
6684;134;0.756591796875;-0.029541015625;0.692138671875;0;1
6732;135;0.754638671875;-0.071044921875;0.690673828125;0;1
6781;136;0.798095703125;-0.04443359375;0.690673828125;0;1
6833;137;0.809326171875;-0.0517578125;0.682373046875;0;1
6880;138;0.81640625;-0.062255859375;0.667236328125;0;1
6927;139;0.768798828125;-0.064453125;0.674560546875;0;1
6978;140;0.77685546875;-0.047607421875;0.68603515625;0;1
7025;141;0.802001953125;-0.052490234375;0.68017578125;0;1
7076;142;0.76220703125;-0.0556640625;0.684326171875;0;1
7173;143;0.74755859375;-0.082275390625;0.679931640625;0;1
7221;144;0.7880859375;-0.097900390625;0.650390625;0;1
7270;145;0.780517578125;-0.08544921875;0.66650390625;0;1
7318;146;0.813232421875;-0.063232421875;0.704345703125;0;1
7366;147;0.7607421875;-0.06005859375;0.668212890625;0;1
7414;148;0.749755859375;-0.083984375;0.68212890625;0;1
7418;149;0.7685546875;-0.07861328125;0.704345703125;0;1
7463;150;0.789794921875;-0.06298828125;0.683837890625;0;1
7562;151;0.780029296875;-0.05126953125;0.686279296875;0;1
7611;152;0.760986328125;-0.04541015625;0.697509765625;0;1
7658;153;0.783203125;-0.0751953125;0.691650390625;0;1
7708;154;0.77001953125;-0.111328125;0.666259765625;0;1
7757;155;0.79052734375;-0.091796875;0.66796875;0;1
7804;156;0.80908203125;-0.09228515625;0.6708984375;0;1
7854;157;0.7734375;-0.091796875;0.680419921875;0;1
7905;158;0.750732421875;-0.1015625;0.676513671875;0;1
7953;159;0.7705078125;-0.091064453125;0.669189453125;0;1
8002;160;0.8115234375;-0.087646484375;0.703857421875;0;1
8049;161;0.794677734375;-0.12158203125;0.668701171875;0;1
8100;162;0.75830078125;-0.108642578125;0.663330078125;0;1
8153;163;0.785400390625;-0.075439453125;0.66162109375;0;1
8198;164;0.77783203125;-0.076416015625;0.66455078125;0;1
8249;165;0.796875;-0.11181640625;0.65087890625;0;1
8292;166;0.807373046875;-0.096435546875;0.6357421875;0;1
8342;167;0.80859375;-0.0625;0.656494140625;0;1
8391;168;0.81005859375;-0.10009765625;0.630126953125;0;1
8440;169;0.804931640625;-0.087890625;0.634521484375;0;1
8489;170;0.82763671875;-0.0771484375;0.634033203125;0;1
8537;171;0.80517578125;-0.07666015625;0.624755859375;0;1
8585;172;0.77734375;-0.074951171875;0.644775390625;0;1
8633;173;0.79150390625;-0.0732421875;0.646240234375;0;1
8682;174;0.831787109375;-0.0771484375;0.639404296875;0;1
8731;175;0.828369140625;-0.1015625;0.637451171875;0;1
8780;176;0.8056640625;-0.08935546875;0.657470703125;0;1
8829;177;0.804931640625;-0.088134765625;0.64306640625;0;1
8880;178;0.806640625;-0.0888671875;0.646484375;0;1
8931;179;0.8154296875;-0.07080078125;0.663818359375;0;1
8976;180;0.79541015625;-0.059326171875;0.63623046875;0;1
9075;181;0.7998046875;-0.0576171875;0.6513671875;0;1
9124;182;0.81298828125;-0.06591796875;0.649169921875;0;1
9171;183;0.7802734375;-0.082275390625;0.647216796875;0;1
9180;184;0.7802734375;-0.082275390625;0.647216796875;0;1
9267;185;0.814208984375;-0.061767578125;0.633056640625;0;1
9315;186;0.814208984375;-0.10791015625;0.725830078125;0;1
9318;187;0.814208984375;-0.10791015625;0.725830078125;0;1
9414;188;0.794921875;-0.077392578125;0.655517578125;0;1
9464;189;0.745361328125;-0.02490234375;0.65576171875;0;1
9511;190;0.734130859375;-0.032470703125;0.687255859375;0;1
9559;191;0.80224609375;-0.099853515625;0.716064453125;0;1
9610;192;0.742919921875;-0.1357421875;0.663818359375;0;1
9659;193;0.766845703125;-0.162353515625;0.689453125;0;1
9707;194;0.7646484375;-0.11962890625;0.6845703125;0;1
9755;195;0.785400390625;-0.114501953125;0.71923828125;0;1
9804;196;0.77001953125;-0.112060546875;0.687255859375;0;1
9854;197;0.7578125;-0.10546875;0.693115234375;0;1
9902;198;0.76318359375;-0.109375;0.698486328125;0;1
9951;199;0.784423828125;-0.0927734375;0.683349609375;0;1
9998;200;0.749755859375;-0.092529296875;0.688720703125;0;1
10047;201;0.75732421875;-0.1025390625;0.685546875;0;1
10099;202;0.79345703125;-0.11376953125;0.684814453125;0;1
10145;203;0.78173828125;-0.112548828125;0.7060546875;0;1
10195;204;0.7392578125;-0.11572265625;0.697265625;0;1
10243;205;0.734130859375;-0.09814453125;0.718994140625;0;1
10291;206;0.785400390625;-0.0703125;0.69189453125;0;1
10342;207;0.773681640625;-0.0400390625;0.695068359375;0;1
10388;208;0.760009765625;-0.076171875;0.718994140625;0;1
10437;209;0.794921875;-0.108642578125;0.676025390625;0;1
10488;210;0.761474609375;-0.0703125;0.69140625;0;1
10535;211;0.734375;-0.01025390625;0.709228515625;0;1
10583;212;0.761474609375;-0.03125;0.700439453125;0;1
10634;213;0.7958984375;-0.114990234375;0.68603515625;0;1
10682;214;0.764404296875;-0.077880859375;0.65283203125;0;1
10730;215;0.746826171875;-0.043212890625;0.6845703125;0;1
10779;216;0.79296875;0.000244140625;0.6689453125;0;1
10827;217;0.7900390625;-0.01708984375;0.672119140625;0;1
10878;218;0.810546875;-0.037841796875;0.6884765625;0;1
10926;219;0.793212890625;-0.062255859375;0.674072265625;0;1
10974;220;0.798583984375;-0.1005859375;0.635498046875;0;1
11026;221;0.800537109375;-0.061279296875;0.64892578125;0;1
11121;222;0.804931640625;-0.020263671875;0.67724609375;0;1
11169;223;0.810302734375;0.024658203125;0.67724609375;0;1
11218;224;0.793701171875;-0.033935546875;0.653076171875;0;1
11224;225;0.793701171875;-0.033935546875;0.653076171875;0;1
11315;226;0.818115234375;-0.01220703125;0.6796875;0;1
11319;227;0.818115234375;-0.01220703125;0.6796875;0;1
11415;228;0.80126953125;-0.0146484375;0.65673828125;0;1
11462;229;0.799560546875;-0.009521484375;0.65234375;0;1
11510;230;0.79296875;-0.021728515625;0.669677734375;0;1
11513;231;0.79296875;-0.021728515625;0.669677734375;0;1
11610;232;0.8037109375;-0.032958984375;0.664794921875;0;1
11659;233;0.78125;-0.034423828125;0.677978515625;0;1
11707;234;0.774658203125;-0.020751953125;0.67578125;0;1
11753;235;0.788818359375;-0.022216796875;0.66552734375;0;1
11803;236;0.80029296875;-0.012939453125;0.674560546875;0;1
11853;237;0.803466796875;-0.038330078125;0.66943359375;0;1
11904;238;0.795166015625;-0.021484375;0.666015625;0;1
11951;239;0.800537109375;-0.02099609375;0.67333984375;0;1
11998;240;0.787353515625;-0.02001953125;0.668212890625;0;1
12049;241;0.77685546875;-0.02197265625;0.664794921875;0;1
12096;242;0.812744140625;-0.010009765625;0.6669921875;0;1
12148;243;0.8046875;-0.02001953125;0.688720703125;0;1
12194;244;0.781982421875;-0.02001953125;0.666259765625;0;1
12245;245;0.77685546875;-0.032470703125;0.670654296875;0;1
12299;246;0.801513671875;-0.053955078125;0.671630859375;0;1
12342;247;0.787109375;-0.03662109375;0.671875;0;1
12387;248;0.798583984375;-0.019775390625;0.69140625;0;1
12438;249;0.78125;-0.019287109375;0.6953125;0;1
12486;250;0.775634765625;-0.03759765625;0.693115234375;0;1
12559;251;0.78466796875;-0.02978515625;0.664794921875;0;1
12608;252;0.778564453125;-0.029296875;0.677001953125;0;1
12648;253;0.788330078125;-0.01416015625;0.676025390625;0;1
12690;254;0.763671875;-0.03466796875;0.6552734375;0;1
12739;255;0.804443359375;-0.013916015625;0.670654296875;0;1
12796;256;0.798828125;-0.009033203125;0.69091796875;0;1
12847;257;0.787109375;-0.013427734375;0.68115234375;0;1
12892;258;0.775390625;-0.02294921875;0.666748046875;0;1
12978;259;0.784423828125;-0.013671875;0.68896484375;0;1
13039;260;0.799072265625;-0.023193359375;0.69384765625;0;1
13084;261;0.78662109375;-0.008544921875;0.689697265625;0;1
13088;262;0.78662109375;-0.008544921875;0.689697265625;0;1
13129;263;0.763916015625;-0.033935546875;0.686767578125;0;1
13175;264;0.787353515625;-0.02294921875;0.685546875;0;1
13281;265;0.788818359375;-0.02197265625;0.684326171875;0;1
13331;266;0.78515625;-0.020751953125;0.694091796875;0;1
13336;267;0.78515625;-0.020751953125;0.694091796875;0;1
13380;268;0.783447265625;-0.02099609375;0.68798828125;0;1
13422;269;0.788330078125;-0.011474609375;0.694091796875;0;1
13524;270;0.761962890625;-0.01025390625;0.6865234375;0;1
13565;271;0.78271484375;-0.0107421875;0.7060546875;0;1
13626;272;0.78564453125;-0.01123046875;0.69091796875;0;1
13671;273;0.782958984375;-0.01318359375;0.70361328125;0;1
13716;274;0.776123046875;-0.01171875;0.680419921875;0;1
13720;275;0.776123046875;-0.01171875;0.680419921875;0;1
13817;276;0.78369140625;-0.034912109375;0.693359375;0;1
13870;277;0.78564453125;-0.0107421875;0.68212890625;0;1
13915;278;0.781005859375;-0.0185546875;0.6806640625;0;1
13959;279;0.797607421875;-0.003173828125;0.7080078125;0;1
14004;280;0.7431640625;-0.0146484375;0.685791015625;0;1
14065;281;0.767333984375;-0.044189453125;0.692626953125;0;1
14110;282;0.8046875;-0.062744140625;0.701416015625;0;1
14160;283;0.774169921875;-0.04296875;0.751220703125;0;1
14213;284;0.784912109375;-0.04638671875;0.718017578125;0;1
14258;285;0.751220703125;-0.06689453125;0.7109375;0;1
14308;286;0.72998046875;-0.021240234375;0.7119140625;0;1
14351;287;0.7607421875;-0.024658203125;0.752197265625;0;1
14399;288;0.751220703125;-0.097412109375;0.685791015625;0;1
14455;289;0.726318359375;-0.073486328125;0.681640625;0;1
14504;290;0.731201171875;-0.0693359375;0.743896484375;0;1
14550;291;0.768798828125;-0.06787109375;0.729248046875;0;1
14601;292;0.726806640625;-0.082275390625;0.731689453125;0;1
14646;293;0.732177734375;-0.059814453125;0.7392578125;0;1
14687;294;0.753173828125;-0.021484375;0.640625;0;1
14732;295;0.669677734375;-0.01318359375;0.736328125;0;1
14792;296;0.7919921875;-0.067138671875;0.818115234375;0;1
14833;297;0.83740234375;-0.060791015625;0.745849609375;0;1
14893;298;0.660888671875;-0.0283203125;0.68115234375;0;1
14940;299;0.6416015625;-0.055908203125;0.68310546875;0;1
14990;300;0.79833984375;-0.053466796875;0.7822265625;0;1
96;1;4.4296875;-2.0078125;3.125;1;1
111;2;-2.078125;0.28125;2.9765625;1;1
139;3;-2.078125;0.28125;2.9765625;1;1
155;4;0.984375;0.2890625;-2.4609375;1;1
199;5;-3.875;1.5546875;-1.4375;1;1
249;6;-6.6796875;2.3984375;-1.3046875;1;1
300;7;-7.6015625;1.5;-4.375;1;1
350;8;-8.484375;-1.4375;-3.4609375;1;1
396;9;-7.7265625;-2.359375;-3.5078125;1;1
444;10;-8.7734375;-0.0390625;-1.2265625;1;1
493;11;-6.125;1.5;-6.1875;1;1
542;12;-7.3125;2.484375;-7.671875;1;1
592;13;-13.9609375;1.5234375;-8.6640625;1;1
639;14;-16.296875;-4.5546875;-10.9609375;1;1
691;15;-16.2734375;-5.484375;-15.203125;1;1
736;16;-15.2890625;-12.2109375;-22.5234375;1;1
788;17;-16.7890625;0.46875;-22.5390625;1;1
836;18;-12.90625;-0.734375;-7.96875;1;1
885;19;4.8203125;-6.0234375;-1.53125;1;1
931;20;6.796875;2.3125;4.6796875;1;1
981;21;8.421875;-8.6640625;-1.3046875;1;1
1029;22;-7.15625;-26.0234375;-16.6796875;1;1
1078;23;-34.203125;-32.7734375;-13.4609375;1;1
1129;24;-48.3828125;-30.7265625;-14.71875;1;1
1227;25;-43.75;-40.40625;-24.109375;1;1
1275;26;-27.5234375;-40.53125;-28.34375;1;1
1322;27;-24.78125;-27.3359375;-30.2265625;1;1
1326;28;-24.78125;-27.3359375;-30.2265625;1;1
1422;29;-11.296875;-5.9765625;7.484375;1;1
1471;30;-16.640625;-11.5625;29.671875;1;1
1517;31;-0.9765625;-1.7890625;23.78125;1;1
1567;32;20.1171875;12.0859375;18.9140625;1;1
1615;33;16.4453125;38.046875;14.828125;1;1
1663;34;4.1328125;38.125;-10.2734375;1;1
1712;35;3.921875;12.53125;4.3515625;1;1
1761;36;11.5078125;12.6875;41.390625;1;1
1809;37;53.1875;12.3125;13.390625;1;1
1858;38;50.65625;11.1484375;12.8203125;1;1
1910;39;38.6328125;-37.15625;23.78125;1;1
1955;40;29.9765625;-25.8046875;26.2265625;1;1
2007;41;38.8671875;-32.3671875;26.46875;1;1
2054;42;27.0078125;-42.8125;34.7265625;1;1
2108;43;58.1796875;-36.8203125;27.2421875;1;1
2152;44;47.2890625;-40.640625;20.7734375;1;1
2201;45;26.15625;15.2890625;29.1953125;1;1
2249;46;29.9296875;31.546875;26.28125;1;1
2298;47;62.078125;-36.7578125;3.1953125;1;1
2345;48;37.9453125;75.8828125;-1.578125;1;1
2397;49;16.84375;0.84375;38.90625;1;1
2443;50;41.546875;48.375;30.296875;1;1
2492;51;68.734375;-42.75;10.9375;1;1
2541;52;38.0625;12.4921875;9.53125;1;1
2590;53;6.5390625;30.1328125;-0.7421875;1;1
2641;54;16.6953125;7.6796875;0.125;1;1
2687;55;15.0390625;-17.1171875;7.609375;1;1
2736;56;15.2265625;11.7890625;10.0078125;1;1
2784;57;10.75;50.0546875;20.5625;1;1
2833;58;39.125;35.3125;29.6328125;1;1
2882;59;35.234375;32.6484375;28.8984375;1;1
2933;60;-27.0390625;25.9453125;53.7109375;1;1
2979;61;15.546875;18.1640625;48.7421875;1;1
3035;62;55.3828125;-71.6171875;29.8984375;1;1
3078;63;76.0625;-22.9296875;5.8984375;1;1
3130;64;59.328125;-8.875;2.5546875;1;1
3239;65;5.5;-26.1953125;56.453125;1;1
3271;66;8.9375;11.515625;40.4921875;1;1
3319;67;28.4140625;23.03125;9.109375;1;1
3323;68;28.4140625;23.03125;9.109375;1;1
3417;69;62.9609375;29.484375;64.8671875;1;1
3421;70;83.734375;32.6796875;35.625;1;1
3517;71;47.328125;-111.734375;28.6015625;1;1
3523;72;47.328125;-111.734375;28.6015625;1;1
3613;73;8.6640625;-29.1953125;38.03125;1;1
3662;74;25.1796875;30.859375;84.9921875;1;1
3711;75;98.2734375;24.03125;35.1015625;1;1
3760;76;79.5859375;-37.734375;4.7265625;1;1
3808;77;64.8984375;-19.765625;50.9296875;1;1
3857;78;39.6328125;32.1640625;85.578125;1;1
3906;79;76.828125;-4.75;32.8203125;1;1
3954;80;94.0078125;-19.7109375;8.1171875;1;1
4006;81;56.46875;-51.796875;70.25;1;1
4052;82;117.84375;10.6875;84.8515625;1;1
4101;83;163.609375;-35.9609375;45.7109375;1;1
4151;84;163.6875;-24.5078125;32.7109375;1;1
4199;85;122.0859375;16.84375;79.5;1;1
4252;86;105.921875;23.46875;97.2734375;1;1
4298;87;115.328125;22.6328125;64.28125;1;1
4349;88;129.65625;-4.7734375;17.984375;1;1
4394;89;102.2421875;20.9375;17.0390625;1;1
4446;90;58.5859375;10.3125;74.984375;1;1
4491;91;86.078125;-34.8828125;41.671875;1;1
4539;92;64.140625;2.3671875;2.4609375;1;1
4591;93;36.703125;28.9453125;28.9375;1;1
4638;94;61.7890625;-22.9296875;42.0625;1;1
4685;95;78.84375;14.8671875;32.0703125;1;1
4734;96;98.7109375;15.5859375;30.0625;1;1
4785;97;91.0390625;-3.640625;21.359375;1;1
4832;98;6.6015625;13.65625;34.1484375;1;1
4882;99;23.640625;-16.2265625;69.3828125;1;1
4929;100;104.1015625;-10.8984375;57.609375;1;1
4980;101;134.7734375;-28.25;38.1015625;1;1
5029;102;134.921875;34.84375;38.6328125;1;1
5076;103;82.8671875;8.171875;80.0859375;1;1
5173;104;67.765625;-1.6015625;89.5234375;1;1
5222;105;91.7890625;14.3125;59.1875;1;1
5227;106;91.7890625;14.3125;59.1875;1;1
5278;107;108.078125;17.765625;72.28125;1;1
5320;108;100.671875;51.359375;76.5703125;1;1
5426;109;83.6953125;43.78125;65.0703125;1;1
5477;110;86.796875;-4.09375;47.390625;1;1
5522;111;70.8515625;-8.765625;28.9609375;1;1
5566;112;51.7734375;37.2421875;45.9453125;1;1
5612;113;61.9609375;-6.8984375;50.296875;1;1
5660;114;59.890625;6.375;31.375;1;1
5709;115;58.7734375;-13.5703125;35.3984375;1;1
5758;116;60.1953125;10.75;51.0625;1;1
5808;117;52.375;28.71875;39.4921875;1;1
5856;118;39.8828125;-14.1328125;16.53125;1;1
5904;119;21.4453125;-9.65625;6.484375;1;1
5955;120;11.375;24.875;10.2578125;1;1
6002;121;-0.5390625;-8.1875;6.5546875;1;1
6051;122;16.6328125;3;9.7421875;1;1
6101;123;15.46875;6.4375;12.4765625;1;1
6148;124;12.59375;1.84375;2.3046875;1;1
6197;125;4.84375;-3.6328125;5.3671875;1;1
6246;126;1.8125;4.1796875;16.71875;1;1
6297;127;5.828125;0.6796875;11.984375;1;1
6343;128;5.2734375;-5.0390625;2.9375;1;1
6392;129;-4.78125;6.640625;1.796875;1;1
6443;130;-5.2890625;6.2109375;9.515625;1;1
6490;131;1.03125;6.71875;7.1875;1;1
6540;132;0.8828125;0.953125;0.1953125;1;1
6587;133;-1.53125;-0.578125;-1.25;1;1
6636;134;0.2578125;1.140625;4.6015625;1;1
6685;135;4.8125;2.28125;5.3671875;1;1
6733;136;5.8828125;2.2421875;3.3125;1;1
6782;137;-1.484375;1.8984375;4.859375;1;1
6835;138;-2.8671875;-1.125;2.28125;1;1
6881;139;-1.3046875;2.0703125;-6.3828125;1;1
6928;140;-0.953125;-8.109375;-7.625;1;1
6979;141;0.421875;2.2265625;-4.2890625;1;1
7027;142;1.7109375;1.484375;-0.109375;1;1
7078;143;8.3125;0.6640625;2.1484375;1;1
7175;144;5.3359375;-4.78125;1.9296875;1;1
7222;145;3.484375;4.4453125;3.390625;1;1
7271;146;-0.703125;0.15625;0.8671875;1;1
7319;147;0.3125;2.515625;-1.9765625;1;1
7367;148;0.4375;-1.2890625;-3.625;1;1
7415;149;-4.75;-4.7734375;-4.078125;1;1
7419;150;-1.15625;-1.5625;-0.3359375;1;1
7464;151;-2.8125;-2.203125;-0.0703125;1;1
7563;152;4.078125;0.5859375;2.1953125;1;1
7613;153;8.3828125;1.9296875;2.859375;1;1
7659;154;7.421875;1.0859375;-2.78125;1;1
7709;155;6.8125;-6.9921875;-3.875;1;1
7758;156;2.8046875;-5.7890625;-1.421875;1;1
7805;157;-1.796875;4.4296875;-3.6171875;1;1
7855;158;-1.703125;-5.4375;-9.03125;1;1
7907;159;-1.765625;-1.984375;-11;1;1
7954;160;-5.9375;-9.3125;-3.6015625;1;1
8004;161;-3.6484375;-3.4453125;-1.3984375;1;1
8050;162;-5.53125;-4.890625;-5.796875;1;1
8102;163;-8.6171875;-2.578125;-3.9609375;1;1
8158;164;-11.1171875;-3.53125;-4.15625;1;1
8200;165;-7.2578125;-10.1875;-3.40625;1;1
8250;166;-8.890625;-8.890625;-6.8359375;1;1
8293;167;-9.1328125;-8.9375;-8.15625;1;1
8343;168;-9.921875;-6.96875;-8.921875;1;1
8393;169;-10.3515625;-4.765625;-9.15625;1;1
8441;170;-12.4296875;-1.4921875;-9.609375;1;1
8490;171;-16.3046875;-1.953125;-7.2578125;1;1
8538;172;-11.65625;0.7890625;-8.6796875;1;1
8586;173;-11.5390625;-6.359375;-7.3203125;1;1
8634;174;-11.609375;-4.46875;-7.765625;1;1
8683;175;-7.9140625;-3.484375;-7.359375;1;1
8732;176;-7.2890625;0.28125;-5.7578125;1;1
8780;177;-6.875;-11.8671875;-5.0546875;1;1
8831;178;-10.6875;-0.78125;-6.25;1;1
8882;179;-12.1796875;3.3125;-4.6015625;1;1
8933;180;-8.5625;3.7421875;-1.625;1;1
8977;181;-3.8515625;8.109375;0.7109375;1;1
9078;182;-2.65625;4.265625;6.1640625;1;1
9126;183;1.6484375;4.078125;5.34375;1;1
9172;184;3.640625;1;3.9140625;1;1
9182;185;3.640625;1;3.9140625;1;1
9268;186;0.53125;10.7109375;8.9140625;1;1
9316;187;3.671875;-13.609375;-13.5390625;1;1
9319;188;3.671875;-13.609375;-13.5390625;1;1
9415;189;2.84375;13.8984375;-9.9375;1;1
9465;190;2.0546875;9.5625;-0.7265625;1;1
9512;191;6.84375;4.8359375;9.2578125;1;1
9560;192;15.28125;5.3515625;2.953125;1;1
9612;193;9.71875;5.71875;-5.4609375;1;1
9660;194;3.078125;-3.046875;-3.296875;1;1
9707;195;-3.09375;-0.3125;-2.6796875;1;1
9756;196;-3.84375;-2.8671875;-3.1015625;1;1
9805;197;-4.1640625;3.171875;-1.8046875;1;1
9855;198;-4.3515625;0.2421875;-2.6015625;1;1
9903;199;-2.40625;0.2734375;-1.984375;1;1
9952;200;-4.3515625;0.5859375;-1.296875;1;1
9999;201;-1.703125;0.03125;1.0078125;1;1
10048;202;-7;-1.3828125;3.3671875;1;1
10100;203;-4.5859375;0.8984375;1.140625;1;1
10146;204;-6.2734375;2.828125;-1.0546875;1;1
10197;205;-4.2890625;-5.9765625;-4.3125;1;1
10244;206;-1.3359375;-6.34375;-0.0390625;1;1
10291;207;-1.875;0.2109375;8;1;1
10343;208;-4.71875;4.3515625;14.5703125;1;1
10389;209;3.078125;1.2109375;12.890625;1;1
10438;210;2.0703125;-0.640625;6.5234375;1;1
10490;211;0.9453125;0.5625;8.109375;1;1
10536;212;2.6796875;-1.046875;11.328125;1;1
10584;213;3.796875;-6.46875;10.2265625;1;1
10636;214;11.1015625;-1.0703125;-2.2734375;1;1
10683;215;4.390625;-12.359375;-0.2578125;1;1
10731;216;5.0234375;-5.4453125;1.125;1;1
10780;217;8.3125;-7.765625;5.7734375;1;1
10828;218;10.65625;-5.0703125;16.390625;1;1
10879;219;8.375;-1.1953125;24.7109375;1;1
10926;220;6.90625;2.1015625;21.9609375;1;1
10975;221;2.65625;0.40625;14.2734375;1;1
11027;222;-3.6015625;-1.1875;4.890625;1;1
11122;223;-6.4453125;-3.0703125;1.4453125;1;1
11170;224;0.0390625;-0.1015625;1.0390625;1;1
11221;225;3.3046875;2.2421875;2.875;1;1
11226;226;3.3046875;2.2421875;2.875;1;1
11316;227;2.1171875;0.375;0.296875;1;1
11319;228;2.1171875;0.375;0.296875;1;1
11417;229;-1.828125;3.0234375;-2.1796875;1;1
11463;230;-1.3359375;0.2734375;-1.6328125;1;1
11511;231;0.421875;-0.7421875;0.15625;1;1
11515;232;0.421875;-0.7421875;0.15625;1;1
11611;233;0.765625;2.03125;-2.84375;1;1
11661;234;-1.25;0.890625;-1.375;1;1
11708;235;-2.3984375;-0.3046875;-2.9140625;1;1
11754;236;-4.71875;0.265625;-2.6015625;1;1
11803;237;-2.4453125;2.1171875;-2.734375;1;1
11856;238;-6.375;-2.0625;-2.875;1;1
11905;239;-4.546875;1.703125;-1.15625;1;1
11953;240;-4.4375;2.5390625;-4.53125;1;1
11999;241;-4.953125;0.765625;-4.53125;1;1
12050;242;-1.4921875;-0.9765625;-2.75;1;1
12098;243;-2.0546875;0;-3.0703125;1;1
12150;244;2.890625;2.0703125;-3.4140625;1;1
12195;245;4.1171875;1.1796875;0.6875;1;1
12247;246;4.984375;0.8984375;-0.8359375;1;1
12302;247;0.5390625;-2.5078125;-2.4453125;1;1
12343;248;-6.2578125;0.53125;-2.5546875;1;1
12388;249;-6.5078125;0.0234375;0.265625;1;1
12440;250;-4.0859375;-0.71875;0.765625;1;1
12487;251;2;2.0625;0.9140625;1;1
12561;252;2.484375;2.3515625;0.5703125;1;1
12608;253;0.90625;-2.609375;-2.5625;1;1
12648;254;-0.1953125;-2.6328125;-4.65625;1;1
12691;255;-3.03125;-1.890625;0.0390625;1;1
12740;256;-3.7109375;2.890625;0.921875;1;1
12797;257;-4.125;2.4921875;-2.21875;1;1
12848;258;-1.453125;-0.8828125;-2.078125;1;1
12893;259;-3.2734375;1.640625;-0.671875;1;1
12979;260;-1.7109375;-2.1953125;0.078125;1;1
13040;261;-1.765625;-0.53125;0.2421875;1;1
13085;262;-2.8828125;0.4375;-1.171875;1;1
13089;263;-2.8828125;0.4375;-1.171875;1;1
13130;264;-1.765625;-2.3984375;-2.1640625;1;1
13176;265;-4.671875;-0.1015625;0.2265625;1;1
13282;266;-1.375;0.1640625;-2.8359375;1;1
13332;267;-1.40625;-2.296875;-1.0703125;1;1
13337;268;-1.40625;-2.296875;-1.0703125;1;1
13381;269;-1.1953125;0.1484375;-2.5546875;1;1
13423;270;-1.0703125;-0.6875;-2.9453125;1;1
13525;271;0.7109375;-2.234375;-1.765625;1;1
13566;272;-1.203125;-1.875;-2.75;1;1
13626;273;-2.09375;-0.0546875;-1.671875;1;1
13672;274;-1.8046875;-2.265625;-2.828125;1;1
13717;275;-2.40625;2.0703125;-1.7265625;1;1
13722;276;-2.40625;2.0703125;-1.7265625;1;1
13818;277;0.1953125;-2.703125;-4.3828125;1;1
13871;278;-2.984375;0.7109375;-1.1015625;1;1
13915;279;-2.5234375;-0.515625;-2.1328125;1;1
13960;280;-4.1484375;1.15625;3.7109375;1;1
14005;281;-4.015625;6.515625;10.9375;1;1
14066;282;2.828125;6.40625;-4.140625;1;1
14111;283;6.671875;5.671875;-22.78125;1;1
14161;284;-0.53125;2.6015625;-22.6484375;1;1
14214;285;-1.703125;3.15625;-14.28125;1;1
14259;286;-10.2109375;3.25;-11.796875;1;1
14309;287;-3.953125;4.28125;-6.1328125;1;1
14352;288;-4.515625;4.8125;-2.4921875;1;1
14400;289;3.3515625;7.2890625;-2.828125;1;1
14456;290;-3.3828125;-0.875;-2.578125;1;1
14505;291;-7.546875;-0.78125;-0.53125;1;1
14551;292;-3.78125;-2.09375;-6.9453125;1;1
14602;293;-6.34375;-2.1953125;-8.859375;1;1
14647;294;-6.390625;2.875;-2.2265625;1;1
14688;295;-7.84375;5.4140625;-4.859375;1;1
14733;296;-7.9609375;-4.8828125;-0.7890625;1;1
14793;297;-4.7734375;-4.34375;-5.4453125;1;1
14834;298;-7.0390625;15.6015625;-15.5234375;1;1
14894;299;-11.6328125;1.03125;-8.3671875;1;1
14941;300;-5;-22.421875;-4.546875;1;1
14991;301;-3.7421875;10.6640625;-6.578125;1;1
98;1;-32.83333206176758;24.16666603088379;-90.83333587646484;2;1
113;2;-32.83333206176758;24.16666603088379;-90.83333587646484;2;1
140;3;-32.83333206176758;24.16666603088379;-90.83333587646484;2;1
156;4;-32.83333206176758;24.16666603088379;-90.83333587646484;2;1
200;5;-32.83333206176758;24.16666603088379;-90.83333587646484;2;1
250;6;-32.83333206176758;24.16666603088379;-90.83333587646484;2;1
301;7;-32.83333206176758;24.16666603088379;-90.83333587646484;2;1
351;8;-32.83333206176758;24.16666603088379;-90.83333587646484;2;1
397;9;-32.83333206176758;24.16666603088379;-90.83333587646484;2;1
445;10;-32.83333206176758;24.16666603088379;-90.83333587646484;2;1
493;11;-32.83333206176758;24.16666603088379;-90.83333587646484;2;1
543;12;-32.83333206176758;24.16666603088379;-90.83333587646484;2;1
593;13;-32.83333206176758;24.16666603088379;-90.83333587646484;2;1
640;14;-32.83333206176758;24.16666603088379;-90.83333587646484;2;1
694;15;-32.83333206176758;24.16666603088379;-90.83333587646484;2;1
737;16;-32.83333206176758;24.16666603088379;-90.83333587646484;2;1
789;17;-32.83333206176758;24.16666603088379;-90.83333587646484;2;1
838;18;-32.83333206176758;24.16666603088379;-90.83333587646484;2;1
886;19;-32.83333206176758;24.16666603088379;-90.83333587646484;2;1
932;20;-32.83333206176758;24.16666603088379;-90.83333587646484;2;1
982;21;-32.83333206176758;24.16666603088379;-90.83333587646484;2;1
1031;22;-32.83333206176758;24.16666603088379;-90.83333587646484;2;1
1079;23;-32.83333206176758;24.16666603088379;-90.83333587646484;2;1
1131;24;-32.83333206176758;24.16666603088379;-90.83333587646484;2;1
1228;25;-32.83333206176758;24.16666603088379;-90.83333587646484;2;1
1276;26;-32.83333206176758;24.16666603088379;-90.83333587646484;2;1
1323;27;-32.83333206176758;24.16666603088379;-90.83333587646484;2;1
1327;28;-32.83333206176758;24.16666603088379;-90.83333587646484;2;1
1423;29;-32.83333206176758;24.16666603088379;-90.83333587646484;2;1
1472;30;-32.83333206176758;24.16666603088379;-90.83333587646484;2;1
1518;31;-32.83333206176758;24.16666603088379;-90.83333587646484;2;1
1568;32;-32.83333206176758;24.16666603088379;-90.83333587646484;2;1
1616;33;-32.83333206176758;24.16666603088379;-90.83333587646484;2;1
1664;34;-32.83333206176758;24.16666603088379;-90.83333587646484;2;1
1713;35;-32.83333206176758;24.16666603088379;-90.83333587646484;2;1
1762;36;-32.83333206176758;24.16666603088379;-90.83333587646484;2;1
1811;37;-32.83333206176758;24.16666603088379;-90.83333587646484;2;1
1859;38;-32.83333206176758;24.16666603088379;-90.83333587646484;2;1
1912;39;-32.83333206176758;24.16666603088379;-90.83333587646484;2;1
1956;40;-32.83333206176758;24.16666603088379;-90.83333587646484;2;1
2008;41;-32.83333206176758;24.16666603088379;-90.83333587646484;2;1
2055;42;-32.83333206176758;24.16666603088379;-90.83333587646484;2;1
2110;43;-32.83333206176758;24.16666603088379;-90.83333587646484;2;1
2153;44;-32.83333206176758;24.16666603088379;-90.83333587646484;2;1
2202;45;-32.83333206176758;24.16666603088379;-90.83333587646484;2;1
2250;46;-32.83333206176758;24.16666603088379;-90.83333587646484;2;1
2299;47;-32.83333206176758;24.16666603088379;-90.83333587646484;2;1
2347;48;-32.83333206176758;24.16666603088379;-90.83333587646484;2;1
2398;49;-32.83333206176758;24.16666603088379;-90.83333587646484;2;1
2444;50;-32.83333206176758;24.16666603088379;-90.83333587646484;2;1
2493;51;-32.83333206176758;24.16666603088379;-90.83333587646484;2;1
2542;52;-32.83333206176758;24.16666603088379;-90.83333587646484;2;1
2591;53;-32.83333206176758;24.16666603088379;-90.83333587646484;2;1
2642;54;-32.83333206176758;24.16666603088379;-90.83333587646484;2;1
2688;55;-32.83333206176758;24.16666603088379;-90.83333587646484;2;1
2737;56;-32.83333206176758;24.16666603088379;-90.83333587646484;2;1
2785;57;-32.83333206176758;24.16666603088379;-90.83333587646484;2;1
2835;58;-32.83333206176758;24.16666603088379;-90.83333587646484;2;1
2883;59;-32.83333206176758;24.16666603088379;-90.83333587646484;2;1
2935;60;-32.83333206176758;24.16666603088379;-90.83333587646484;2;1
2980;61;-32.83333206176758;24.16666603088379;-90.83333587646484;2;1
3037;62;-32.83333206176758;24.16666603088379;-90.83333587646484;2;1
3080;63;-32.83333206176758;24.16666603088379;-90.83333587646484;2;1
3131;64;-32.83333206176758;24.16666603088379;-90.83333587646484;2;1
3240;65;-32.83333206176758;24.16666603088379;-90.83333587646484;2;1
3272;66;-32.83333206176758;24.16666603088379;-90.83333587646484;2;1
3320;67;-32.83333206176758;24.16666603088379;-90.83333587646484;2;1
3323;68;-32.83333206176758;24.16666603088379;-90.83333587646484;2;1
3419;69;-32.83333206176758;24.16666603088379;-90.83333587646484;2;1
3422;70;-32.83333206176758;24.16666603088379;-90.83333587646484;2;1
3519;71;-32.83333206176758;24.16666603088379;-90.83333587646484;2;1
3524;72;-32.83333206176758;24.16666603088379;-90.83333587646484;2;1
3614;73;-32.83333206176758;24.16666603088379;-90.83333587646484;2;1
3663;74;-32.83333206176758;24.16666603088379;-90.83333587646484;2;1
3712;75;-32.83333206176758;24.16666603088379;-90.83333587646484;2;1
3761;76;-32.83333206176758;24.16666603088379;-90.83333587646484;2;1
3809;77;-32.83333206176758;24.16666603088379;-90.83333587646484;2;1
3858;78;-32.83333206176758;24.16666603088379;-90.83333587646484;2;1
3907;79;-32.83333206176758;24.16666603088379;-90.83333587646484;2;1
3955;80;-32.83333206176758;24.16666603088379;-90.83333587646484;2;1
4007;81;-32.83333206176758;24.16666603088379;-90.83333587646484;2;1
4053;82;-32.83333206176758;24.16666603088379;-90.83333587646484;2;1
4103;83;-32.83333206176758;24.16666603088379;-90.83333587646484;2;1
4152;84;-32.83333206176758;24.16666603088379;-90.83333587646484;2;1
4200;85;-32.83333206176758;24.16666603088379;-90.83333587646484;2;1
4254;86;-32.83333206176758;24.16666603088379;-90.83333587646484;2;1
4300;87;-32.83333206176758;24.16666603088379;-90.83333587646484;2;1
4351;88;-32.83333206176758;24.16666603088379;-90.83333587646484;2;1
4395;89;-32.83333206176758;24.16666603088379;-90.83333587646484;2;1
4448;90;-32.83333206176758;24.16666603088379;-90.83333587646484;2;1
4492;91;-32.83333206176758;24.16666603088379;-90.83333587646484;2;1
4540;92;-32.83333206176758;24.16666603088379;-90.83333587646484;2;1
4593;93;-32.83333206176758;24.16666603088379;-90.83333587646484;2;1
4639;94;-32.83333206176758;24.16666603088379;-90.83333587646484;2;1
4687;95;-32.83333206176758;24.16666603088379;-90.83333587646484;2;1
4735;96;-32.83333206176758;24.16666603088379;-90.83333587646484;2;1
4786;97;-32.83333206176758;24.16666603088379;-90.83333587646484;2;1
4833;98;-32.83333206176758;24.16666603088379;-90.83333587646484;2;1
4883;99;-32.83333206176758;24.16666603088379;-90.83333587646484;2;1
4930;100;-32.83333206176758;24.16666603088379;-90.83333587646484;2;1
4981;101;-32.83333206176758;24.16666603088379;-90.83333587646484;2;1
5030;102;-32.83333206176758;24.16666603088379;-90.83333587646484;2;1
5076;103;-32.83333206176758;24.16666603088379;-90.83333587646484;2;1
5175;104;-32.83333206176758;24.16666603088379;-90.83333587646484;2;1
5223;105;-32.83333206176758;24.16666603088379;-90.83333587646484;2;1
5230;106;-32.83333206176758;24.16666603088379;-90.83333587646484;2;1
5279;107;-32.83333206176758;24.16666603088379;-90.83333587646484;2;1
5321;108;-32.83333206176758;24.16666603088379;-90.83333587646484;2;1
5428;109;-32.83333206176758;24.16666603088379;-90.83333587646484;2;1
5479;110;-32.83333206176758;24.16666603088379;-90.83333587646484;2;1
5524;111;-32.83333206176758;24.16666603088379;-90.83333587646484;2;1
5568;112;-32.83333206176758;24.16666603088379;-90.83333587646484;2;1
5613;113;-32.83333206176758;24.16666603088379;-90.83333587646484;2;1
5661;114;-32.83333206176758;24.16666603088379;-90.83333587646484;2;1
5710;115;-32.83333206176758;24.16666603088379;-90.83333587646484;2;1
5759;116;-32.83333206176758;24.16666603088379;-90.83333587646484;2;1
5809;117;-32.83333206176758;24.16666603088379;-90.83333587646484;2;1
5857;118;-32.83333206176758;24.16666603088379;-90.83333587646484;2;1
5905;119;-32.83333206176758;24.16666603088379;-90.83333587646484;2;1
5957;120;-32.83333206176758;24.16666603088379;-90.83333587646484;2;1
6003;121;-52.66666793823242;31.33333396911621;-21.66666603088379;2;1
6052;122;-52.66666793823242;31.33333396911621;-21.66666603088379;2;1
6102;123;-52.66666793823242;31.33333396911621;-21.66666603088379;2;1
6149;124;-52.66666793823242;31.33333396911621;-21.66666603088379;2;1
6198;125;-52.66666793823242;31.33333396911621;-21.66666603088379;2;1
6247;126;-52.66666793823242;31.33333396911621;-21.66666603088379;2;1
6298;127;-52.66666793823242;31.33333396911621;-21.66666603088379;2;1
6344;128;-52.66666793823242;31.33333396911621;-21.66666603088379;2;1
6393;129;-52.66666793823242;31.33333396911621;-21.66666603088379;2;1
6444;130;-52.66666793823242;31.33333396911621;-21.66666603088379;2;1
6491;131;-52.66666793823242;31.33333396911621;-21.66666603088379;2;1
6541;132;-52.66666793823242;31.33333396911621;-21.66666603088379;2;1
6588;133;-52.66666793823242;31.33333396911621;-21.66666603088379;2;1
6637;134;-52.66666793823242;31.33333396911621;-21.66666603088379;2;1
6687;135;-52.66666793823242;31.33333396911621;-21.66666603088379;2;1
6734;136;-52.66666793823242;31.33333396911621;-21.66666603088379;2;1
6783;137;-52.66666793823242;31.33333396911621;-21.66666603088379;2;1
6837;138;-52.66666793823242;31.33333396911621;-21.66666603088379;2;1
6882;139;-52.66666793823242;31.33333396911621;-21.66666603088379;2;1
6929;140;-52.66666793823242;31.33333396911621;-21.66666603088379;2;1
6981;141;-52.66666793823242;31.33333396911621;-21.66666603088379;2;1
7028;142;-52.66666793823242;31.33333396911621;-21.66666603088379;2;1
7080;143;-52.66666793823242;31.33333396911621;-21.66666603088379;2;1
7177;144;-52.66666793823242;31.33333396911621;-21.66666603088379;2;1
7224;145;-52.66666793823242;31.33333396911621;-21.66666603088379;2;1
7273;146;-52.66666793823242;31.33333396911621;-21.66666603088379;2;1
7320;147;-52.66666793823242;31.33333396911621;-21.66666603088379;2;1
7368;148;-52.66666793823242;31.33333396911621;-21.66666603088379;2;1
7416;149;-52.66666793823242;31.33333396911621;-21.66666603088379;2;1
7420;150;-52.66666793823242;31.33333396911621;-21.66666603088379;2;1
7465;151;-52.66666793823242;31.33333396911621;-21.66666603088379;2;1
7565;152;-52.66666793823242;31.33333396911621;-21.66666603088379;2;1
7614;153;-52.66666793823242;31.33333396911621;-21.66666603088379;2;1
7660;154;-52.66666793823242;31.33333396911621;-21.66666603088379;2;1
7710;155;-52.66666793823242;31.33333396911621;-21.66666603088379;2;1
7759;156;-52.66666793823242;31.33333396911621;-21.66666603088379;2;1
7806;157;-52.66666793823242;31.33333396911621;-21.66666603088379;2;1
7856;158;-52.66666793823242;31.33333396911621;-21.66666603088379;2;1
7909;159;-52.66666793823242;31.33333396911621;-21.66666603088379;2;1
7955;160;-52.66666793823242;31.33333396911621;-21.66666603088379;2;1
8005;161;-52.66666793823242;31.33333396911621;-21.66666603088379;2;1
8050;162;-54.33333206176758;30.5;-25;2;1
8103;163;-54.33333206176758;30.5;-25;2;1
8160;164;-54.33333206176758;30.5;-25;2;1
8201;165;-54.33333206176758;30.5;-25;2;1
8252;166;-54.33333206176758;30.5;-25;2;1
8294;167;-54.33333206176758;30.5;-25;2;1
8345;168;-54.33333206176758;30.5;-25;2;1
8395;169;-54.33333206176758;30.5;-25;2;1
8442;170;-54.33333206176758;30.5;-25;2;1
8492;171;-54.33333206176758;30.5;-25;2;1
8539;172;-54.33333206176758;30.5;-25;2;1
8587;173;-54.33333206176758;30.5;-25;2;1
8636;174;-54.33333206176758;30.5;-25;2;1
8684;175;-54.33333206176758;30.5;-25;2;1
8732;176;-54.33333206176758;30.5;-25;2;1
8781;177;-54.33333206176758;30.5;-25;2;1
8832;178;-54.33333206176758;30.5;-25;2;1
8884;179;-54.33333206176758;30.5;-25;2;1
8935;180;-54.33333206176758;30.5;-25;2;1
8979;181;-54.33333206176758;30.5;-25;2;1
9080;182;-54.33333206176758;30.5;-25;2;1
9127;183;-54.33333206176758;30.5;-25;2;1
9174;184;-54.33333206176758;30.5;-25;2;1
9185;185;-54.33333206176758;30.5;-25;2;1
9269;186;-54.33333206176758;30.5;-25;2;1
9317;187;-54.33333206176758;30.5;-25;2;1
9320;188;-54.33333206176758;30.5;-25;2;1
9416;189;-54.33333206176758;30.5;-25;2;1
9467;190;-54.33333206176758;30.5;-25;2;1
9513;191;-54.33333206176758;30.5;-25;2;1
9561;192;-54.33333206176758;30.5;-25;2;1
9613;193;-54.33333206176758;30.5;-25;2;1
9661;194;-54.33333206176758;30.5;-25;2;1
9708;195;-54.33333206176758;30.5;-25;2;1
9757;196;-54.33333206176758;30.5;-25;2;1
9806;197;-54.33333206176758;30.5;-25;2;1
9857;198;-54.33333206176758;30.5;-25;2;1
9903;199;-54.33333206176758;30.5;-25;2;1
9954;200;-54.33333206176758;30.5;-25;2;1
10000;201;-54.33333206176758;30.5;-25;2;1
10049;202;-54.33333206176758;30.5;-25;2;1
10101;203;-54.33333206176758;30.5;-25;2;1
10146;204;-54.33333206176758;30.5;-25;2;1
10198;205;-54.33333206176758;30.5;-25;2;1
10245;206;-54.33333206176758;30.5;-25;2;1
10292;207;-54.33333206176758;30.5;-25;2;1
10345;208;-54.33333206176758;30.5;-25;2;1
10390;209;-54.33333206176758;30.5;-25;2;1
10439;210;-54.33333206176758;30.5;-25;2;1
10491;211;-54.33333206176758;30.5;-25;2;1
10537;212;-54.33333206176758;30.5;-25;2;1
10585;213;-54.33333206176758;30.5;-25;2;1
10637;214;-54.33333206176758;30.5;-25;2;1
10684;215;-54.33333206176758;30.5;-25;2;1
10732;216;-54.33333206176758;30.5;-25;2;1
10781;217;-54.33333206176758;30.5;-25;2;1
10829;218;-54.33333206176758;30.5;-25;2;1
10880;219;-54.33333206176758;30.5;-25;2;1
10927;220;-54.33333206176758;30.5;-25;2;1
10976;221;-54.33333206176758;30.5;-25;2;1
11029;222;-60;33.16666793823242;-28;2;1
11123;223;-60;33.16666793823242;-28;2;1
11171;224;-60;33.16666793823242;-28;2;1
11222;225;-60;33.16666793823242;-28;2;1
11227;226;-60;33.16666793823242;-28;2;1
11317;227;-60;33.16666793823242;-28;2;1
11320;228;-60;33.16666793823242;-28;2;1
11419;229;-60;33.16666793823242;-28;2;1
11465;230;-60;33.16666793823242;-28;2;1
11512;231;-60.66666793823242;33.33333206176758;-26.66666603088379;2;1
11515;232;-60.66666793823242;33.33333206176758;-26.66666603088379;2;1
11612;233;-60.66666793823242;33.33333206176758;-26.66666603088379;2;1
11662;234;-60.66666793823242;33.33333206176758;-26.66666603088379;2;1
11709;235;-60.66666793823242;33.33333206176758;-26.66666603088379;2;1
11755;236;-60.66666793823242;33.33333206176758;-26.66666603088379;2;1
11804;237;-60.66666793823242;33.33333206176758;-26.66666603088379;2;1
11858;238;-60.66666793823242;33.33333206176758;-26.66666603088379;2;1
11906;239;-60.66666793823242;33.33333206176758;-26.66666603088379;2;1
11956;240;-59.33333206176758;30.33333396911621;-27.5;2;1
12000;241;-59.33333206176758;30.33333396911621;-27.5;2;1
12051;242;-59.33333206176758;30.33333396911621;-27.5;2;1
12099;243;-59.33333206176758;30.33333396911621;-27.5;2;1
12152;244;-59.33333206176758;30.33333396911621;-27.5;2;1
12197;245;-59.33333206176758;30.33333396911621;-27.5;2;1
12249;246;-59.33333206176758;30.33333396911621;-27.5;2;1
12304;247;-59.33333206176758;30.33333396911621;-27.5;2;1
12344;248;-59.33333206176758;30.33333396911621;-27.5;2;1
12389;249;-59.33333206176758;30.33333396911621;-27.5;2;1
12441;250;-59.33333206176758;30.33333396911621;-27.5;2;1
12488;251;-60.33333206176758;32.5;-29.33333396911621;2;1
12562;252;-60.33333206176758;32.5;-29.33333396911621;2;1
12609;253;-60.33333206176758;32.5;-29.33333396911621;2;1
12649;254;-60.33333206176758;32.5;-29.33333396911621;2;1
12692;255;-60.33333206176758;32.5;-29.33333396911621;2;1
12741;256;-60.33333206176758;32.5;-29.33333396911621;2;1
12798;257;-60.33333206176758;32.5;-29.33333396911621;2;1
12849;258;-60.33333206176758;32.5;-29.33333396911621;2;1
12894;259;-60.33333206176758;32.5;-29.33333396911621;2;1
12980;260;-60.33333206176758;32.5;-29.33333396911621;2;1
13040;261;-60.33333206176758;32.5;-29.33333396911621;2;1
13086;262;-60.33333206176758;32.5;-29.33333396911621;2;1
13090;263;-60.33333206176758;32.5;-29.33333396911621;2;1
13131;264;-60.33333206176758;32.5;-29.33333396911621;2;1
13177;265;-60.33333206176758;32.5;-29.33333396911621;2;1
13283;266;-60.33333206176758;32.5;-29.33333396911621;2;1
13333;267;-60.33333206176758;32.5;-29.33333396911621;2;1
13338;268;-60.33333206176758;32.5;-29.33333396911621;2;1
13382;269;-60.33333206176758;32.5;-29.33333396911621;2;1
13424;270;-60;33.5;-29.5;2;1
13526;271;-60;33.5;-29.5;2;1
13567;272;-60;33.5;-29.5;2;1
13627;273;-60;33.5;-29.5;2;1
13672;274;-60;33.5;-29.5;2;1
13718;275;-59.66666793823242;30.33333396911621;-27.5;2;1
13722;276;-59.66666793823242;30.33333396911621;-27.5;2;1
13819;277;-59.66666793823242;30.33333396911621;-27.5;2;1
13872;278;-59.66666793823242;30.33333396911621;-27.5;2;1
13916;279;-59.66666793823242;30.33333396911621;-27.5;2;1
13960;280;-59.66666793823242;30.33333396911621;-27.5;2;1
14006;281;-59.66666793823242;30.33333396911621;-27.5;2;1
14066;282;-59.66666793823242;30.33333396911621;-27.5;2;1
14112;283;-59.66666793823242;30.33333396911621;-27.5;2;1
14162;284;-59.66666793823242;30.33333396911621;-27.5;2;1
14215;285;-59.66666793823242;30.33333396911621;-27.5;2;1
14260;286;-59.66666793823242;30.33333396911621;-27.5;2;1
14310;287;-59.66666793823242;30.33333396911621;-27.5;2;1
14353;288;-59.66666793823242;30.33333396911621;-27.5;2;1
14401;289;-59.66666793823242;30.33333396911621;-27.5;2;1
14456;290;-59.66666793823242;30.33333396911621;-27.5;2;1
14506;291;-59.66666793823242;30.33333396911621;-27.5;2;1
14552;292;-59.66666793823242;30.33333396911621;-27.5;2;1
14602;293;-59.66666793823242;30.33333396911621;-27.5;2;1
14647;294;-59.66666793823242;30.33333396911621;-27.5;2;1
14689;295;-59.66666793823242;30.33333396911621;-27.5;2;1
14734;296;-59.66666793823242;30.33333396911621;-27.5;2;1
14794;297;-59.66666793823242;30.33333396911621;-27.5;2;1
14835;298;-59.66666793823242;30.33333396911621;-27.5;2;1
14895;299;-59.66666793823242;30.33333396911621;-27.5;2;1
14942;300;-59.66666793823242;30.33333396911621;-27.5;2;1
14992;301;-59.66666793823242;30.33333396911621;-27.5;2;1
90;0;0.99462890625;-0.064208984375;0.282470703125;0;2
105;1;1.00439453125;-0.071044921875;0.287841796875;0;2
133;2;1.00439453125;-0.071044921875;0.287841796875;0;2
146;3;1.018798828125;-0.085693359375;0.293701171875;0;2
194;4;1.02294921875;-0.07763671875;0.282958984375;0;2
243;5;1.030029296875;-0.091064453125;0.32177734375;0;2
292;6;1.0224609375;-0.048095703125;0.3232421875;0;2
342;7;1.031005859375;-0.134521484375;0.29443359375;0;2
390;8;1.001953125;-0.151611328125;0.293212890625;0;2
439;9;1.01171875;-0.148681640625;0.311767578125;0;2
487;10;0.978515625;-0.132080078125;0.34521484375;0;2
536;11;0.975341796875;-0.1416015625;0.31005859375;0;2
585;12;1.003662109375;-0.154052734375;0.376953125;0;2
683;13;0.987060546875;-0.1376953125;0.38818359375;0;2
731;14;0.99462890625;-0.141357421875;0.361083984375;0;2
782;15;0.935302734375;-0.12841796875;0.44775390625;0;2
829;16;0.91162109375;-0.089111328125;0.46484375;0;2
878;17;0.8603515625;-0.0078125;0.443603515625;0;2
926;18;0.917724609375;0.02490234375;0.386474609375;0;2
975;19;1.0859375;-0.1416015625;0.324462890625;0;2
1025;20;0.99560546875;-0.178466796875;0.31591796875;0;2
1072;21;0.93359375;-0.253662109375;0.30615234375;0;2
1123;22;0.956787109375;-0.112548828125;0.39892578125;0;2
1172;23;0.9462890625;-0.135498046875;0.34765625;0;2
1220;24;0.93212890625;-0.13671875;0.293212890625;0;2
1268;25;1.009033203125;-0.25634765625;0.4052734375;0;2
1316;26;0.96435546875;-0.31640625;0.373291015625;0;2
1365;27;0.985595703125;-0.2783203125;0.34375;0;2
1415;28;1.042236328125;-0.173095703125;0.2353515625;0;2
1463;29;1.065185546875;-0.172607421875;0.336181640625;0;2
1511;30;0.99853515625;-0.109130859375;0.4013671875;0;2
1560;31;1.0478515625;-0.04345703125;0.2724609375;0;2
1609;32;0.8720703125;-0.202392578125;0.208740234375;0;2
1657;33;0.927001953125;-0.28125;0.1650390625;0;2
1707;34;1.136962890625;0.015380859375;0.11572265625;0;2
1755;35;1.1923828125;0.176513671875;0.156494140625;0;2
1803;36;0.922607421875;0.0888671875;0.20361328125;0;2
1852;37;0.87255859375;-0.025634765625;0.232421875;0;2
1904;38;0.923583984375;0.076171875;0.440673828125;0;2
1950;39;0.906494140625;0.054931640625;0.289794921875;0;2
2000;40;0.906494140625;0.139404296875;0.340087890625;0;2
2048;41;1.073974609375;0.06103515625;0.44140625;0;2
2099;42;1.03173828125;-0.017578125;0.287353515625;0;2
2146;43;0.94873046875;-0.017578125;0.5283203125;0;2
2194;44;0.958740234375;-0.01611328125;0.535400390625;0;2
2243;45;1.42431640625;0.209716796875;0.391845703125;0;2
2291;46;1.313232421875;0.10791015625;-0.0556640625;0;2
2340;47;0.767822265625;-0.0625;-0.05224609375;0;2
2390;48;0.678466796875;-0.156982421875;0.280517578125;0;2
2438;49;1.060302734375;-0.32080078125;0.2275390625;0;2
2486;50;1.147216796875;-0.26513671875;0.11279296875;0;2
2534;51;0.743896484375;-0.099365234375;0.31103515625;0;2
2634;52;0.83203125;-0.110595703125;0.468505859375;0;2
2681;53;0.99609375;-0.17236328125;0.39599609375;0;2
2730;54;0.921875;-0.1572265625;0.44921875;0;2
2779;55;0.919189453125;-0.223388671875;0.37451171875;0;2
2827;56;1.087890625;-0.297607421875;0.46533203125;0;2
2876;57;1.498291015625;-0.402099609375;0.2216796875;0;2
2926;58;1.3994140625;0.148681640625;0.10107421875;0;2
2974;59;0.630859375;0.37890625;0.234619140625;0;2
3026;60;0.61376953125;0.08935546875;0.31005859375;0;2
3072;61;0.93896484375;-0.349609375;0.368408203125;0;2
3122;62;1;-0.18017578125;0.306640625;0;2
3169;63;0.91015625;0.019775390625;0.407958984375;0;2
3219;64;0.650390625;0.079833984375;0.71728515625;0;2
3265;65;0.789306640625;0.189453125;0.61181640625;0;2
3314;66;1.185546875;-0.0234375;0.57666015625;0;2
3363;67;1.57470703125;0.033935546875;0.31494140625;0;2
3412;68;1.399658203125;-0.017822265625;0.22705078125;0;2
3461;69;0.49609375;-0.079345703125;0.025146484375;0;2
3511;70;0.244384765625;-0.263427734375;0.193603515625;0;2
3561;71;1.106689453125;-0.00439453125;0.96142578125;0;2
3608;72;1.371337890625;0.221435546875;0.23046875;0;2
3656;73;0.61865234375;-0.04833984375;0.335205078125;0;2
3705;74;0.6357421875;-0.474365234375;0.4765625;0;2
3754;75;0.932373046875;-0.385986328125;0.421142578125;0;2
3803;76;1.173583984375;-0.056396484375;0.406005859375;0;2
3851;77;1.098388671875;-0.166259765625;0.284912109375;0;2
3901;78;1.294921875;0.216064453125;0.569580078125;0;2
3949;79;1.250732421875;0.468017578125;0.25732421875;0;2
3999;80;0.541015625;0.190673828125;0.2705078125;0;2
4046;81;0.837890625;-0.086181640625;0.285888671875;0;2
4095;82;1.065185546875;-0.2451171875;0.51806640625;0;2
4145;83;0.993408203125;0.089111328125;0.420166015625;0;2
4193;84;0.676025390625;0.0947265625;0.491455078125;0;2
4244;85;0.497802734375;0.1533203125;0.667724609375;0;2
4292;86;1.032470703125;-0.01904296875;0.306396484375;0;2
4341;87;1.86376953125;-0.2412109375;0.32373046875;0;2
4388;88;0.8955078125;-0.17578125;0.152587890625;0;2
4438;89;0.797607421875;-0.404541015625;0.32958984375;0;2
4486;90;0.993408203125;0.151123046875;0.708984375;0;2
4584;91;0.920654296875;0.102783203125;0.4033203125;0;2
4631;92;0.739013671875;-0.30859375;0.26318359375;0;2
4680;93;0.81591796875;-0.42919921875;0.245361328125;0;2
4729;94;1.092041015625;-0.153564453125;0.46337890625;0;2
4779;95;0.968505859375;-0.166748046875;0.341552734375;0;2
4826;96;1.215576171875;-0.03466796875;0.337158203125;0;2
4876;97;1.013427734375;0.128662109375;0.436767578125;0;2
4923;98;1.042236328125;0.37841796875;0.43603515625;0;2
4974;99;0.962890625;-0.090087890625;0.266845703125;0;2
5022;100;1.054443359375;-0.319091796875;0.393310546875;0;2
5069;101;0.96435546875;-0.130615234375;0.39111328125;0;2
5119;102;0.806396484375;0.177734375;0.596435546875;0;2
5167;103;0.77587890625;0.201904296875;0.57421875;0;2
5217;104;1.0341796875;-0.010009765625;0.440673828125;0;2
5272;105;1.29052734375;-0.17724609375;0.254638671875;0;2
5313;106;1.13525390625;-0.158447265625;0.243408203125;0;2
5361;107;0.892822265625;0.045654296875;0.359130859375;0;2
5415;108;0.95556640625;-0.217041015625;0.222900390625;0;2
5465;109;1.024169921875;-0.146728515625;0.38134765625;0;2
5513;110;1.03662109375;-0.079345703125;0.39404296875;0;2
5560;111;1.008544921875;-0.109619140625;0.328125;0;2
5606;112;0.806640625;-0.330078125;0.30517578125;0;2
5655;113;0.9462890625;-0.2275390625;0.3623046875;0;2
5704;114;1.04443359375;-0.253662109375;0.457763671875;0;2
5753;115;0.91845703125;-0.290283203125;0.298095703125;0;2
5802;116;0.92822265625;-0.282958984375;0.30810546875;0;2
5850;117;0.96484375;-0.193603515625;0.43798828125;0;2
5898;118;0.9130859375;-0.06787109375;0.467529296875;0;2
5949;119;0.9111328125;-0.10595703125;0.391845703125;0;2
5997;120;1.004638671875;-0.27392578125;0.359375;0;2
6045;121;1.0146484375;-0.153076171875;0.36572265625;0;2
6095;122;0.9287109375;0.01806640625;0.349609375;0;2
6142;123;0.93408203125;-0.070068359375;0.371337890625;0;2
6191;124;0.998779296875;-0.14990234375;0.3642578125;0;2
6239;125;0.933349609375;-0.045166015625;0.366943359375;0;2
6290;126;0.913330078125;-0.06640625;0.46875;0;2
6337;127;1.00244140625;-0.03759765625;0.452392578125;0;2
6386;128;0.94091796875;-0.10888671875;0.44921875;0;2
6436;129;0.964599609375;-0.114990234375;0.4033203125;0;2
6533;130;0.99560546875;-0.0654296875;0.446044921875;0;2
6581;131;0.99755859375;0.018798828125;0.46240234375;0;2
6630;132;1.006591796875;-0.20361328125;0.350341796875;0;2
6680;133;0.948486328125;-0.1181640625;0.374267578125;0;2
6727;134;0.91845703125;-0.050048828125;0.44189453125;0;2
6776;135;0.93505859375;-0.13232421875;0.384033203125;0;2
6827;136;1.0234375;-0.088623046875;0.363525390625;0;2
6876;137;0.989013671875;-0.032958984375;0.391845703125;0;2
6922;138;0.91845703125;-0.097900390625;0.400634765625;0;2
6973;139;0.9296875;-0.11474609375;0.353271484375;0;2
7021;140;1.02490234375;-0.146240234375;0.35498046875;0;2
7070;141;1.008056640625;-0.126708984375;0.3896484375;0;2
7125;142;1.006591796875;-0.13818359375;0.406005859375;0;2
7168;143;0.931396484375;-0.134765625;0.359130859375;0;2
7216;144;0.931884765625;-0.142578125;0.349365234375;0;2
7263;145;1.005615234375;-0.049560546875;0.365234375;0;2
7313;146;1.01708984375;-0.05859375;0.35986328125;0;2
7361;147;1.005615234375;-0.13427734375;0.348388671875;0;2
7410;148;1.0087890625;-0.132080078125;0.3583984375;0;2
7459;149;0.92626953125;-0.138427734375;0.373779296875;0;2
7507;150;0.919677734375;-0.14794921875;0.445556640625;0;2
7557;151;1.0029296875;-0.13671875;0.3564453125;0;2
7605;152;1.019287109375;-0.13427734375;0.354736328125;0;2
7654;153;1.004638671875;-0.134765625;0.441162109375;0;2
7702;154;0.919921875;-0.136962890625;0.372802734375;0;2
7751;155;0.9130859375;-0.13037109375;0.45263671875;0;2
7800;156;0.93505859375;-0.13525390625;0.371826171875;0;2
7849;157;1.023193359375;-0.1298828125;0.349365234375;0;2
7900;158;0.97021484375;-0.13427734375;0.35693359375;0;2
7948;159;1.003662109375;-0.131591796875;0.356689453125;0;2
7996;160;0.93115234375;-0.138671875;0.35498046875;0;2
8044;161;0.913818359375;-0.14453125;0.363525390625;0;2
8093;162;0.936279296875;-0.1376953125;0.348876953125;0;2
8145;163;1.016845703125;-0.129638671875;0.39208984375;0;2
8192;164;1.0185546875;-0.131591796875;0.3935546875;0;2
8242;165;0.935546875;-0.132568359375;0.400390625;0;2
8288;166;1.015869140625;-0.1396484375;0.3994140625;0;2
8337;167;1.0166015625;-0.14990234375;0.393310546875;0;2
8386;168;1.027587890625;-0.140380859375;0.312255859375;0;2
8434;169;0.97900390625;-0.12939453125;0.380615234375;0;2
8532;170;1.021484375;-0.136474609375;0.3828125;0;2
8580;171;1.009033203125;-0.142333984375;0.38037109375;0;2
8628;172;0.934814453125;-0.136962890625;0.389892578125;0;2
8678;173;0.935791015625;-0.13427734375;0.390869140625;0;2
8726;174;1.0146484375;-0.1396484375;0.39013671875;0;2
8775;175;1.01611328125;-0.130126953125;0.3779296875;0;2
8825;176;0.98291015625;-0.0556640625;0.29052734375;0;2
8873;177;1.0234375;-0.134033203125;0.304443359375;0;2
8925;178;1.0078125;-0.135009765625;0.387939453125;0;2
8970;179;1.02001953125;-0.13720703125;0.376220703125;0;2
9022;180;1.010986328125;-0.1357421875;0.37939453125;0;2
9069;181;1.012939453125;-0.127685546875;0.378662109375;0;2
9119;182;1.009765625;-0.125732421875;0.385986328125;0;2
9166;183;1.02197265625;-0.141357421875;0.393310546875;0;2
9215;184;1.02099609375;-0.13525390625;0.391845703125;0;2
9262;185;1.021484375;-0.1416015625;0.386474609375;0;2
9310;186;1.015869140625;-0.09619140625;0.304443359375;0;2
9360;187;0.936279296875;-0.101806640625;0.38671875;0;2
9409;188;0.926025390625;-0.1552734375;0.34814453125;0;2
9459;189;1.01806640625;-0.1357421875;0.35107421875;0;2
9506;190;1.023193359375;-0.0615234375;0.398193359375;0;2
9555;191;0.935302734375;-0.1416015625;0.399658203125;0;2
9605;192;1.00048828125;-0.14794921875;0.35107421875;0;2
9654;193;1.008056640625;-0.148193359375;0.350341796875;0;2
9701;194;1.006103515625;-0.15087890625;0.346923828125;0;2
9750;195;1.0068359375;-0.0966796875;0.40576171875;0;2
9799;196;1.000244140625;-0.101806640625;0.40478515625;0;2
9849;197;1.001708984375;-0.155517578125;0.405517578125;0;2
9898;198;1.007568359375;-0.14111328125;0.3505859375;0;2
9945;199;1.009765625;-0.1376953125;0.403564453125;0;2
9994;200;1.009033203125;-0.140380859375;0.34521484375;0;2
10042;201;1.00146484375;-0.139892578125;0.357177734375;0;2
10093;202;1.00634765625;-0.141845703125;0.354248046875;0;2
10140;203;1.008544921875;-0.1474609375;0.348388671875;0;2
10190;204;0.9375;-0.145751953125;0.350341796875;0;2
10238;205;0.927490234375;-0.1474609375;0.356689453125;0;2
10287;206;1.000244140625;-0.13623046875;0.3603515625;0;2
10337;207;1.00732421875;-0.131103515625;0.360107421875;0;2
10383;208;1.020751953125;-0.13916015625;0.3984375;0;2
10482;209;1.027099609375;-0.14697265625;0.3916015625;0;2
10530;210;1.0068359375;-0.14697265625;0.39990234375;0;2
10579;211;0.93310546875;-0.14208984375;0.356689453125;0;2
10629;212;1.002197265625;-0.0986328125;0.40283203125;0;2
10676;213;1.007568359375;-0.095703125;0.405517578125;0;2
10725;214;1.011962890625;-0.14208984375;0.399658203125;0;2
10774;215;1.0078125;-0.1474609375;0.39697265625;0;2
10823;216;1.021728515625;-0.139892578125;0.40625;0;2
10872;217;0.93603515625;-0.057373046875;0.34423828125;0;2
10921;218;1.012939453125;-0.0517578125;0.343994140625;0;2
10969;219;1.021240234375;-0.045166015625;0.402099609375;0;2
11020;220;1.003662109375;-0.060302734375;0.346435546875;0;2
11067;221;1.0087890625;-0.128173828125;0.40234375;0;2
11115;222;1.010498046875;-0.130615234375;0.3466796875;0;2
11165;223;1.00830078125;-0.13330078125;0.343994140625;0;2
11213;224;1.006103515625;-0.131103515625;0.39892578125;0;2
11260;225;1.015869140625;-0.135986328125;0.34912109375;0;2
11310;226;1.007568359375;-0.1396484375;0.34423828125;0;2
11358;227;1.010986328125;-0.133056640625;0.345947265625;0;2
11408;228;1.010009765625;-0.131103515625;0.345458984375;0;2
11457;229;1.0048828125;-0.133544921875;0.348876953125;0;2
11505;230;1.005859375;-0.12939453125;0.348388671875;0;2
11554;231;1.00341796875;-0.134033203125;0.349365234375;0;2
11605;232;1.005126953125;-0.1298828125;0.3486328125;0;2
11653;233;1.0009765625;-0.13427734375;0.35595703125;0;2
11702;234;0.93603515625;-0.129638671875;0.34814453125;0;2
11749;235;1.003173828125;-0.12744140625;0.351806640625;0;2
11798;236;1.012939453125;-0.1328125;0.354248046875;0;2
11848;237;1.009765625;-0.129638671875;0.40283203125;0;2
11899;238;1.0146484375;-0.12939453125;0.398193359375;0;2
11945;239;1.00927734375;-0.1328125;0.403076171875;0;2
11994;240;1.01123046875;-0.125244140625;0.400146484375;0;2
12043;241;1.01708984375;-0.126708984375;0.398681640625;0;2
12090;242;1.01318359375;-0.12939453125;0.390380859375;0;2
12141;243;1.005615234375;-0.06103515625;0.396240234375;0;2
12189;244;1.0068359375;-0.127685546875;0.40087890625;0;2
12239;245;1.014404296875;-0.058837890625;0.396728515625;0;2
12290;246;1.012451171875;-0.0615234375;0.385009765625;0;2
12337;247;1.016357421875;-0.126953125;0.392578125;0;2
12433;248;1.013671875;-0.0625;0.3876953125;0;2
12481;249;1.013916015625;-0.130615234375;0.3818359375;0;2
12556;250;1.013916015625;-0.135498046875;0.38720703125;0;2
12604;251;1.0166015625;-0.130859375;0.3828125;0;2
12644;252;1.013916015625;-0.138916015625;0.385009765625;0;2
12685;253;1.01416015625;-0.136474609375;0.386474609375;0;2
12735;254;1.008056640625;-0.134033203125;0.385498046875;0;2
12776;255;1.013671875;-0.13916015625;0.39306640625;0;2
12842;256;1.01171875;-0.130126953125;0.39306640625;0;2
12888;257;1.014892578125;-0.06103515625;0.385986328125;0;2
12929;258;1.009765625;-0.126220703125;0.391357421875;0;2
12973;259;1.007080078125;-0.129150390625;0.3955078125;0;2
13034;260;1.017822265625;-0.060546875;0.38916015625;0;2
13080;261;1.012939453125;-0.133056640625;0.398193359375;0;2
13125;262;1.00732421875;-0.130859375;0.401123046875;0;2
13170;263;1.014404296875;-0.13134765625;0.40380859375;0;2
13215;264;1.011474609375;-0.131103515625;0.396728515625;0;2
13277;265;1.009033203125;-0.13525390625;0.404296875;0;2
13326;266;1.01171875;-0.135009765625;0.398681640625;0;2
13376;267;1.003662109375;-0.138427734375;0.40234375;0;2
13418;268;1.00732421875;-0.133544921875;0.4013671875;0;2
13459;269;1.00830078125;-0.138916015625;0.39306640625;0;2
13522;270;1.008544921875;-0.1337890625;0.4052734375;0;2
13561;271;1.009765625;-0.1298828125;0.40185546875;0;2
13605;272;1.008056640625;-0.134765625;0.346923828125;0;2
13651;273;1.00927734375;-0.128173828125;0.4033203125;0;2
13712;274;1.0078125;-0.1279296875;0.396484375;0;2
13758;275;1.01416015625;-0.1337890625;0.350830078125;0;2
13798;276;1.00830078125;-0.134033203125;0.404052734375;0;2
13865;277;1.00830078125;-0.130615234375;0.40283203125;0;2
13911;278;1.011474609375;-0.127197265625;0.404296875;0;2
13954;279;1.0107421875;-0.046875;0.399169921875;0;2
14000;280;1.015625;-0.042724609375;0.3974609375;0;2
14045;281;1.009033203125;-0.126708984375;0.395751953125;0;2
14091;282;1.01123046875;-0.14697265625;0.401611328125;0;2
14156;283;1.00341796875;-0.099365234375;0.373779296875;0;2
14209;284;0.929443359375;-0.105712890625;0.35888671875;0;2
14253;285;1.011474609375;-0.107666015625;0.3525390625;0;2
14303;286;1.011474609375;-0.149658203125;0.404296875;0;2
14394;287;1.0029296875;-0.150634765625;0.355712890625;0;2
14436;288;1.00341796875;-0.126220703125;0.34814453125;0;2
14484;289;1.010498046875;-0.057373046875;0.348388671875;0;2
14530;290;1.009765625;-0.0537109375;0.35546875;0;2
14596;291;0.927734375;-0.129638671875;0.359130859375;0;2
14642;292;0.932861328125;-0.135009765625;0.36181640625;0;2
14683;293;1.006103515625;-0.095458984375;0.460205078125;0;2
14728;294;0.92919921875;-0.154296875;0.453125;0;2
14789;295;0.955078125;-0.1259765625;0.3740234375;0;2
14829;296;0.926513671875;-0.13916015625;0.452392578125;0;2
14874;297;1.006103515625;-0.148681640625;0.407958984375;0;2
14920;298;0.9697265625;-0.14697265625;0.358154296875;0;2
14986;299;0.933837890625;-0.15185546875;0.450439453125;0;2
91;1;-4.8125;6.0859375;-3.1171875;1;2
107;2;-3.0078125;4.1640625;-6.5859375;1;2
135;3;-3.0078125;4.1640625;-6.5859375;1;2
147;4;-3.0859375;1.578125;-4.609375;1;2
194;5;-6.9375;4.40625;-3.5234375;1;2
244;6;-7.4921875;6.375;-3.203125;1;2
296;7;-13.4921875;8.046875;-4.6640625;1;2
344;8;-20.6328125;12.328125;-3.5234375;1;2
391;9;-19.2265625;9.296875;-4.6875;1;2
440;10;-19.421875;8.8515625;-2.0859375;1;2
488;11;-19.4921875;1.15625;-6.0078125;1;2
537;12;-19.0625;5.203125;-12.5546875;1;2
586;13;-21.5078125;-0.234375;-12.7578125;1;2
685;14;-22.375;-4.625;-5.953125;1;2
732;15;-22.75;-0.2890625;-5.6796875;1;2
783;16;-23.2109375;-4.3046875;-14.8828125;1;2
830;17;-15.4921875;-1.34375;-11.75;1;2
880;18;-2.96875;3.6640625;-10.8671875;1;2
927;19;20.5078125;-12.2265625;5.8125;1;2
977;20;20.21875;-2.1015625;7.375;1;2
1026;21;-0.40625;-4.03125;-7.2265625;1;2
1073;22;-13.5078125;-9.71875;-15.6484375;1;2
1124;23;-13.9375;-18.4921875;-12.2109375;1;2
1173;24;-3.125;-29.9609375;-3.0078125;1;2
1221;25;1.9140625;-39.6328125;0.4140625;1;2
1269;26;1;-32.7109375;3.5703125;1;2
1317;27;5.09375;-30.4296875;1.484375;1;2
1366;28;4.453125;-31.703125;-0.0546875;1;2
1417;29;-8.2734375;8.4921875;-0.734375;1;2
1464;30;0.53125;21.4765625;2.640625;1;2
1512;31;25.875;10.921875;-4.8828125;1;2
1561;32;38.859375;1.1953125;-22.2421875;1;2
1611;33;21.875;3.7578125;-24.953125;1;2
1659;34;14.9375;14.6875;-4.8828125;1;2
1708;35;29.4921875;9.96875;24.71875;1;2
1756;36;48.03125;22.7578125;39.9609375;1;2
1804;37;40.7890625;22.2578125;29.734375;1;2
1853;38;30.328125;5.2890625;19.84375;1;2
1906;39;29.9765625;-4.546875;23.3828125;1;2
1951;40;33.4765625;-4.5;30.625;1;2
2002;41;42.4296875;-24.640625;28.8671875;1;2
2049;42;41.375;-23.125;42.6171875;1;2
2101;43;18.5703125;-10.59375;22.7265625;1;2
2147;44;27.9609375;12.15625;9.90625;1;2
2196;45;22.796875;8.0546875;-13.6015625;1;2
2244;46;39.9140625;-3.8046875;7.921875;1;2
2292;47;36.359375;64.0625;29.25;1;2
2341;48;32.75;46.0234375;-40.3515625;1;2
2391;49;29.8984375;9.578125;-41.625;1;2
2438;50;9.953125;-32.1640625;-12.125;1;2
2487;51;1.953125;21.2109375;-20.9296875;1;2
2535;52;5.3671875;1.546875;-23.1796875;1;2
2636;53;5.921875;-33.328125;-28.328125;1;2
2682;54;19.3125;-6.8203125;-14.796875;1;2
2731;55;27.8515625;14.15625;2.8671875;1;2
2780;56;35.2109375;13.1875;-3.9375;1;2
2828;57;33.5703125;31.4140625;14.609375;1;2
2877;58;46.5703125;18.1953125;10.796875;1;2
2927;59;53.6484375;27.4453125;6.453125;1;2
2975;60;20.4609375;76.6875;-19.328125;1;2
3028;61;41.1953125;37.125;56.0078125;1;2
3073;62;77.1875;-26.5625;96.1484375;1;2
3124;63;28.6953125;-17.5234375;20.7265625;1;2
3171;64;-31.8359375;10.796875;-14.09375;1;2
3220;65;-14.6015625;14;-11.1171875;1;2
3266;66;20.7578125;-5.546875;-5.25;1;2
3315;67;46.7890625;-3.5390625;6.4609375;1;2
3363;68;48.796875;-7.5390625;33.0390625;1;2
3413;69;42.359375;61.1953125;42.734375;1;2
3463;70;-0.78125;80.78125;-27.1796875;1;2
3512;71;10.421875;15.59375;-61.609375;1;2
3562;72;35.9765625;-69.1328125;22.9921875;1;2
3609;73;63.7578125;16.3046875;7.4453125;1;2
3657;74;88.8125;37.1953125;-10.25;1;2
3705;75;93.4375;-7.09375;39.578125;1;2
3755;76;74.734375;-27.7265625;48.8359375;1;2
3804;77;47.125;1.109375;2.25;1;2
3852;78;43.4765625;28.890625;-2.0703125;1;2
3902;79;97.609375;-10.3671875;75.3046875;1;2
3949;80;151.8125;66.6484375;47.859375;1;2
4000;81;117.90625;56.390625;25.15625;1;2
4047;82;138.078125;-20.875;99.6328125;1;2
4096;83;149;-8.6328125;95.484375;1;2
4146;84;95.3046875;28.59375;7.4375;1;2
4193;85;90.2734375;25.6875;-5.9609375;1;2
4246;86;107.4296875;35.84375;37.0703125;1;2
4293;87;152.421875;-47.2890625;62.890625;1;2
4343;88;127.3125;-38.8515625;60.21875;1;2
4389;89;51.625;71.1640625;-9.7109375;1;2
4440;90;2.6875;-9.7578125;-24.265625;1;2
4487;91;70.3125;-14.46875;12.8046875;1;2
4586;92;127.7578125;21.21875;18.0546875;1;2
4632;93;106.0703125;40.40625;56.1640625;1;2
4681;94;76.8125;7.96875;61.6015625;1;2
4729;95;102.859375;2.1171875;47.890625;1;2
4780;96;101.03125;18.2109375;26.859375;1;2
4827;97;66.3203125;-5.984375;-20.765625;1;2
4877;98;81.5703125;-17.1796875;-12.3046875;1;2
4924;99;114.2578125;35.5;35.9609375;1;2
4975;100;136.8984375;14.4921875;78.875;1;2
5023;101;110.671875;2.59375;54.8828125;1;2
5070;102;63.9765625;11.78125;33.375;1;2
5119;103;83.6875;14.140625;29.171875;1;2
5168;104;109.1875;3.1171875;32.8125;1;2
5218;105;121.34375;-5.6953125;32.921875;1;2
5273;106;106.4609375;29.0703125;34.5390625;1;2
5314;107;64.1875;49.0625;32.734375;1;2
5362;108;65.2109375;39.1875;3.4296875;1;2
5418;109;87.71875;23.1015625;22.03125;1;2
5468;110;95.1015625;24.859375;49.5546875;1;2
5516;111;104.8671875;-0.34375;7.6640625;1;2
5561;112;103.2890625;20.1484375;22.6875;1;2
5607;113;95.484375;10.8984375;51.703125;1;2
5656;114;99.4609375;-4.359375;40.6640625;1;2
5704;115;75.9609375;6.0234375;26.65625;1;2
5753;116;50.28125;11.0390625;20.7109375;1;2
5803;117;39.46875;1.2734375;10.4609375;1;2
5851;118;28.765625;-0.5546875;12.4453125;1;2
5899;119;23.515625;8.5859375;18.5;1;2
5950;120;28.4609375;4.328125;16.6953125;1;2
5998;121;14.7890625;3.28125;20.3671875;1;2
6046;122;8.8984375;-8.625;13.796875;1;2
6096;123;4.5703125;2.03125;16.0546875;1;2
6143;124;7.6171875;0.53125;18.6328125;1;2
6192;125;12.5;-7.21875;6.8828125;1;2
6240;126;2.5;1.265625;0.203125;1;2
6291;127;4.375;0.0390625;1.84375;1;2
6338;128;11.2421875;4.09375;10.515625;1;2
6387;129;10.7265625;5.5625;5.1640625;1;2
6438;130;-3.109375;-7.984375;-8.8671875;1;2
6535;131;-4.8203125;-10.484375;-8.46875;1;2
6582;132;6.5546875;6.296875;0.2734375;1;2
6631;133;5.0078125;10.53125;0.6875;1;2
6681;134;-4.453125;6.75;0.4765625;1;2
6728;135;0.25;-4.6015625;-2.296875;1;2
6777;136;-2.328125;-6.59375;-0.4921875;1;2
6829;137;-2.296875;-8.6328125;1.3125;1;2
6877;138;5.359375;-2.671875;2.796875;1;2
6923;139;6.8125;6.734375;-0.3515625;1;2
6974;140;0.5859375;-2.2890625;-0.9609375;1;2
7022;141;-2.3828125;-2.6640625;-0.9921875;1;2
7071;142;0.3203125;4.109375;0.15625;1;2
7128;143;0.484375;4.0625;2.546875;1;2
7169;144;-2.0078125;3.8671875;2.25;1;2
7218;145;-2.703125;2.203125;2.4296875;1;2
7264;146;-2.3203125;-0.6953125;-0.0234375;1;2
7315;147;2.1328125;-0.0078125;2.140625;1;2
7362;148;-0.2265625;2.8203125;-0.8984375;1;2
7411;149;0.0703125;4.2421875;0.6953125;1;2
7460;150;0.1328125;1.7578125;-0.8984375;1;2
7508;151;0.7734375;-0.6796875;-0.015625;1;2
7558;152;0.7890625;-0.6875;2.734375;1;2
7607;153;-3.2578125;1.9296875;0.1875;1;2
7656;154;-6.1015625;2.75;-1.09375;1;2
7703;155;-1.7890625;0.2734375;-1.0078125;1;2
7752;156;-3.375;-4.5390625;0.3125;1;2
7800;157;-4.78125;-6.3046875;0.890625;1;2
7851;158;-3.4765625;-4.0234375;0.4296875;1;2
7901;159;-6.515625;0.6796875;-1.7421875;1;2
7949;160;-6.1640625;-0.6796875;-4.6875;1;2
7998;161;-6.03125;-4.609375;-4.265625;1;2
8046;162;-8.296875;-5.25;-1.828125;1;2
8095;163;-5.0234375;-7.953125;-1;1;2
8148;164;-8.65625;-8.84375;-2.03125;1;2
8194;165;-7.3828125;-7.0703125;0.2734375;1;2
8244;166;-8.875;-5.6640625;-2.3046875;1;2
8289;167;-9.8515625;-8.4609375;-2.3046875;1;2
8337;168;-11.15625;-6.359375;-1.7734375;1;2
8388;169;-11.515625;-3.96875;-4.421875;1;2
8435;170;-12.0234375;-3.84375;-4.7421875;1;2
8533;171;-14.4140625;0.7109375;-6.984375;1;2
8581;172;-12.9765625;-2.2890625;-6.03125;1;2
8629;173;-10.75;0.7109375;-4.078125;1;2
8679;174;-8.5546875;-1.453125;-2.9296875;1;2
8727;175;-6.1328125;-1.453125;-2.9140625;1;2
8776;176;-1.6484375;-6.1875;0.28125;1;2
8826;177;-3.0546875;0.328125;-2.6796875;1;2
8875;178;-6.6015625;2.734375;-3.2578125;1;2
8926;179;-4.5703125;2.2265625;-4.2578125;1;2
8972;180;-2.953125;2.34375;-2.875;1;2
9023;181;-1.0703125;1.7421875;-2.1953125;1;2
9071;182;0.2421875;1.4296875;0.484375;1;2
9120;183;1.5625;1.65625;2.0625;1;2
9167;184;3.5390625;2.8828125;1.21875;1;2
9216;185;8.453125;3.4453125;4.0859375;1;2
9263;186;7.5703125;3.703125;4.390625;1;2
9311;187;5.1484375;5.5625;2.0859375;1;2
9361;188;3.5546875;6.8671875;-0.6171875;1;2
9410;189;1.1875;1.6484375;2.21875;1;2
9461;190;-0.25;1.5;-0.1953125;1;2
9507;191;-0.3984375;3.7890625;0.625;1;2
9556;192;3.5703125;3.5;2.0234375;1;2
9606;193;6.4609375;2.40625;2.9140625;1;2
9655;194;1.7421875;-0.109375;-0.8671875;1;2
9702;195;2.328125;1.125;0.5;1;2
9751;196;2.5546875;1.2265625;0.2578125;1;2
9800;197;0.046875;2.453125;0.40625;1;2
9850;198;-1.53125;-0.3203125;0.8359375;1;2
9899;199;-4.7421875;0.5390625;0.9921875;1;2
9946;200;-4.9765625;0.796875;0.4765625;1;2
9995;201;-4.1640625;2.2265625;0.1796875;1;2
10043;202;-4.046875;-0.8125;-0.7421875;1;2
10094;203;-2.6328125;-0.8359375;-0.4453125;1;2
10140;204;-2.59375;0.359375;0.78125;1;2
10191;205;-1.5234375;-2.9765625;-0.9921875;1;2
10239;206;-2.53125;-1.3125;2.7578125;1;2
10288;207;2.359375;-1.1796875;4.3671875;1;2
10338;208;2.6953125;0.4453125;1.3203125;1;2
10384;209;4.5;0.4140625;1.296875;1;2
10484;210;4.6484375;-0.828125;2.625;1;2
10531;211;1.09375;1.4453125;-0.9140625;1;2
10579;212;1.09375;-0.1171875;2.59375;1;2
10630;213;-2.109375;-1.5234375;2.78125;1;2
10677;214;-1.515625;-0.8203125;2.046875;1;2
10726;215;0.421875;-2.1875;2.6484375;1;2
10775;216;-2;-2.6953125;2.03125;1;2
10824;217;-3.1171875;0.21875;-0.890625;1;2
10873;218;-4.53125;0.5390625;0.6875;1;2
10922;219;0.1171875;2.2265625;2.1328125;1;2
10970;220;-0.71875;2.8359375;2.140625;1;2
11022;221;0.75;1.25;-0.578125;1;2
11068;222;1.640625;-0.2578125;2.828125;1;2
11116;223;2.6953125;2.21875;2.546875;1;2
11166;224;-0.4921875;-0.234375;2.359375;1;2
11214;225;-0.4140625;2.2890625;2.7578125;1;2
11261;226;-0.6796875;2.7734375;-0.3203125;1;2
11311;227;-2.59375;2.46875;0.890625;1;2
11359;228;-2.8203125;-0.4765625;0.34375;1;2
11410;229;-2.7421875;-0.2890625;0.109375;1;2
11458;230;-1.78125;-0.265625;-2.234375;1;2
11507;231;-1.75;2.0234375;0.03125;1;2
11555;232;-1.4140625;-0.421875;0.203125;1;2
11606;233;-1.1484375;-0.78125;0.125;1;2
11655;234;-1.578125;0.3984375;0.46875;1;2
11703;235;-1.0859375;0.3046875;0.4765625;1;2
11750;236;-2.6171875;-2.46875;-0.84375;1;2
11798;237;-2.375;-4.34375;-0.96875;1;2
11849;238;-1.546875;-1.6640625;0.8359375;1;2
11901;239;-1.640625;-2.8046875;0.8125;1;2
11947;240;-1.8828125;-1.9609375;0.296875;1;2
11995;241;-4.2578125;-1.7734375;0.015625;1;2
12045;242;-4.125;-1.9921875;-2.1015625;1;2
12091;243;-4.9140625;-1.6328125;-2.3671875;1;2
12143;244;-1.7265625;0.125;0.1328125;1;2
12190;245;0.6484375;-1.390625;-0.6875;1;2
12241;246;0.53125;-1.375;0.6875;1;2
12293;247;0.8046875;-1.1171875;0.953125;1;2
12338;248;-0.3359375;-1.5078125;-0.703125;1;2
12434;249;-0.3203125;0.1328125;-0.890625;1;2
12482;250;-0.34375;-0.8125;-0.6171875;1;2
12557;251;-0.0703125;-0.625;2.03125;1;2
12605;252;-0.984375;2.109375;2.375;1;2
12645;253;0.2734375;2.734375;-0.9921875;1;2
12686;254;-2.515625;-0.0859375;0.765625;1;2
12736;255;-1.75;2.65625;0.4921875;1;2
12777;256;-1.1484375;2.7109375;0.21875;1;2
12843;257;-1.859375;-0.09375;0.484375;1;2
12889;258;-4.0234375;2.515625;-2.0859375;1;2
12929;259;-1.3125;-0.203125;0.3203125;1;2
12975;260;-1.5546875;2.1796875;0.4921875;1;2
13035;261;-2.328125;-0.1640625;-0.9375;1;2
13081;262;-2.6015625;2.53125;0.5078125;1;2
13126;263;-2.375;-0.3515625;0.1953125;1;2
13171;264;0.03125;-0.171875;0.671875;1;2
13216;265;-2.3984375;2.0234375;0.3515625;1;2
13278;266;-2.6875;-0.6171875;0.6640625;1;2
13328;267;-1.234375;-0.171875;0.109375;1;2
13377;268;-1.390625;-0.453125;0.09375;1;2
13419;269;-1.3203125;-0.3828125;0.21875;1;2
13460;270;-1.9921875;-0.1796875;-2.1953125;1;2
13522;271;-2.9609375;-0.671875;0.4609375;1;2
13562;272;-1.8671875;-0.6171875;0.359375;1;2
13606;273;-1.2890625;0.6953125;0.1953125;1;2
13652;274;-2.671875;0.921875;0.2734375;1;2
13713;275;-2.25;-0.8125;-0.984375;1;2
13759;276;0.0625;-0.96875;0.5625;1;2
13799;277;-2.609375;0.5078125;0.9140625;1;2
13866;278;-2.09375;-0.859375;0.671875;1;2
13912;279;0.84375;0.59375;-0.953125;1;2
13956;280;2.2265625;-0.1015625;-0.0390625;1;2
14001;281;1.3515625;1.65625;2.328125;1;2
14046;282;1.90625;4.140625;1.296875;1;2
14092;283;3.0234375;3.9609375;1.140625;1;2
14157;284;0.4296875;4.390625;-2.1171875;1;2
14210;285;-1.2890625;0.7265625;-2.7421875;1;2
14254;286;-4.046875;-2.34375;0.53125;1;2
14304;287;-8.3515625;2.625;-1.5078125;1;2
14396;288;-10.0703125;2.65625;-4.4296875;1;2
14437;289;-8.578125;1.6328125;-1.921875;1;2
14486;290;-6.703125;2.8046875;-1.9375;1;2
14531;291;-5.859375;6.8515625;-4.4609375;1;2
14597;292;-5.046875;3.5390625;-4.9765625;1;2
14643;293;-6.484375;3.3671875;-1.7109375;1;2
14684;294;-3.8671875;6.625;-4.1328125;1;2
14729;295;-8.734375;10.0703125;-4.4375;1;2
14789;296;-3.5234375;2.6328125;0.6015625;1;2
14830;297;0.6328125;-4.1015625;-0.46875;1;2
14875;298;3.40625;-2.2578125;0.9609375;1;2
14921;299;1.6640625;3.671875;-4.6796875;1;2
14987;300;-1.1796875;9.0078125;-4.21875;1;2
92;1;-117.5;-14.5;73;2;2
108;2;-117;-12.16666698455811;73.5;2;2
136;3;-117;-12.16666698455811;73.5;2;2
148;4;-114.3333358764648;-11.3333330154419;73.83333587646484;2;2
195;5;-115.3333358764648;-12.8333330154419;73.33333587646484;2;2
246;6;-115.3333358764648;-12.8333330154419;72.16666412353516;2;2
297;7;-115;-11.8333330154419;73.5;2;2
345;8;-115.5;-11.8333330154419;73;2;2
392;9;-115;-11;73.83333587646484;2;2
442;10;-116.1666641235352;-10.16666698455811;76.16666412353516;2;2
489;11;-114.6666641235352;-12.5;74.66666412353516;2;2
538;12;-115.5;-12.5;76.5;2;2
587;13;-115.3333358764648;-12;75.5;2;2
686;14;-116.5;-12;76.66666412353516;2;2
733;15;-114;-10.8333330154419;76.33333587646484;2;2
784;16;-113.8333358764648;-9.833333015441895;75.33333587646484;2;2
831;17;-114;-10.3333330154419;77.16666412353516;2;2
881;18;-112.6666641235352;-11.3333330154419;77.66666412353516;2;2
928;19;-112;-12.3333330154419;79.33333587646484;2;2
978;20;-113.5;-10.5;77.66666412353516;2;2
1027;21;-111.8333358764648;-10.5;77.66666412353516;2;2
1074;22;-114.5;-9.5;76.33333587646484;2;2
1126;23;-112;-11.16666698455811;77.5;2;2
1174;24;-112.3333358764648;-11.3333330154419;79.66666412353516;2;2
1223;25;-111.6666641235352;-10;81.33333587646484;2;2
1270;26;-111;-9.833333015441895;80;2;2
1318;27;-111.6666641235352;-10;81.66666412353516;2;2
1367;28;-111.3333358764648;-10.8333330154419;82.83333587646484;2;2
1418;29;-112.8333358764648;-10.8333330154419;84.33333587646484;2;2
1467;30;-111.6666641235352;-10.8333330154419;84.33333587646484;2;2
1513;31;-112.6666641235352;-9.833333015441895;82.33333587646484;2;2
1562;32;-112.8333358764648;-11.5;83.16666412353516;2;2
1612;33;-112.5;-10;80.5;2;2
1660;34;-110.8333358764648;-9.5;80.5;2;2
1709;35;-110.6666641235352;-9.333333015441895;78.5;2;2
1757;36;-113;-10.5;78.83333587646484;2;2
1805;37;-113.6666641235352;-10;77.16666412353516;2;2
1854;38;-115.5;-10.5;74.66666412353516;2;2
1907;39;-117.8333358764648;-12.5;72.66666412353516;2;2
1952;40;-116.6666641235352;-10.5;70.83333587646484;2;2
2003;41;-116.5;-12;71;2;2
2051;42;-117.6666641235352;-12.3333330154419;67.83333587646484;2;2
2103;43;-120.8333358764648;-13.16666698455811;68.33333587646484;2;2
2149;44;-120.6666641235352;-14.16666698455811;66.5;2;2
2197;45;-120.3333358764648;-14.3333330154419;64.83333587646484;2;2
2246;46;-118.1666641235352;-13.3333330154419;106.1666641235352;2;2
2293;47;-120.6666641235352;-13.3333330154419;105.6666641235352;2;2
2342;48;-119.6666641235352;-14.3333330154419;103.1666641235352;2;2
2393;49;-120.1666641235352;-14.16666698455811;100.6666641235352;2;2
2439;50;-118;-12;99;2;2
2488;51;-117.8333358764648;-11.3333330154419;99.66666412353516;2;2
2536;52;-117;-13.8333330154419;99.16666412353516;2;2
2637;53;-117.5;-10.5;98.83333587646484;2;2
2683;54;-116.8333358764648;-11.5;100.1666641235352;2;2
2732;55;-115.3333358764648;-10.8333330154419;99;2;2
2781;56;-115.5;-11.3333330154419;97.66666412353516;2;2
2829;57;-116.6666641235352;-11.8333330154419;96.83333587646484;2;2
2878;58;-117.6666641235352;-12.8333330154419;96;2;2
2929;59;-117.5;-11;93.5;2;2
2976;60;-117;-11.8333330154419;91.5;2;2
3030;61;-115.6666641235352;-13.16666698455811;89;2;2
3074;62;-114;-13.5;87.83333587646484;2;2
3126;63;-114.6666641235352;-13.8333330154419;42;2;2
3172;64;-113.5;-15;42.33333206176758;2;2
3235;65;-116.5;-15.16666698455811;40.66666793823242;2;2
3267;66;-116.6666641235352;-14.16666698455811;40.83333206176758;2;2
3316;67;-116.5;-13.16666698455811;41.33333206176758;2;2
3364;68;-114.5;-14;39.5;2;2
3414;69;-114.6666641235352;-14.5;39.33333206176758;2;2
3464;70;-114;-16.33333396911621;37.83333206176758;2;2
3514;71;-114;-16.33333396911621;35.16666793823242;2;2
3563;72;-113.5;-16.5;33.83333206176758;2;2
3610;73;-112.3333358764648;-16.16666603088379;37;2;2
3658;74;-109.8333358764648;-14.16666698455811;37;2;2
3707;75;-106.8333358764648;-16.83333396911621;36;2;2
3756;76;-145.8333282470703;-17;35.83333206176758;2;2
3805;77;-145.3333282470703;-16.5;37.66666793823242;2;2
3853;78;-143.8333282470703;-16.5;37.66666793823242;2;2
3903;79;-143.5;-17.83333396911621;39.33333206176758;2;2
3950;80;-139.6666717529297;-18.33333396911621;40.16666793823242;2;2
4002;81;-135.1666717529297;-19;40.83333206176758;2;2
4048;82;-132.5;-18;85.5;2;2
4097;83;-128.5;-19.16666603088379;88.66666412353516;2;2
4148;84;-80.66666412353516;-16.83333396911621;93.66666412353516;2;2
4195;85;-80.5;-15.8333330154419;97.66666412353516;2;2
4248;86;-75.33333587646484;-18.16666603088379;100.6666641235352;2;2
4295;87;-72.33333587646484;-18.33333396911621;103.6666641235352;2;2
4344;88;-69.83333587646484;-16.16666603088379;69.16666412353516;2;2
4391;89;-67;-14.5;76.5;2;2
4442;90;-67;-16.5;78;2;2
4488;91;-66.16666412353516;-15.3333330154419;79.66666412353516;2;2
4587;92;-65.33333587646484;-15.8333330154419;81.83333587646484;2;2
4633;93;-104.3333358764648;-14.3333330154419;129.3333282470703;2;2
4682;94;-102.8333358764648;-15.3333330154419;133.3333282470703;2;2
4730;95;-103.3333358764648;-12.16666698455811;135.3333282470703;2;2
4782;96;-103.8333358764648;-12.3333330154419;137.8333282470703;2;2
4828;97;-102.5;-11;143.3333282470703;2;2
4879;98;-102;-11.16666698455811;145.1666717529297;2;2
4925;99;-101.5;-11.5;149;2;2
4976;100;-100.1666641235352;-11.8333330154419;110;2;2
5025;101;-102.5;-10.5;113.8333358764648;2;2
5071;102;-105.1666641235352;-9.166666984558106;117;2;2
5121;103;-105.6666641235352;-7.333333492279053;118.3333358764648;2;2
5169;104;-106.6666641235352;-7.166666507720947;118.5;2;2
5219;105;-65.66666412353516;-6;119;2;2
5275;106;-68;-6.333333492279053;122.5;2;2
5315;107;-69.33333587646484;-6.5;122.6666641235352;2;2
5363;108;-71.83333587646484;-5;121;2;2
5420;109;-72;-3.5;119.6666641235352;2;2
5471;110;-73;-4.166666507720947;120;2;2
5518;111;-76.16666412353516;-3.333333253860474;116.5;2;2
5562;112;-77.66666412353516;-5.333333492279053;118.8333358764648;2;2
5608;113;-81.16666412353516;-2.833333253860474;116.6666641235352;2;2
5657;114;-83.16666412353516;-4;115.5;2;2
5705;115;-129.1666717529297;-3.333333253860474;115.3333358764648;2;2
5754;116;-130.6666717529297;-5;112.1666641235352;2;2
5804;117;-132.3333282470703;-2.5;111.8333358764648;2;2
5852;118;-135.1666717529297;-6.166666507720947;113;2;2
5900;119;-135.5;-2.166666746139526;108.3333358764648;2;2
5952;120;-135.6666717529297;-2.833333253860474;110.1666641235352;2;2
5999;121;-137.5;-4.166666507720947;107.6666641235352;2;2
6047;122;-136.6666717529297;-3.333333253860474;149.1666717529297;2;2
6097;123;-138.6666717529297;-4.5;106.8333358764648;2;2
6143;124;-139.5;-4.166666507720947;107.1666641235352;2;2
6193;125;-140.5;-4;107;2;2
6241;126;-140;-4;148.1666717529297;2;2
6293;127;-139.5;-5.333333492279053;148.8333282470703;2;2
6340;128;-141.1666717529297;-2.333333253860474;107;2;2
6388;129;-141;-2.166666746139526;146.8333282470703;2;2
6439;130;-141.6666717529297;-4;147;2;2
6536;131;-141.5;-4.166666507720947;146;2;2
6583;132;-140.8333282470703;-5.166666507720947;148.5;2;2
6632;133;-141.8333282470703;-4.5;149.1666717529297;2;2
6682;134;-140.1666717529297;-5.333333492279053;148;2;2
6729;135;-141.6666717529297;-5.5;146.3333282470703;2;2
6778;136;-141.8333282470703;-4.166666507720947;147.1666717529297;2;2
6830;137;-141.5;-3.833333253860474;148.8333282470703;2;2
6878;138;-140.6666717529297;-4.5;146.8333282470703;2;2
6924;139;-142.8333282470703;-5.5;147.5;2;2
6976;140;-141.5;-5;147.1666717529297;2;2
7023;141;-142.1666717529297;-4.166666507720947;148.3333282470703;2;2
7073;142;-141.5;-3.333333253860474;147.1666717529297;2;2
7131;143;-143.5;-5;146.8333282470703;2;2
7171;144;-140;-4;147.5;2;2
7219;145;-142.1666717529297;-4.5;146.8333282470703;2;2
7266;146;-141.5;-4.5;147.1666717529297;2;2
7316;147;-141.8333282470703;-5.333333492279053;148.8333282470703;2;2
7363;148;-141.5;-3.333333253860474;146.5;2;2
7412;149;-143;-5.333333492279053;145.6666717529297;2;2
7461;150;-141.1666717529297;-4;145.5;2;2
7509;151;-140;-4.833333492279053;145.1666717529297;2;2
7560;152;-142.8333282470703;-3.166666746139526;145.8333282470703;2;2
7608;153;-141;-3;146.5;2;2
7657;154;-141.5;-3.833333253860474;147.1666717529297;2;2
7704;155;-142.8333282470703;-5.166666507720947;145.1666717529297;2;2
7753;156;-143;-4.5;144.1666717529297;2;2
7801;157;-140.6666717529297;-5;147.1666717529297;2;2
7852;158;-142.8333282470703;-5.166666507720947;147.8333282470703;2;2
7903;159;-141.5;-4.5;146.5;2;2
7951;160;-142.6666717529297;-3.833333253860474;148;2;2
7999;161;-141.8333282470703;-3.833333253860474;146.8333282470703;2;2
8047;162;-141.6666717529297;-2.833333253860474;147.8333282470703;2;2
8097;163;-141.1666717529297;-3.5;146.6666717529297;2;2
8150;164;-140.5;-5.166666507720947;145.1666717529297;2;2
8196;165;-141;-6.166666507720947;148.3333282470703;2;2
8246;166;-141.5;-4.166666507720947;149.1666717529297;2;2
8290;167;-139.5;-4.166666507720947;106.8333358764648;2;2
8339;168;-139.6666717529297;-4.833333492279053;106.6666641235352;2;2
8389;169;-141.5;-6.166666507720947;108;2;2
8436;170;-139.8333282470703;-6.166666507720947;148.3333282470703;2;2
8535;171;-142.8333282470703;-6;108.6666641235352;2;2
8582;172;-139.6666717529297;-5.166666507720947;109;2;2
8630;173;-139.3333282470703;-5.166666507720947;109;2;2
8680;174;-137.8333282470703;-3.333333253860474;109.5;2;2
8728;175;-136;-4;109.6666641235352;2;2
8777;176;-139.8333282470703;-5;111.8333358764648;2;2
8827;177;-137.3333282470703;-4.333333492279053;109.3333358764648;2;2
8877;178;-138.8333282470703;-5.5;110.5;2;2
8928;179;-137.8333282470703;-5;110;2;2
8973;180;-138.3333282470703;-4.5;109.5;2;2
9024;181;-138.5;-5.5;111.3333358764648;2;2
9073;182;-138.3333282470703;-4.166666507720947;110.3333358764648;2;2
9122;183;-136.5;-5.5;108.6666641235352;2;2
9169;184;-138.5;-5.5;108.1666641235352;2;2
9221;185;-137.8333282470703;-5;108.3333358764648;2;2
9264;186;-139;-3.333333253860474;109.5;2;2
9312;187;-138.5;-4.333333492279053;107.5;2;2
9362;188;-139.3333282470703;-2.833333253860474;108.6666641235352;2;2
9411;189;-138.3333282470703;-5.333333492279053;106.8333358764648;2;2
9462;190;-139.3333282470703;-5.166666507720947;108.6666641235352;2;2
9508;191;-140;-3.166666746139526;107.5;2;2
9557;192;-139.3333282470703;-5.166666507720947;107;2;2
9608;193;-141.5;-6.166666507720947;107.6666641235352;2;2
9656;194;-139.5;-5.333333492279053;106.8333358764648;2;2
9703;195;-139;-3.833333253860474;106.8333358764648;2;2
9751;196;-138.5;-5.166666507720947;108.1666641235352;2;2
9801;197;-140;-4.833333492279053;148.5;2;2
9852;198;-139.6666717529297;-4.833333492279053;149;2;2
9900;199;-139.5;-3.833333253860474;106.8333358764648;2;2
9948;200;-139.5;-5;148.8333282470703;2;2
9996;201;-139.6666717529297;-4;148.5;2;2
10044;202;-138.8333282470703;-3.5;149;2;2
10095;203;-141.5;-4.5;149.1666717529297;2;2
10141;204;-140.1666717529297;-4.166666507720947;108.8333358764648;2;2
10193;205;-140;-3.166666746139526;147.8333282470703;2;2
10240;206;-139.6666717529297;-4.333333492279053;106.6666641235352;2;2
10289;207;-139;-3;106.8333358764648;2;2
10340;208;-141.1666717529297;-4.333333492279053;148.1666717529297;2;2
10385;209;-141.1666717529297;-4.333333492279053;148.1666717529297;2;2
10485;210;-140.5;-4;149;2;2
10532;211;-140.1666717529297;-3;148.3333282470703;2;2
10580;212;-140.1666717529297;-3.833333253860474;108;2;2
10632;213;-141;-3.833333253860474;107.1666641235352;2;2
10678;214;-140.6666717529297;-3.333333253860474;148.8333282470703;2;2
10727;215;-140.5;-4.333333492279053;149;2;2
10776;216;-141;-4.166666507720947;148.8333282470703;2;2
10825;217;-140.5;-5.166666507720947;107;2;2
10875;218;-140.8333282470703;-4;148.5;2;2
10923;219;-141.8333282470703;-3.333333253860474;148.8333282470703;2;2
10972;220;-140.5;-5.166666507720947;106.6666641235352;2;2
11023;221;-142.1666717529297;-5.833333492279053;147.1666717529297;2;2
11069;222;-139.5;-5.833333492279053;148.8333282470703;2;2
11118;223;-142;-4.833333492279053;148.1666717529297;2;2
11167;224;-141.5;-5.333333492279053;148;2;2
11215;225;-141.5;-5;148.8333282470703;2;2
11262;226;-141.1666717529297;-4.333333492279053;147.5;2;2
11312;227;-143;-5;146.5;2;2
11360;228;-140.1666717529297;-3.333333253860474;148.3333282470703;2;2
11412;229;-140.8333282470703;-4;148.5;2;2
11459;230;-142.1666717529297;-6.166666507720947;146;2;2
11508;231;-141.1666717529297;-4.333333492279053;147;2;2
11555;232;-142.1666717529297;-4.5;147.1666717529297;2;2
11607;233;-140.5;-4.833333492279053;148.1666717529297;2;2
11657;234;-141;-4.5;148.3333282470703;2;2
11705;235;-142.5;-6;147.5;2;2
11751;236;-142.8333282470703;-5.166666507720947;147;2;2
11799;237;-139.8333282470703;-3.833333253860474;148.3333282470703;2;2
11851;238;-143.1666717529297;-5.5;147;2;2
11902;239;-141.1666717529297;-4.333333492279053;148.5;2;2
11949;240;-141;-2.166666746139526;147.6666717529297;2;2
11997;241;-143.1666717529297;-6;147.8333282470703;2;2
12046;242;-142.8333282470703;-4.833333492279053;148.1666717529297;2;2
12092;243;-142;-3.166666746139526;147;2;2
12145;244;-141.1666717529297;-5.5;106.6666641235352;2;2
12192;245;-141.1666717529297;-3.5;148.5;2;2
12242;246;-141.1666717529297;-4;106.6666641235352;2;2
12296;247;-141.1666717529297;-5.5;149;2;2
12340;248;-140.8333282470703;-4.833333492279053;147;2;2
12435;249;-140.5;-4;106.6666641235352;2;2
12484;250;-141;-4.166666507720947;148;2;2
12558;251;-142;-4;106.6666641235352;2;2
12606;252;-141.1666717529297;-3.5;147.8333282470703;2;2
12646;253;-140;-6;148.5;2;2
12688;254;-142;-5.166666507720947;149;2;2
12737;255;-140.5;-5.5;148.1666717529297;2;2
12778;256;-141.8333282470703;-5.333333492279053;147.6666717529297;2;2
12844;257;-141.8333282470703;-4.5;148;2;2
12890;258;-142.8333282470703;-4.833333492279053;149;2;2
12930;259;-142.8333282470703;-4;147.8333282470703;2;2
12976;260;-143.6666717529297;-4;148.1666717529297;2;2
13036;261;-143;-4.5;147.6666717529297;2;2
13082;262;-141;-4.166666507720947;146.8333282470703;2;2
13127;263;-141;-4.5;149.1666717529297;2;2
13172;264;-140.6666717529297;-3.833333253860474;147.6666717529297;2;2
13217;265;-142.8333282470703;-4;145.8333282470703;2;2
13279;266;-141.8333282470703;-5;148.3333282470703;2;2
13329;267;-142.1666717529297;-4.166666507720947;147.6666717529297;2;2
13378;268;-140.8333282470703;-5.166666507720947;147;2;2
13420;269;-140.5;-6;107;2;2
13460;270;-141.1666717529297;-4.833333492279053;147;2;2
13523;271;-141.8333282470703;-3.833333253860474;146.8333282470703;2;2
13563;272;-141;-4.5;148.3333282470703;2;2
13607;273;-142.5;-6;147;2;2
13653;274;-142.6666717529297;-5;148.3333282470703;2;2
13714;275;-141.8333282470703;-4.166666507720947;148;2;2
13759;276;-140.5;-4;147;2;2
13800;277;-140.5;-4;148.1666717529297;2;2
13867;278;-141.5;-5;146.8333282470703;2;2
13913;279;-141.6666717529297;-6;148.1666717529297;2;2
13957;280;-142.8333282470703;-4.333333492279053;147;2;2
14001;281;-141.8333282470703;-4.166666507720947;148;2;2
14047;282;-141.6666717529297;-4;147.5;2;2
14093;283;-143;-3.333333253860474;148.8333282470703;2;2
14157;284;-141;-4.166666507720947;146.5;2;2
14211;285;-142;-5.166666507720947;148.1666717529297;2;2
14256;286;-142.8333282470703;-5.166666507720947;147;2;2
14305;287;-142.8333282470703;-3.5;146.6666717529297;2;2
14397;288;-143;-5;146.8333282470703;2;2
14438;289;-142.1666717529297;-6.166666507720947;147.6666717529297;2;2
14487;290;-142;-5.166666507720947;147.8333282470703;2;2
14532;291;-141.5;-7;148.3333282470703;2;2
14598;292;-140.8333282470703;-3.5;147.8333282470703;2;2
14644;293;-142.5;-4.833333492279053;147.5;2;2
14685;294;-141.6666717529297;-4;146.6666717529297;2;2
14730;295;-141.8333282470703;-3;148;2;2
14790;296;-140.5;-3.5;148.1666717529297;2;2
14831;297;-139;-3.833333253860474;147.1666717529297;2;2
14876;298;-141.8333282470703;-2.5;147.1666717529297;2;2
14922;299;-138.6666717529297;-3.833333253860474;146.5;2;2
14987;300;-141.8333282470703;-3.333333253860474;147.6666717529297;2;2
6;0;0.9697265625;0.16064453125;-0.07421875;0;3
115;1;1.0244140625;0.200439453125;0.005859375;0;3
120;2;1.0244140625;0.200439453125;0.005859375;0;3
158;3;1.00830078125;0.19384765625;-0.033447265625;0;3
161;4;1.00830078125;0.19384765625;-0.033447265625;0;3
254;5;1.01416015625;0.20703125;-0.045654296875;0;3
353;6;1.027099609375;0.15673828125;-0.08251953125;0;3
357;7;1.027099609375;0.15673828125;-0.08251953125;0;3
400;8;0.96923828125;0.214599609375;-0.064208984375;0;3
449;9;1.0234375;0.214599609375;0.02490234375;0;3
499;10;0.998779296875;0.166259765625;-0.015869140625;0;3
547;11;0.992431640625;0.159423828125;-0.0283203125;0;3
596;12;1.02294921875;0.173828125;0.022705078125;0;3
643;13;1.001220703125;0.254150390625;0.00830078125;0;3
698;14;1.025390625;0.275146484375;0.023681640625;0;3
741;15;1.055419921875;0.289794921875;0.0009765625;0;3
791;16;0.9072265625;0.848876953125;-0.210693359375;0;3
843;17;1.12939453125;0.82080078125;-0.12548828125;0;3
889;18;1.1796875;1.282958984375;-0.103515625;0;3
936;19;1.239501953125;1.274169921875;-0.04931640625;0;3
985;20;1.1884765625;1.002685546875;0.072021484375;0;3
1033;21;0.94775390625;0.760498046875;0.09912109375;0;3
1082;22;0.704345703125;0.534912109375;0.2119140625;0;3
1133;23;0.322998046875;0.23193359375;0.05615234375;0;3
1181;24;0.23291015625;0.035400390625;-0.25341796875;0;3
1231;25;0.462158203125;-0.08935546875;-0.1923828125;0;3
1278;26;0.676513671875;0.224853515625;-0.0390625;0;3
1329;27;0.81689453125;0.567626953125;-0.45068359375;0;3
1374;28;0.7158203125;0.277587890625;-0.498779296875;0;3
1426;29;0.592529296875;0.367919921875;-0.36181640625;0;3
1474;30;0.712646484375;0.022705078125;-0.0556640625;0;3
1521;31;0.382568359375;1.546875;-0.369384765625;0;3
1570;32;0.5107421875;0.450927734375;-0.83056640625;0;3
1619;33;0.359375;0.6611328125;-0.66259765625;0;3
1668;34;0.384033203125;0.731689453125;-0.607177734375;0;3
1716;35;0.45751953125;0.762451171875;-0.708984375;0;3
1765;36;0.2197265625;0.768798828125;-0.712890625;0;3
1813;37;0.276123046875;0.86279296875;-0.75927734375;0;3
1863;38;0.28662109375;0.72705078125;-0.769287109375;0;3
1914;39;0.343505859375;0.7685546875;-0.615966796875;0;3
2011;40;0.34619140625;0.75341796875;-0.568603515625;0;3
2018;41;0.34619140625;0.75341796875;-0.568603515625;0;3
2113;42;0.4111328125;0.70068359375;-0.4775390625;0;3
2121;43;0.4111328125;0.70068359375;-0.4775390625;0;3
2204;44;0.580810546875;0.835693359375;-0.525634765625;0;3
2210;45;0.580810546875;0.835693359375;-0.525634765625;0;3
2301;46;0.615234375;0.81787109375;-0.51220703125;0;3
2350;47;0.54833984375;0.78271484375;-0.464111328125;0;3
2401;48;0.422607421875;0.750244140625;-0.16845703125;0;3
2447;49;0.458984375;0.76416015625;-0.239013671875;0;3
2496;50;0.469970703125;0.64013671875;-0.326416015625;0;3
2545;51;0.534912109375;0.8134765625;-0.343994140625;0;3
2594;52;0.50439453125;0.666259765625;-0.38720703125;0;3
2645;53;0.30224609375;0.640625;-0.16552734375;0;3
2691;54;0.526123046875;0.546875;-0.56982421875;0;3
2740;55;0.47412109375;0.91455078125;-0.540771484375;0;3
2789;56;0.431396484375;0.76171875;-0.70849609375;0;3
2837;57;0.44091796875;0.718505859375;-0.639404296875;0;3
2885;58;0.45654296875;0.690673828125;-0.543212890625;0;3
2937;59;0.32666015625;0.7978515625;-0.7666015625;0;3
2984;60;0.456787109375;0.265625;-0.546142578125;0;3
3040;61;0.501708984375;0.454833984375;-0.614013671875;0;3
3082;62;0.524658203125;0.480712890625;-0.68310546875;0;3
3134;63;0.512451171875;0.501220703125;-0.59423828125;0;3
3179;64;0.44384765625;0.55029296875;-0.664306640625;0;3
3246;65;0.4140625;0.539794921875;-0.64794921875;0;3
3275;66;0.569091796875;0.52978515625;-0.663818359375;0;3
3325;67;0.411865234375;0.434814453125;-0.5380859375;0;3
3373;68;0.5634765625;0.6865234375;-0.58740234375;0;3
3425;69;0.471923828125;0.6689453125;-0.7001953125;0;3
3472;70;0.446533203125;0.24072265625;-0.6103515625;0;3
3527;71;0.52685546875;0.372802734375;-0.749267578125;0;3
3569;72;0.5361328125;0.70654296875;-0.733154296875;0;3
3618;73;0.365966796875;0.456787109375;-0.634033203125;0;3
3666;74;0.530029296875;0.3837890625;-0.616455078125;0;3
3714;75;0.474365234375;0.383056640625;-0.6494140625;0;3
3764;76;0.51904296875;0.37353515625;-0.61572265625;0;3
3813;77;0.50146484375;0.5146484375;-0.742919921875;0;3
3861;78;0.434326171875;0.53759765625;-0.71923828125;0;3
3910;79;0.648681640625;0.685546875;-0.514892578125;0;3
4009;80;0.496826171875;0.21142578125;-0.892333984375;0;3
4014;81;0.496826171875;0.21142578125;-0.892333984375;0;3
4106;82;0.350830078125;0.338134765625;-0.673828125;0;3
4112;83;0.3759765625;0.460205078125;-0.795654296875;0;3
4203;84;0.27490234375;0.287109375;-0.821044921875;0;3
4257;85;0.22900390625;0.32666015625;-0.73291015625;0;3
4302;86;0.28466796875;0.388427734375;-0.7705078125;0;3
4353;87;0.326416015625;0.41015625;-0.7578125;0;3
4398;88;0.201416015625;0.614990234375;-0.89306640625;0;3
4451;89;0.232666015625;0.638427734375;-0.794677734375;0;3
4496;90;0.289306640625;0.486328125;-0.747314453125;0;3
4543;91;0.3720703125;0.6962890625;-0.697509765625;0;3
4596;92;0.259033203125;0.509765625;-0.412353515625;0;3
4641;93;0.177490234375;0.5595703125;-0.39697265625;0;3
4690;94;0.240966796875;0.8125;-0.218017578125;0;3
4739;95;0.421142578125;0.796630859375;-0.45947265625;0;3
4789;96;0.59619140625;0.45068359375;-0.26025390625;0;3
4836;97;0.631591796875;0.5;-0.404541015625;0;3
4886;98;0.712646484375;0.782470703125;-0.373291015625;0;3
4933;99;0.833740234375;0.65869140625;-0.50537109375;0;3
4984;100;0.909912109375;0.541259765625;-0.5244140625;0;3
5032;101;0.98193359375;0.359619140625;-0.39013671875;0;3
5080;102;1.0966796875;0.332763671875;-0.33154296875;0;3
5148;103;1.104248046875;0.440185546875;-0.230224609375;0;3
5177;104;1.0830078125;0.380859375;-0.222412109375;0;3
5233;105;1.075439453125;0.322265625;-0.22607421875;0;3
5281;106;1.1953125;0.322265625;-0.2177734375;0;3
5323;107;1.02880859375;0.283447265625;-0.194580078125;0;3
5371;108;0.857666015625;0.232177734375;-0.153076171875;0;3
5432;109;1.010498046875;0.268310546875;-0.07470703125;0;3
5483;110;1.091064453125;0.258056640625;0.021484375;0;3
5527;111;0.979736328125;0.169677734375;-0.080322265625;0;3
5570;112;0.873291015625;0.197265625;-0.06201171875;0;3
5616;113;0.868896484375;0.187744140625;-0.103271484375;0;3
5664;114;0.911376953125;0.178466796875;-0.148193359375;0;3
5713;115;0.9267578125;0.230224609375;-0.14892578125;0;3
5762;116;1.013427734375;0.27734375;-0.19873046875;0;3
5811;117;0.947509765625;0.262451171875;-0.10595703125;0;3
5859;118;0.968505859375;0.26953125;-0.0517578125;0;3
5959;119;0.968994140625;0.320556640625;-0.0478515625;0;3
5963;120;1.0302734375;0.346923828125;-0.0322265625;0;3
6054;121;0.935791015625;0.462890625;-0.0791015625;0;3
6060;122;1.077392578125;0.37890625;-0.084716796875;0;3
6153;123;1;0.339599609375;-0.08642578125;0;3
6201;124;0.98046875;0.28564453125;-0.05029296875;0;3
6250;125;0.93505859375;0.339111328125;-0.093505859375;0;3
6301;126;0.9130859375;0.31689453125;-0.05322265625;0;3
6347;127;0.90869140625;0.320068359375;-0.058349609375;0;3
6396;128;1.013671875;0.24365234375;-0.125;0;3
6446;129;1.00830078125;0.239990234375;-0.094482421875;0;3
6493;130;0.96728515625;0.22021484375;-0.117919921875;0;3
6543;131;0.909912109375;0.2197265625;-0.18896484375;0;3
6591;132;1.00927734375;0.280517578125;-0.146728515625;0;3
6640;133;1.0009765625;0.266845703125;-0.138671875;0;3
6689;134;0.91748046875;0.23681640625;-0.13330078125;0;3
6737;135;0.907470703125;0.234375;-0.04736328125;0;3
6786;136;1.0048828125;0.240234375;-0.042236328125;0;3
6839;137;1.01123046875;0.230224609375;-0.0458984375;0;3
6884;138;0.9326171875;0.22900390625;-0.129638671875;0;3
6932;139;0.96142578125;0.242431640625;-0.041748046875;0;3
6983;140;0.9326171875;0.3251953125;-0.0419921875;0;3
7030;141;0.9794921875;0.330322265625;-0.046142578125;0;3
7083;142;0.978271484375;0.24609375;-0.05029296875;0;3
7137;143;1.01611328125;0.241455078125;-0.060302734375;0;3
7180;144;0.93603515625;0.22314453125;-0.125732421875;0;3
7226;145;0.919189453125;0.2705078125;-0.04443359375;0;3
7275;146;0.93408203125;0.26806640625;-0.04052734375;0;3
7322;147;1.008056640625;0.26904296875;-0.033935546875;0;3
7371;148;1.01513671875;0.222900390625;-0.042236328125;0;3
7422;149;1.011962890625;0.233642578125;-0.05859375;0;3
7469;150;0.93408203125;0.242431640625;-0.12548828125;0;3
7518;151;0.936767578125;0.24755859375;-0.127197265625;0;3
7567;152;1.0107421875;0.2421875;-0.05419921875;0;3
7617;153;1.006103515625;0.2294921875;-0.033447265625;0;3
7663;154;1.0009765625;0.27685546875;-0.078125;0;3
7712;155;0.9287109375;0.276123046875;-0.07080078125;0;3
7761;156;0.9345703125;0.22607421875;-0.083251953125;0;3
7809;157;1.01318359375;0.24853515625;-0.09130859375;0;3
7911;158;0.981201171875;0.232666015625;-0.04150390625;0;3
7918;159;0.981201171875;0.232666015625;-0.04150390625;0;3
8008;160;1.002685546875;0.271484375;-0.044677734375;0;3
8015;161;1.002685546875;0.271484375;-0.044677734375;0;3
8106;162;0.9326171875;0.2685546875;-0.033447265625;0;3
8166;163;1.019287109375;0.275146484375;-0.087646484375;0;3
8204;164;0.972900390625;0.267578125;-0.08837890625;0;3
8254;165;1.015869140625;0.27294921875;-0.093017578125;0;3
8298;166;0.92724609375;0.27294921875;-0.03515625;0;3
8347;167;0.9296875;0.26171875;-0.034423828125;0;3
8397;168;1.013671875;0.259521484375;-0.035400390625;0;3
8445;169;1.01806640625;0.26123046875;-0.03515625;0;3
8493;170;0.969482421875;0.2666015625;-0.0380859375;0;3
8541;171;1.017822265625;0.267822265625;-0.048828125;0;3
8590;172;1.007080078125;0.264404296875;-0.039306640625;0;3
8639;173;1.01416015625;0.2578125;-0.032958984375;0;3
8687;174;1.006103515625;0.25341796875;-0.0869140625;0;3
8737;175;1.0234375;0.254150390625;-0.09228515625;0;3
8785;176;1.029052734375;0.2548828125;-0.0361328125;0;3
8834;177;1.02490234375;0.254638671875;-0.04248046875;0;3
8887;178;1.02294921875;0.251220703125;-0.04638671875;0;3
8938;179;1.013916015625;0.253662109375;-0.0517578125;0;3
8981;180;1.021728515625;0.262451171875;-0.0400390625;0;3
9029;181;0.970947265625;0.25830078125;-0.056640625;0;3
9085;182;1.002197265625;0.220458984375;-0.083984375;0;3
9130;183;1.00439453125;0.259521484375;-0.035888671875;0;3
9190;184;1.00390625;0.255126953125;-0.033447265625;0;3
9225;185;1.019775390625;0.182861328125;-0.0400390625;0;3
9272;186;0.932373046875;0.253662109375;-0.04931640625;0;3
9322;187;0.919677734375;0.27001953125;-0.125;0;3
9370;188;0.91943359375;0.237548828125;-0.040283203125;0;3
9421;189;0.97216796875;0.314453125;-0.0888671875;0;3
9468;190;0.978515625;0.315673828125;-0.04296875;0;3
9516;191;1.02001953125;0.2353515625;-0.048095703125;0;3
9565;192;1.006591796875;0.2734375;-0.13037109375;0;3
9616;193;0.913330078125;0.177734375;-0.0537109375;0;3
9663;194;0.92138671875;0.183837890625;-0.050537109375;0;3
9711;195;1.008056640625;0.27001953125;-0.043212890625;0;3
9760;196;1.020751953125;0.2333984375;-0.031494140625;0;3
9859;197;1.021484375;0.245849609375;-0.040283203125;0;3
9864;198;1.018798828125;0.235107421875;-0.04833984375;0;3
9957;199;1.017822265625;0.226806640625;-0.058837890625;0;3
9962;200;1.002685546875;0.2236328125;-0.050048828125;0;3
10052;201;1.0126953125;0.226318359375;-0.054931640625;0;3
10104;202;1.00146484375;0.2255859375;-0.04345703125;0;3
10150;203;1.00439453125;0.2734375;-0.040283203125;0;3
10200;204;1.00048828125;0.259521484375;-0.03466796875;0;3
10248;205;0.931640625;0.262451171875;-0.04248046875;0;3
10296;206;1.01806640625;0.276123046875;-0.126220703125;0;3
10347;207;1.0244140625;0.234130859375;-0.143310546875;0;3
10393;208;0.97021484375;0.246826171875;-0.1533203125;0;3
10442;209;1.00146484375;0.225830078125;-0.139404296875;0;3
10493;210;1.004150390625;0.250732421875;-0.054931640625;0;3
10540;211;1.08154296875;0.21630859375;-0.093505859375;0;3
10589;212;1.0712890625;0.32421875;-0.014404296875;0;3
10639;213;1.033447265625;0.120849609375;-0.02783203125;0;3
10686;214;1.255615234375;0.337158203125;-0.073974609375;0;3
10735;215;1.237548828125;0.40625;-0.014404296875;0;3
10784;216;1.158935546875;0.554443359375;0.00634765625;0;3
10832;217;0.933837890625;0.543212890625;0.005126953125;0;3
10882;218;0.683349609375;0.416748046875;-0.07861328125;0;3
10931;219;0.6318359375;0.45849609375;-0.078369140625;0;3
10979;220;0.580322265625;0.468017578125;-0.06591796875;0;3
11032;221;0.545166015625;0.510009765625;-0.0068359375;0;3
11076;222;0.59716796875;0.575927734375;0.086181640625;0;3
11127;223;0.690673828125;0.57861328125;-0.017822265625;0;3
11174;224;0.65771484375;0.593505859375;0.01708984375;0;3
11228;225;0.7431640625;0.630615234375;-0.019775390625;0;3
11270;226;0.785888671875;0.6435546875;0.0244140625;0;3
11322;227;0.79736328125;0.654296875;0.007568359375;0;3
11369;228;0.875244140625;0.63525390625;-0.063720703125;0;3
11422;229;0.80712890625;0.599853515625;-0.08203125;0;3
11467;230;0.797607421875;0.634033203125;-0.09228515625;0;3
11517;231;0.792724609375;0.635009765625;-0.043212890625;0;3
11564;232;0.835205078125;0.582763671875;-0.06103515625;0;3
11616;233;0.8330078125;0.5810546875;-0.056884765625;0;3
11665;234;0.79150390625;0.544677734375;-0.06201171875;0;3
11711;235;0.797119140625;0.53857421875;-0.035888671875;0;3
11759;236;0.792724609375;0.5849609375;-0.039794921875;0;3
11861;237;0.837646484375;0.576416015625;-0.056640625;0;3
11868;238;0.837646484375;0.576416015625;-0.056640625;0;3
11960;239;0.8203125;0.53857421875;-0.14794921875;0;3
11978;240;0.8203125;0.53857421875;-0.14794921875;0;3
12054;241;0.8154296875;0.540283203125;-0.1474609375;0;3
12102;242;0.82958984375;0.552978515625;-0.202880859375;0;3
12155;243;0.834228515625;0.571533203125;-0.1591796875;0;3
12199;244;0.84228515625;0.47607421875;-0.26123046875;0;3
12252;245;0.78466796875;0.568359375;-0.25048828125;0;3
12309;246;0.79931640625;0.48095703125;-0.201416015625;0;3
12347;247;0.8076171875;0.584228515625;-0.158447265625;0;3
12392;248;0.78955078125;0.536865234375;-0.211669921875;0;3
12444;249;0.841796875;0.57568359375;-0.21142578125;0;3
12491;250;0.842041015625;0.499755859375;-0.1748046875;0;3
12564;251;0.84375;0.496826171875;-0.158203125;0;3
12612;252;0.798583984375;0.4892578125;-0.171875;0;3
12651;253;0.79443359375;0.478271484375;-0.16796875;0;3
12705;254;0.798828125;0.472412109375;-0.1630859375;0;3
12755;255;0.80029296875;0.47216796875;-0.17529296875;0;3
12801;256;0.797607421875;0.47265625;-0.2509765625;0;3
12851;257;0.805419921875;0.4736328125;-0.25;0;3
12896;258;0.803955078125;0.526123046875;-0.251220703125;0;3
12948;259;0.876953125;0.530517578125;-0.182861328125;0;3
12994;260;0.8759765625;0.522705078125;-0.18359375;0;3
13043;261;0.80615234375;0.5166015625;-0.253173828125;0;3
13092;262;0.79248046875;0.510986328125;-0.174560546875;0;3
13133;263;0.796875;0.514892578125;-0.15966796875;0;3
13190;264;0.87646484375;0.526123046875;-0.157470703125;0;3
13236;265;0.8837890625;0.527099609375;-0.166015625;0;3
13286;266;0.888427734375;0.518310546875;-0.1708984375;0;3
13341;267;0.877197265625;0.517333984375;-0.1787109375;0;3
13383;268;0.8095703125;0.516357421875;-0.18115234375;0;3
13426;269;0.810791015625;0.522705078125;-0.179931640625;0;3
13479;270;0.875244140625;0.5146484375;-0.168701171875;0;3
13528;271;0.812255859375;0.51953125;-0.21337890625;0;3
13580;272;0.79736328125;0.520263671875;-0.218017578125;0;3
13630;273;0.798583984375;0.517333984375;-0.2177734375;0;3
13675;274;0.875732421875;0.515869140625;-0.21484375;0;3
13725;275;0.887939453125;0.51806640625;-0.158203125;0;3
13822;276;0.785400390625;0.43505859375;-0.172119140625;0;3
13826;277;0.785400390625;0.43505859375;-0.172119140625;0;3
13918;278;0.461669921875;0.311767578125;-0.14013671875;0;3
13922;279;0.461669921875;0.311767578125;-0.14013671875;0;3
14019;280;0.502685546875;0.298095703125;-0.1318359375;0;3
14070;281;0.8916015625;0.365478515625;-0.20263671875;0;3
14115;282;1.07958984375;0.29345703125;-0.21728515625;0;3
14164;283;1.3330078125;0.298583984375;-0.179931640625;0;3
14218;284;1.22021484375;0.359130859375;-0.2705078125;0;3
14263;285;1.1201171875;0.294677734375;-0.25927734375;0;3
14312;286;1.14306640625;0.3955078125;-0.16552734375;0;3
14355;287;1.02783203125;0.286865234375;-0.23974609375;0;3
14404;288;1.00634765625;0.282470703125;-0.273681640625;0;3
14459;289;0.9296875;0.305419921875;-0.210693359375;0;3
14509;290;0.96533203125;0.24560546875;-0.11767578125;0;3
14555;291;0.965576171875;0.26611328125;-0.056884765625;0;3
14605;292;0.93017578125;0.331298828125;-0.04541015625;0;3
14650;293;0.926513671875;0.342041015625;-0.03857421875;0;3
14702;294;0.926513671875;0.327880859375;-0.03271484375;0;3
14748;295;0.91552734375;0.322998046875;-0.047607421875;0;3
14796;296;0.92919921875;0.341796875;-0.109130859375;0;3
14848;297;0.91748046875;0.3056640625;-0.108154296875;0;3
14898;298;0.931884765625;0.28662109375;-0.14404296875;0;3
14946;299;0.927978515625;0.3095703125;-0.053466796875;0;3
14995;300;0.91552734375;0.2880859375;-0.08984375;0;3
7;1;-0.671875;-1.328125;1.7421875;1;3
117;2;-1.765625;1.984375;10.203125;1;3
121;3;-1.765625;1.984375;10.203125;1;3
159;4;-16.046875;5.0390625;-2.6015625;1;3
162;5;-16.046875;5.0390625;-2.6015625;1;3
254;6;-15.4609375;1.953125;-5.0703125;1;3
354;7;-12.40625;-4.515625;-1.953125;1;3
358;8;-12.40625;-4.515625;-1.953125;1;3
401;9;-4.7890625;-3.1484375;-1.0546875;1;3
450;10;-6.84375;-4.3125;0.3359375;1;3
500;11;-0.484375;-2.765625;0.2421875;1;3
548;12;3.4140625;2.421875;-2.828125;1;3
598;13;-4.6328125;3.1640625;-1.3671875;1;3
644;14;-10.296875;3.1875;-4.2421875;1;3
699;15;-9.5234375;3.734375;-4.6875;1;3
741;16;18.4609375;13.0390625;-1.2265625;1;3
792;17;56.9921875;40.96875;27.21875;1;3
845;18;-73.296875;17.75;51.6171875;1;3
890;19;-175.125;-30.0234375;138.25;1;3
937;20;-53.421875;-17.578125;213.5234375;1;3
986;21;-55.1171875;-25.78125;248.578125;1;3
1034;22;-85.4296875;-41.421875;229.6484375;1;3
1083;23;-101.46875;-46.484375;192.109375;1;3
1134;24;-69.828125;-48.25;125.6796875;1;3
1182;25;-105.953125;-60.9296875;21.5859375;1;3
1232;26;-121.9375;-11.0703125;-84.125;1;3
1279;27;-150.7578125;16.96875;-92.90625;1;3
1330;28;-154.4765625;11.7890625;-73.453125;1;3
1376;29;-17.3671875;34.265625;-55.703125;1;3
1427;30;48.9140625;2.09375;15.1015625;1;3
1475;31;-32.3515625;10.390625;36.078125;1;3
1522;32;-31.2265625;32.3828125;-19.53125;1;3
1571;33;-42.265625;-32.578125;-9.734375;1;3
1620;34;92.515625;1.3671875;-16.21875;1;3
1669;35;89.40625;-18.9375;-12.6796875;1;3
1717;36;63.171875;-22.296875;-8.546875;1;3
1766;37;61.6640625;-32.203125;-14.9609375;1;3
1815;38;61.9921875;-34.828125;-19.34375;1;3
1864;39;26.40625;-35.875;-21.7734375;1;3
1916;40;10.1328125;-27.1171875;-30.0234375;1;3
2012;41;-2.703125;-25.9453125;-29.2734375;1;3
2020;42;-2.703125;-25.9453125;-29.2734375;1;3
2116;43;18.65625;-24.703125;-22.2421875;1;3
2122;44;18.65625;-24.703125;-22.2421875;1;3
2206;45;30.25;-13.859375;-11.4140625;1;3
2211;46;30.25;-13.859375;-11.4140625;1;3
2302;47;0.109375;-20.84375;-13.4453125;1;3
2351;48;3.1015625;-17.3125;-15.4375;1;3
2403;49;16.390625;-18;-25.0078125;1;3
2448;50;-3.59375;-34.03125;-26.953125;1;3
2497;51;13.203125;-37.3359375;-26.71875;1;3
2546;52;-16.546875;-52.578125;-8.7421875;1;3
2595;53;3.3203125;-49.9453125;7.984375;1;3
2646;54;-21.2109375;-55.4921875;5.5;1;3
2692;55;-63.1328125;-60.015625;-16.203125;1;3
2741;56;-58.859375;-51.390625;-15.0390625;1;3
2790;57;-76.640625;-58.9921875;-24.046875;1;3
2838;58;-76.828125;-45.3359375;-55.28125;1;3
2886;59;-64.4453125;-41.8125;-101.484375;1;3
2938;60;7.6640625;-34.703125;-107.5234375;1;3
2984;61;82.28125;-24.9296875;-101.8515625;1;3
3042;62;30.5078125;-34.828125;-80.6484375;1;3
3084;63;33.0078125;-37.0234375;-65.5703125;1;3
3137;64;34.5859375;-42.2265625;-59.5390625;1;3
3181;65;49.3671875;-36.59375;-60.25;1;3
3247;66;36.515625;-43.7109375;-52.796875;1;3
3276;67;59.21875;-35.8359375;-41.8203125;1;3
3326;68;21.0703125;-42.3359375;-44.9453125;1;3
3375;69;-4.265625;-43.09375;-73.0625;1;3
3426;70;28.21875;-50.703125;-95.625;1;3
3473;71;50.078125;-23.59375;-82.3046875;1;3
3528;72;-23.8515625;-30.609375;-72.6484375;1;3
3571;73;-36.234375;-35.8515625;-64.796875;1;3
3619;74;29.171875;-43.265625;-99.46875;1;3
3667;75;46.0703125;-43.2578125;-92.6953125;1;3
3716;76;19.0390625;-59.375;-68.8046875;1;3
3764;77;39.890625;-73.109375;-73.8203125;1;3
3814;78;25.5390625;-74.9375;-81.1796875;1;3
3862;79;-14.640625;-64.0390625;-94.1328125;1;3
3912;80;-20.0625;-40.7421875;-94.6796875;1;3
4011;81;-56.5859375;-41.46875;-69.46875;1;3
4015;82;-56.5859375;-41.46875;-69.46875;1;3
4108;83;-16.3203125;-48.515625;-54.984375;1;3
4113;84;34.4609375;-53.296875;-50.7265625;1;3
4205;85;50.5234375;-53.2890625;-38.171875;1;3
4259;86;44.53125;-61.0234375;-28.359375;1;3
4303;87;31.0234375;-62.8671875;-21.921875;1;3
4356;88;63.3203125;-53.28125;-29.09375;1;3
4399;89;79.8671875;-43.203125;-44.7109375;1;3
4453;90;60.7734375;-33.4140625;-49.0703125;1;3
4497;91;44.5625;-39.65625;-62.0703125;1;3
4544;92;36.8828125;-49.6796875;-51.3828125;1;3
4597;93;83.4296875;-54.3515625;-58.53125;1;3
4642;94;53.0703125;-62.6953125;-46.0546875;1;3
4691;95;70.7109375;-37.21875;-69.3359375;1;3
4740;96;137.546875;-36.9921875;-92.859375;1;3
4790;97;142.6796875;-19.265625;-103.3046875;1;3
4837;98;-22.4453125;-0.171875;-196.1875;1;3
4887;99;-38.453125;62.6953125;-183.953125;1;3
4934;100;71.7734375;111.3515625;-186.3828125;1;3
4985;101;96.3515625;94.9453125;-189.2265625;1;3
5034;102;77.1796875;51.1953125;-188.8125;1;3
5081;103;52.4453125;14.6484375;-164.5390625;1;3
5149;104;67.1484375;-6.734375;-130.6171875;1;3
5178;105;145.8359375;-11.9453125;-91.4375;1;3
5233;106;134.0546875;-4.015625;-66.109375;1;3
5283;107;102.4765625;-18.1171875;-48.3515625;1;3
5324;108;101.4296875;-32.9140625;-17;1;3
5372;109;124.96875;-30.265625;20.15625;1;3
5435;110;135.9453125;-29.6484375;44.859375;1;3
5485;111;140.546875;-34.953125;53.0859375;1;3
5528;112;140.5078125;-24.53125;53.4140625;1;3
5571;113;110.4921875;-1.7421875;37.96875;1;3
5617;114;35.953125;1.6796875;7.953125;1;3
5665;115;-8.453125;-10.15625;-15.1328125;1;3
5714;116;37.765625;-20.5859375;-27.8359375;1;3
5763;117;99.1796875;-18.125;-33.859375;1;3
5813;118;103.1953125;-15.3359375;-41.015625;1;3
5860;119;88.7109375;-25.796875;-54.46875;1;3
5960;120;80.28125;-33.7265625;-68.484375;1;3
5964;121;86.8203125;-31.3828125;-66.578125;1;3
6056;122;128.4609375;-26.2890625;-40.1328125;1;3
6061;123;122.125;-4.6953125;0.3671875;1;3
6153;124;63.4765625;9.65625;26.7265625;1;3
6202;125;14.9765625;11.25;23.8515625;1;3
6251;126;-14.59375;6.6640625;13.421875;1;3
6302;127;-50.2265625;5.2734375;11.9609375;1;3
6348;128;-53.2109375;9.7578125;17.234375;1;3
6398;129;-42.078125;11.8671875;19.40625;1;3
6447;130;-28.0234375;9.4140625;17.8515625;1;3
6495;131;-21.8515625;9.8828125;18.796875;1;3
6545;132;-21.8046875;10.765625;14.0625;1;3
6592;133;-7.2734375;0.265625;6.046875;1;3
6641;134;-12.9296875;-3.734375;-3.3359375;1;3
6690;135;-16.5625;0.859375;-14.484375;1;3
6738;136;-10.5390625;0.3359375;-10.3203125;1;3
6788;137;2.8359375;-0.5703125;-1.4296875;1;3
6841;138;8.328125;2.8203125;-5.6640625;1;3
6886;139;-7.21875;2.8984375;-16.828125;1;3
6933;140;-18.6640625;-2.0078125;-17.1640625;1;3
6985;141;-9.1796875;0.4453125;-16.703125;1;3
7032;142;-0.125;2.578125;-9.75;1;3
7085;143;-4.578125;4.4375;-0.0390625;1;3
7139;144;0.8671875;4.2734375;13.078125;1;3
7181;145;12.4921875;2.7578125;15.59375;1;3
7227;146;7.15625;-0.515625;9.734375;1;3
7276;147;4.421875;0.296875;-0.3046875;1;3
7323;148;-6.40625;2.0078125;-5.671875;1;3
7372;149;-7.9921875;2.3359375;-12.109375;1;3
7423;150;-9.5859375;2.140625;-12.9921875;1;3
7470;151;-6.7421875;-0.671875;-10.3515625;1;3
7519;152;4.1171875;-2.28125;-6.9453125;1;3
7568;153;7.171875;-1.6328125;-1.4140625;1;3
7618;154;12.359375;-2.8515625;1.4921875;1;3
7664;155;9.0859375;-0.125;-0.3828125;1;3
7713;156;0.71875;1.109375;-6.046875;1;3
7762;157;-9.0078125;4.578125;-9.9140625;1;3
7810;158;-14.1328125;4.8671875;-9.8046875;1;3
7913;159;-14.6015625;3.6953125;4.8515625;1;3
7919;160;-14.6015625;3.6953125;4.8515625;1;3
8010;161;-11.5546875;1.421875;4.5703125;1;3
8016;162;-11.5546875;1.421875;4.5703125;1;3
8108;163;-10.125;-0.9921875;-2.140625;1;3
8169;164;-10.609375;-0.96875;-3.6328125;1;3
8205;165;-16.515625;2.390625;-1.0703125;1;3
8255;166;-14.7734375;2.421875;0.3515625;1;3
8299;167;-11.984375;1.984375;-2.0234375;1;3
8348;168;-14.546875;3.3984375;0.6796875;1;3
8398;169;-19.9375;6.4921875;0.8671875;1;3
8446;170;-22.5390625;6.3515625;-2.03125;1;3
8495;171;-24.4140625;5.28125;-1.0703125;1;3
8542;172;-19.6015625;3.40625;-0.9921875;1;3
8591;173;-15.6015625;6.3984375;1.7109375;1;3
8640;174;-16.3671875;6.1875;3.1484375;1;3
8688;175;-14.328125;6.5234375;3.625;1;3
8738;176;-14.0703125;6.2734375;1.859375;1;3
8785;177;-12.0078125;6.2265625;2.5546875;1;3
8836;178;-10.1875;3.5859375;4.234375;1;3
8889;179;-10.3203125;4.3671875;1.984375;1;3
8940;180;-5.96875;-0.265625;-2.15625;1;3
8982;181;-6.5;-1.5390625;-3.515625;1;3
9030;182;-6.7734375;-1.7421875;0.65625;1;3
9087;183;1.6328125;-2.828125;6.0078125;1;3
9133;184;3.328125;-3.421875;6.390625;1;3
9192;185;8.953125;-3.3515625;-0.46875;1;3
9226;186;0.8984375;-3.2890625;-8.171875;1;3
9273;187;-12.703125;-4.6640625;-10.7265625;1;3
9323;188;-16.984375;-1.578125;-14.3515625;1;3
9371;189;-2.796875;-7.203125;-18.859375;1;3
9422;190;10.671875;-7.1171875;-16.546875;1;3
9470;191;0.7734375;0.640625;-0.0859375;1;3
9517;192;7.0859375;5.0390625;23.3828125;1;3
9566;193;22.1484375;6.3046875;29;1;3
9617;194;13.0546875;1.8984375;13.5703125;1;3
9664;195;-4.3046875;-2.390625;-5.6171875;1;3
9712;196;-16.765625;-1.8828125;-17.984375;1;3
9761;197;-17.265625;-1.796875;-15.78125;1;3
9861;198;-4.390625;0.390625;-8.0546875;1;3
9866;199;4.5859375;-0.2265625;2.453125;1;3
9958;200;3.78125;0.9140625;4.9765625;1;3
9963;201;1.0625;0.6171875;2.65625;1;3
10053;202;-6.7578125;-2.3828125;-0.3359375;1;3
10105;203;-2.9609375;-2.5625;4.265625;1;3
10150;204;-2.8125;-0.8359375;6.515625;1;3
10201;205;-4.8359375;2.9609375;3.0234375;1;3
10249;206;-1.1015625;1.234375;-4.0546875;1;3
10297;207;-5.953125;-0.6015625;-12.3515625;1;3
10349;208;-7.59375;-2.953125;-10.9296875;1;3
10394;209;-6.3671875;-4.734375;-0.40625;1;3
10443;210;15.0234375;-6.8203125;9.3515625;1;3
10495;211;21.65625;-8.296875;8.765625;1;3
10541;212;-3.3046875;-4.5078125;-2.3046875;1;3
10589;213;-2.90625;15.15625;6.78125;1;3
10641;214;-72.7265625;52.859375;19.7734375;1;3
10687;215;-127.890625;81.2890625;54.25;1;3
10736;216;-129.765625;96.7265625;82.5;1;3
10785;217;-109.390625;84.375;98.78125;1;3
10833;218;-70.0078125;66.1796875;97.3203125;1;3
10884;219;-22.5;38.921875;80.71875;1;3
10931;220;-15.8046875;16.6640625;52.078125;1;3
10980;221;-25.1171875;0.90625;26.4765625;1;3
11033;222;-32.6796875;-7.953125;6.671875;1;3
11077;223;-13.5;-19.2578125;0.234375;1;3
11128;224;1.140625;-22.09375;-5.1953125;1;3
11175;225;9.4765625;-22.1640625;-11.1875;1;3
11229;226;3.3671875;-24.5625;-13.4453125;1;3
11271;227;-2.28125;-22.078125;-12.6171875;1;3
11323;228;-5.7890625;-15.078125;-14.4140625;1;3
11370;229;-3.265625;-11.8671875;-13.5546875;1;3
11423;230;0.4140625;-8.1328125;-14.3359375;1;3
11468;231;-7.9296875;-3.1171875;-9.9609375;1;3
11518;232;-4.671875;-6.265625;-6.3203125;1;3
11565;233;-4.0234375;-9.453125;-3.9140625;1;3
11619;234;-14.96875;-16.703125;-6.546875;1;3
11667;235;-7.5546875;-15.875;-6.3828125;1;3
11712;236;-2.5;-13.125;-6.78125;1;3
11760;237;4.7734375;-15.0078125;0.6953125;1;3
11863;238;-2.6015625;-10.9453125;-5.2890625;1;3
11869;239;-2.6015625;-10.9453125;-5.2890625;1;3
11963;240;9.4140625;-19.40625;0.2890625;1;3
11979;241;9.4140625;-19.40625;0.2890625;1;3
12056;242;1.578125;-32.3515625;3.1640625;1;3
12103;243;7.9296875;-33.171875;6.109375;1;3
12156;244;5.4453125;-25.5390625;3.140625;1;3
12200;245;-3.5234375;-18.8515625;-1.84375;1;3
12253;246;-10.296875;-7.625;-13.578125;1;3
12311;247;16.859375;-1.4609375;-23.578125;1;3
12348;248;-9.5;-3.40625;-26.359375;1;3
12393;249;-3.21875;-1.4453125;-19.140625;1;3
12445;250;-0.1015625;-6.140625;-14.3984375;1;3
12492;251;0.4765625;-10.4609375;-10.546875;1;3
12565;252;-2.8515625;-12.6875;-6.96875;1;3
12612;253;-2;-12.8515625;-1.421875;1;3
12651;254;3.5546875;-6.6328125;-1.8203125;1;3
12706;255;-0.53125;2.328125;-3.75;1;3
12756;256;-6.0703125;6.9140625;-6.2109375;1;3
12801;257;-10.4453125;8.5390625;-6.1640625;1;3
12852;258;-3.2734375;3.828125;-4.234375;1;3
12897;259;0.140625;-0.265625;-2.765625;1;3
12949;260;-4.5703125;2.6796875;-1.3984375;1;3
12995;261;-6.0390625;4.109375;-2.3359375;1;3
13044;262;-4.7890625;1.6875;0.59375;1;3
13093;263;-2.8984375;2.109375;-2.6875;1;3
13134;264;-2.6875;0.1953125;-1.9609375;1;3
13191;265;-1.8671875;0.59375;-3.015625;1;3
13237;266;-4.390625;1.5703125;-4.5546875;1;3
13286;267;-4.2734375;3.65625;-1.515625;1;3
13342;268;-3.0859375;3.1328125;-1.8515625;1;3
13384;269;-4.890625;0.75;-1.28125;1;3
13427;270;-4.15625;-2.984375;-1.109375;1;3
13480;271;-1.15625;-2.90625;-2.8203125;1;3
13529;272;-1.0859375;0.4765625;-2.625;1;3
13581;273;-2.1875;2.9921875;-1.0546875;1;3
13631;274;0.359375;4.3671875;-4.21875;1;3
13676;275;0.4609375;1.5546875;-1.3515625;1;3
13726;276;-0.5;2.9609375;0.46875;1;3
13823;277;0.0546875;2.5703125;-1.140625;1;3
13827;278;0.0546875;2.5703125;-1.140625;1;3
13919;279;26.8046875;-24.8515625;-12.1640625;1;3
13923;280;26.8046875;-24.8515625;-12.1640625;1;3
14020;281;78.546875;-40.9140625;-36.984375;1;3
14071;282;49.1796875;-50.3125;-73.2265625;1;3
14116;283;20.2578125;-56.6796875;-108.6171875;1;3
14165;284;91.890625;-44.640625;-115.3125;1;3
14219;285;156.015625;-26.2578125;-104.796875;1;3
14264;286;123.4375;9.0234375;-79.3125;1;3
14313;287;51.6171875;12.0703125;-28.3828125;1;3
14356;288;-4.515625;23.3359375;28.8828125;1;3
14405;289;-3.8359375;13.4375;46.5703125;1;3
14460;290;35.671875;-0.015625;29.125;1;3
14510;291;58.625;-3.7421875;13.828125;1;3
14556;292;20.90625;-6.453125;3.6875;1;3
14606;293;-5.8984375;-6.9453125;-8.7265625;1;3
14650;294;-2.8203125;0.9453125;-10.8359375;1;3
14703;295;-4.453125;1.0078125;-1.125;1;3
14749;296;-6.9765625;7.46875;3.1484375;1;3
14797;297;-10.1796875;9.2578125;-1.53125;1;3
14849;298;7.28125;10.6796875;-15.6640625;1;3
14899;299;-3.7421875;0.203125;-25.40625;1;3
14947;300;-23.21875;-6.7109375;-19.203125;1;3
14996;301;-15.5546875;-1.1484375;0.5859375;1;3
8;1;88.66666412353516;3.833333253860474;-35.66666793823242;2;3
118;2;85.66666412353516;5.166666507720947;-36.5;2;3
124;3;85.66666412353516;5.166666507720947;-36.5;2;3
160;4;41.5;4.166666507720947;-37.5;2;3
163;5;41.5;4.166666507720947;-37.5;2;3
256;6;41.5;4.166666507720947;-37.5;2;3
356;7;39.5;4.166666507720947;-36.33333206176758;2;3
359;8;39.5;4.166666507720947;-36.33333206176758;2;3
402;9;86.66666412353516;6.166666507720947;-37.16666793823242;2;3
451;10;87.66666412353516;5.166666507720947;-37.33333206176758;2;3
501;11;88;8;-37.33333206176758;2;3
549;12;88;8;-37;2;3
599;13;94;8.333333015441895;-35.83333206176758;2;3
645;14;95.33333587646484;9.166666984558106;-37;2;3
700;15;97.5;10.16666698455811;-34.5;2;3
742;16;97.83333587646484;10.66666698455811;-37.83333206176758;2;3
793;17;95.5;11;-39.83333206176758;2;3
847;18;92;13.16666698455811;-42;2;3
891;19;39.5;15;-92.66666412353516;2;3
938;20;39;18;-102.1666641235352;2;3
987;21;36.16666793823242;18.5;-104.8333358764648;2;3
1035;22;29.66666603088379;20.16666603088379;-65.33333587646484;2;3
1083;23;27.33333396911621;18;-67.66666412353516;2;3
1136;24;25;18.66666603088379;-67;2;3
1184;25;23.16666603088379;16.83333396911621;-65.33333587646484;2;3
1233;26;23.16666603088379;14.5;-105.1666641235352;2;3
1280;27;24.83333396911621;12.8333330154419;-101.3333358764648;2;3
1331;28;30.33333396911621;15.5;-98.5;2;3
1377;29;36.16666793823242;14;-92.83333587646484;2;3
1429;30;38;16.33333396911621;-93.33333587646484;2;3
1477;31;36.83333206176758;15.66666698455811;-93.16666412353516;2;3
1524;32;34.83333206176758;17.66666603088379;-95.16666412353516;2;3
1572;33;35.16666793823242;17.5;-95;2;3
1621;34;31.66666603088379;15.3333330154419;-96.66666412353516;2;3
1670;35;29.33333396911621;16.83333396911621;-96.66666412353516;2;3
1718;36;28.66666603088379;14.16666698455811;-98;2;3
1767;37;27.5;14.66666698455811;-98;2;3
1816;38;26;14.8333330154419;-99.33333587646484;2;3
1866;39;25.5;12.16666698455811;-100;2;3
1917;40;25.5;13.5;-98;2;3
2015;41;23.5;9.833333015441895;-95.33333587646484;2;3
2022;42;23.5;9.833333015441895;-95.33333587646484;2;3
2117;43;26.5;12.8333330154419;-95.16666412353516;2;3
2124;44;26.5;12.8333330154419;-95.16666412353516;2;3
2207;45;24;8.833333015441895;-93.16666412353516;2;3
2212;46;24;8.833333015441895;-93.16666412353516;2;3
2302;47;24;8.833333015441895;-93.16666412353516;2;3
2352;48;24.83333396911621;10;-95.16666412353516;2;3
2404;49;22.83333396911621;10;-93.5;2;3
2449;50;21.5;8.666666984558106;-93;2;3
2498;51;22;8.333333015441895;-94;2;3
2547;52;22.5;8.333333015441895;-92.83333587646484;2;3
2596;53;25;6.5;-89.83333587646484;2;3
2648;54;22.66666603088379;7;-90.33333587646484;2;3
2693;55;22.16666603088379;4.5;-90.33333587646484;2;3
2741;56;25;2.5;-86.83333587646484;2;3
2791;57;28;0.6666666865348816;-41.16666793823242;2;3
2839;58;29.66666603088379;-44;-40;2;3
2887;59;32.66666793823242;-45;-39.5;2;3
2940;60;35.16666793823242;-45.83333206176758;-35.66666793823242;2;3
2985;61;36.33333206176758;-45.33333206176758;-34.5;2;3
3043;62;33.66666793823242;-48.33333206176758;-37.66666793823242;2;3
3085;63;30.5;-48;-40;2;3
3140;64;29.66666603088379;-48.33333206176758;-39.66666793823242;2;3
3182;65;27.5;-49;-40.66666793823242;2;3
3249;66;27.83333396911621;-49.33333206176758;-87.16666412353516;2;3
3276;67;27.66666603088379;-51.16666793823242;-87.83333587646484;2;3
3327;68;23.66666603088379;-49.16666793823242;-89.66666412353516;2;3
3376;69;21.66666603088379;-50.83333206176758;-91.66666412353516;2;3
3427;70;63.66666793823242;-50.66666793823242;-93.83333587646484;2;3
3474;71;62.33333206176758;-53.16666793823242;-96.33333587646484;2;3
3529;72;55.83333206176758;-52.5;-99.83333587646484;2;3
3572;73;55;-52;-99.83333587646484;2;3
3620;74;58.33333206176758;-51.16666793823242;-100.1666641235352;2;3
3668;75;57.33333206176758;-53.5;-101.5;2;3
3717;76;55.16666793823242;-53.5;-102.6666641235352;2;3
3766;77;52.83333206176758;-55.5;-106.5;2;3
3815;78;50.33333206176758;-54.33333206176758;-66.66666412353516;2;3
3863;79;50.16666793823242;-56.5;-70.33333587646484;2;3
3913;80;48.33333206176758;-53.83333206176758;-72.83333587646484;2;3
4012;81;43;-53.16666793823242;-81.16666412353516;2;3
4016;82;43;-53.16666793823242;-81.16666412353516;2;3
4109;83;43;-53.16666793823242;-81.16666412353516;2;3
4115;84;-1.5;-51.83333206176758;-83.33333587646484;2;3
4206;85;-1.5;-51.83333206176758;-83.33333587646484;2;3
4261;86;-3.333333253860474;-50.5;-128.8333282470703;2;3
4304;87;-5.5;-51.5;-130.6666717529297;2;3
4357;88;-5.5;-53.5;-135.6666717529297;2;3
4400;89;-6.166666507720947;-52;-139;2;3
4455;90;-10.8333330154419;-51.83333206176758;-143.5;2;3
4498;91;-10;-50.16666793823242;-146.1666717529297;2;3
4545;92;-10;-48.16666793823242;-107.3333358764648;2;3
4599;93;-12;-47;-108.1666641235352;2;3
4642;94;-11.5;-47;-113.5;2;3
4692;95;-11.5;-46.66666793823242;-117.5;2;3
4741;96;-12.8333330154419;-45.83333206176758;-118.6666641235352;2;3
4792;97;-14.8333330154419;0.1666666716337204;-123.3333358764648;2;3
4838;98;-10.8333330154419;3.833333253860474;-172.5;2;3
4889;99;-8.833333015441895;6.166666507720947;-172.5;2;3
4935;100;-5.5;9;-126.3333358764648;2;3
4986;101;-0.6666666865348816;13;-126.8333358764648;2;3
5035;102;47.16666793823242;15.5;-171;2;3
5081;103;53.83333206176758;16.83333396911621;-123.8333358764648;2;3
5149;104;59.5;19.33333396911621;-121.1666641235352;2;3
5178;105;21.66666603088379;19.33333396911621;-120;2;3
5234;106;27.33333396911621;-21.33333396911621;-118.8333358764648;2;3
5284;107;32.83333206176758;-21.33333396911621;-114.1666641235352;2;3
5324;108;35.83333206176758;19.16666603088379;-111.3333358764648;2;3
5373;109;39.5;18.66666603088379;-148.1666717529297;2;3
5437;110;42.16666793823242;-21.33333396911621;-145.1666717529297;2;3
5486;111;86.83333587646484;-20.16666603088379;-139.3333282470703;2;3
5529;112;86.66666412353516;-20.33333396911621;-137.1666717529297;2;3
5572;113;86;-19.33333396911621;-132.3333282470703;2;3
5617;114;86.83333587646484;-18.5;-84.66666412353516;2;3
5666;115;88.16666412353516;-18.33333396911621;-84.5;2;3
5715;116;86.16666412353516;-18;-81.83333587646484;2;3
5763;117;90.66666412353516;20.66666603088379;-78.33333587646484;2;3
5814;118;91.83333587646484;-20;-75.16666412353516;2;3
5861;119;93;21.16666603088379;-73.16666412353516;2;3
5961;120;93;21.16666603088379;-73.16666412353516;2;3
5965;121;95.5;20.33333396911621;-67.33333587646484;2;3
6057;122;95.5;20.33333396911621;-67.33333587646484;2;3
6062;123;96;20.5;-101.3333358764648;2;3
6155;124;96;20.5;-101.3333358764648;2;3
6203;125;97.33333587646484;-21.33333396911621;-97.5;2;3
6252;126;95.33333587646484;20.5;-99.83333587646484;2;3
6303;127;94.66666412353516;-20.33333396911621;-99.66666412353516;2;3
6349;128;95;-19.5;-100;2;3
6399;129;94.83333587646484;-21.33333396911621;-101.6666641235352;2;3
6448;130;93.5;-20.83333396911621;-102;2;3
6496;131;95;-20.83333396911621;-103.8333358764648;2;3
6546;132;93.33333587646484;-19.66666603088379;-100.1666641235352;2;3
6593;133;92.66666412353516;-21.16666603088379;-102;2;3
6642;134;91;-20;-101.5;2;3
6692;135;92.66666412353516;-19.5;-100.8333358764648;2;3
6739;136;93.33333587646484;-20.5;-104;2;3
6789;137;93.5;-21.16666603088379;-103.1666641235352;2;3
6842;138;94.66666412353516;-21.16666603088379;-102.3333358764648;2;3
6887;139;92.83333587646484;-19.66666603088379;-101;2;3
6934;140;96.5;-19.66666603088379;-103.6666641235352;2;3
6986;141;96.66666412353516;-20.83333396911621;-100;2;3
7033;142;96;20.83333396911621;-101.6666641235352;2;3
7086;143;97.5;19.83333396911621;-101.5;2;3
7142;144;98.16666412353516;-20.5;-102.5;2;3
7183;145;97;21.16666603088379;-101.5;2;3
7228;146;97;-19.16666603088379;-102.3333358764648;2;3
7278;147;97.66666412353516;-21.33333396911621;-101.6666641235352;2;3
7324;148;96.33333587646484;-19.5;-101.5;2;3
7373;149;97;21.16666603088379;-100.8333358764648;2;3
7424;150;96.33333587646484;-20.83333396911621;-102;2;3
7471;151;98.16666412353516;-21.33333396911621;-100.1666641235352;2;3
7521;152;98.66666412353516;-20.83333396911621;-102.6666641235352;2;3
7570;153;98.16666412353516;-21.33333396911621;-100.1666641235352;2;3
7619;154;98.83333587646484;-20.16666603088379;-101.3333358764648;2;3
7665;155;97;-20.33333396911621;-99.16666412353516;2;3
7714;156;98.5;20.5;-99.33333587646484;2;3
7763;157;95.83333587646484;19.83333396911621;-100.3333358764648;2;3
7811;158;95.33333587646484;-20.16666603088379;-102.1666641235352;2;3
7915;159;99.33333587646484;19.66666603088379;-101.6666641235352;2;3
7921;160;99.33333587646484;19.66666603088379;-101.6666641235352;2;3
8011;161;99.5;20.33333396911621;-100;2;3
8017;162;99.5;20.33333396911621;-100;2;3
8109;163;99.5;20.33333396911621;-100;2;3
8171;164;98.33333587646484;20.66666603088379;-100.3333358764648;2;3
8206;165;96.83333587646484;-20.5;-102.8333358764648;2;3
8256;166;99.5;20.66666603088379;-99.66666412353516;2;3
8299;167;99.33333587646484;20.5;-97.83333587646484;2;3
8349;168;98.33333587646484;20.66666603088379;-98;2;3
8399;169;100.1666641235352;-21;-98.66666412353516;2;3
8448;170;101.5;-21.16666603088379;-98.5;2;3
8496;171;98.5;19.33333396911621;-97.5;2;3
8543;172;99.33333587646484;20.83333396911621;-98.66666412353516;2;3
8592;173;100.5;-21;-99.33333587646484;2;3
8641;174;100.6666641235352;19.16666603088379;-99.16666412353516;2;3
8689;175;98.5;-21;-99.33333587646484;2;3
8739;176;98.16666412353516;19.66666603088379;-100.1666641235352;2;3
8786;177;97.66666412353516;20.16666603088379;-99.33333587646484;2;3
8837;178;98.5;20.83333396911621;-100.1666641235352;2;3
8891;179;98.33333587646484;21.16666603088379;-100.3333358764648;2;3
8942;180;97.66666412353516;20.5;-101.6666641235352;2;3
8984;181;97.83333587646484;21.16666603088379;-99.66666412353516;2;3
9032;182;97.66666412353516;17.66666603088379;-99.33333587646484;2;3
9089;183;98.33333587646484;20.33333396911621;-101.1666641235352;2;3
9134;184;97.5;-20.83333396911621;-101.5;2;3
9196;185;96;-21.33333396911621;-100.5;2;3
9227;186;96.83333587646484;-20.5;-100.1666641235352;2;3
9273;187;96.83333587646484;-21.33333396911621;-100.5;2;3
9324;188;98.83333587646484;-20.16666603088379;-99;2;3
9372;189;98.66666412353516;19.83333396911621;-100;2;3
9423;190;101.3333358764648;20.16666603088379;-98.66666412353516;2;3
9471;191;99.66666412353516;20.5;-100.5;2;3
9518;192;102.5;19.66666603088379;-101.6666641235352;2;3
9567;193;100.3333358764648;20.66666603088379;-99.66666412353516;2;3
9618;194;99.66666412353516;19.66666603088379;-96.66666412353516;2;3
9666;195;99.66666412353516;-21;-98.16666412353516;2;3
9712;196;99.66666412353516;-20.16666603088379;-98.66666412353516;2;3
9762;197;100.6666641235352;-19.16666603088379;-97.66666412353516;2;3
9862;198;100.6666641235352;-19.16666603088379;-97.66666412353516;2;3
9867;199;100.1666641235352;20.5;-100.5;2;3
9960;200;100.1666641235352;20.5;-100.5;2;3
9964;201;100.1666641235352;19.66666603088379;-99;2;3
10054;202;100.1666641235352;19.66666603088379;-99;2;3
10106;203;100.5;-19.66666603088379;-98.16666412353516;2;3
10151;204;97.66666412353516;-20.5;-100.5;2;3
10203;205;100.6666641235352;-19.5;-99.16666412353516;2;3
10250;206;99.83333587646484;-21.16666603088379;-98.83333587646484;2;3
10297;207;99.66666412353516;20.83333396911621;-99.83333587646484;2;3
10350;208;100.5;-21.33333396911621;-97.83333587646484;2;3
10395;209;99.83333587646484;21.16666603088379;-97.66666412353516;2;3
10444;210;100.3333358764648;20.66666603088379;-98.5;2;3
10496;211;99.5;-21.16666603088379;-98;2;3
10542;212;98.5;-20.5;-98.66666412353516;2;3
10590;213;98.33333587646484;-20;-100;2;3
10642;214;99.16666412353516;-19.16666603088379;-100.3333358764648;2;3
10688;215;98.33333587646484;-19.16666603088379;-104.3333358764648;2;3
10737;216;96.66666412353516;-17.16666603088379;-69.33333587646484;2;3
10786;217;91.83333587646484;-18.33333396911621;-83;2;3
10834;218;41.33333206176758;-15.66666698455811;-136.6666717529297;2;3
10885;219;35.66666793823242;-19.33333396911621;-144.3333282470703;2;3
10933;220;29.83333396911621;-20.83333396911621;-148.1666717529297;2;3
10981;221;29.5;-19.5;-108.1666641235352;2;3
11035;222;27;-20;-109.3333358764648;2;3
11078;223;25.5;-20.33333396911621;-109.6666641235352;2;3
11129;224;27.66666603088379;-21.33333396911621;-108.6666641235352;2;3
11176;225;25.5;-20;-109;2;3
11230;226;26.83333396911621;-17.33333396911621;-148.6666717529297;2;3
11272;227;27.5;-18.66666603088379;-148.1666717529297;2;3
11324;228;26.66666603088379;-20;-146.5;2;3
11371;229;28.83333396911621;-19.66666603088379;-146;2;3
11425;230;28.83333396911621;-19;-143.1666717529297;2;3
11470;231;29.66666603088379;-17.66666603088379;-142.8333282470703;2;3
11519;232;29.5;-19.5;-143;2;3
11566;233;29.66666603088379;-16.83333396911621;-141.3333282470703;2;3
11622;234;31.66666603088379;-18.16666603088379;-141.3333282470703;2;3
11668;235;31.83333396911621;-18.66666603088379;-142.6666717529297;2;3
11714;236;32.66666793823242;-20.33333396911621;-140;2;3
11761;237;30.83333396911621;-16.83333396911621;-139.8333282470703;2;3
11865;238;31.83333396911621;-17.5;-138.3333282470703;2;3
11870;239;31.83333396911621;-17.5;-138.3333282470703;2;3
11966;240;32.5;-17.66666603088379;-138.1666717529297;2;3
11980;241;32.5;-17.66666603088379;-138.1666717529297;2;3
12057;242;32.5;-17.66666603088379;-138.1666717529297;2;3
12104;243;31.66666603088379;-16.5;-133.5;2;3
12158;244;31.66666603088379;-16.16666603088379;-134;2;3
12201;245;31.83333396911621;-17.5;-133.3333282470703;2;3
12255;246;32.5;-16.5;-131.6666717529297;2;3
12313;247;33.16666793823242;-15.5;-131;2;3
12349;248;33.5;-17.16666603088379;-130.1666717529297;2;3
12394;249;35.66666793823242;-16.5;-128.8333282470703;2;3
12446;250;35.33333206176758;-15.3333330154419;-130;2;3
12493;251;36.5;-16.83333396911621;-128.1666717529297;2;3
12566;252;37.33333206176758;-16.16666603088379;-128.1666717529297;2;3
12613;253;35.83333206176758;-17.5;-83.33333587646484;2;3
12652;254;36.83333206176758;-15.66666698455811;-82.33333587646484;2;3
12707;255;36.66666793823242;-17.5;-83.66666412353516;2;3
12757;256;37.66666793823242;-17.33333396911621;-82.33333587646484;2;3
12802;257;35.5;-17.16666603088379;-83;2;3
12853;258;35.5;-17.16666603088379;-83.66666412353516;2;3
12898;259;36.5;-16.5;-82.66666412353516;2;3
12950;260;36.16666793823242;-17.33333396911621;-83.83333587646484;2;3
12995;261;39.66666793823242;-17.66666603088379;-84.66666412353516;2;3
13045;262;35.83333206176758;-15.5;-83;2;3
13093;263;38.33333206176758;-16.66666603088379;-83.33333587646484;2;3
13135;264;37.66666793823242;-16.83333396911621;-82.33333587646484;2;3
13192;265;36.66666793823242;-15.5;-83.33333587646484;2;3
13238;266;36.5;-17.66666603088379;-83.16666412353516;2;3
13287;267;36.83333206176758;-18.5;-83.83333587646484;2;3
13343;268;38.33333206176758;-17.16666603088379;-83.66666412353516;2;3
13385;269;36.33333206176758;-18;-82.5;2;3
13427;270;37.5;-15.8333330154419;-85.33333587646484;2;3
13481;271;37.16666793823242;-18.66666603088379;-84.16666412353516;2;3
13530;272;38.33333206176758;-18;-83;2;3
13581;273;37.16666793823242;-18;-83.33333587646484;2;3
13632;274;38.5;-17.66666603088379;-83.83333587646484;2;3
13676;275;37.33333206176758;-16.83333396911621;-83.5;2;3
13727;276;37.66666793823242;-17.33333396911621;-83.83333587646484;2;3
13824;277;35.83333206176758;-17.16666603088379;-84.83333587646484;2;3
13828;278;35.83333206176758;-17.16666603088379;-84.83333587646484;2;3
13920;279;37.5;-17.16666603088379;-82.5;2;3
13924;280;37.5;-17.16666603088379;-82.5;2;3
14021;281;37.5;-17.16666603088379;-82.5;2;3
14071;282;40.5;-17.66666603088379;-78;2;3
14117;283;41.16666793823242;-18.66666603088379;-75.5;2;3
14166;284;87.83333587646484;-20.83333396911621;-71.66666412353516;2;3
14220;285;91;-20.33333396911621;-65;2;3
14265;286;94.66666412353516;19.83333396911621;-101.5;2;3
14314;287;94.5;-21;-98.66666412353516;2;3
14357;288;95.83333587646484;19.16666603088379;-95.33333587646484;2;3
14406;289;94.33333587646484;19.16666603088379;-98;2;3
14460;290;94;20.5;-99.33333587646484;2;3
14511;291;92;-19.66666603088379;-100.1666641235352;2;3
14557;292;92.33333587646484;-19.5;-98.83333587646484;2;3
14607;293;89.66666412353516;-19.66666603088379;-100.1666641235352;2;3
14651;294;88.83333587646484;-20.16666603088379;-98.66666412353516;2;3
14704;295;90.5;-19.66666603088379;-99.83333587646484;2;3
14750;296;91.66666412353516;20.83333396911621;-99;2;3
14798;297;90.66666412353516;-18.66666603088379;-98;2;3
14850;298;90.5;-20.5;-99.83333587646484;2;3
14900;299;92;20.83333396911621;-99;2;3
14947;300;91.16666412353516;-20.5;-97.83333587646484;2;3
14997;301;93.33333587646484;-21;-97.83333587646484;2;3
87;0;0.951416015625;0.089599609375;0.265625;0;4
100;1;0.951416015625;0.089599609375;0.265625;0;4
126;2;0.950927734375;0.091064453125;0.274169921875;0;4
142;3;0.950927734375;0.091064453125;0.274169921875;0;4
164;4;0.9599609375;0.099609375;0.29931640625;0;4
209;5;0.947998046875;0.098876953125;0.302978515625;0;4
258;6;0.94580078125;0.0947265625;0.312255859375;0;4
312;7;0.959228515625;0.07421875;0.333740234375;0;4
361;8;0.956298828125;0.07958984375;0.330322265625;0;4
405;9;0.9345703125;0.06787109375;0.32568359375;0;4
503;10;0.931640625;0.062255859375;0.356689453125;0;4
551;11;0.942626953125;0.054931640625;0.3564453125;0;4
603;12;0.915771484375;0.00830078125;0.39697265625;0;4
648;13;0.957763671875;0.06494140625;0.37744140625;0;4
701;14;0.98486328125;0.013427734375;0.3447265625;0;4
745;15;0.950439453125;-0.005859375;0.35107421875;0;4
796;16;0.952392578125;0.009033203125;0.337158203125;0;4
851;17;0.890380859375;0.063232421875;0.38671875;0;4
894;18;0.9169921875;0.0712890625;0.4130859375;0;4
941;19;0.901123046875;0.1513671875;0.368408203125;0;4
990;20;0.917724609375;0.06005859375;0.39208984375;0;4
1039;21;0.9326171875;0.05078125;0.378662109375;0;4
1087;22;0.947021484375;0.024658203125;0.346435546875;0;4
1138;23;0.94287109375;0.0146484375;0.3671875;0;4
1186;24;0.94140625;0.048828125;0.376708984375;0;4
1236;25;0.937255859375;0.0283203125;0.3251953125;0;4
1283;26;0.945556640625;-0.00927734375;0.294921875;0;4
1333;27;0.93115234375;0.02490234375;0.309814453125;0;4
1379;28;0.931884765625;0.025146484375;0.314208984375;0;4
1432;29;0.956298828125;0.005615234375;0.301513671875;0;4
1478;30;0.95361328125;0.002197265625;0.27685546875;0;4
1526;31;0.949951171875;-0.02001953125;0.287841796875;0;4
1575;32;1.013916015625;-0.00830078125;0.1845703125;0;4
1624;33;1.1328125;-0.0361328125;0.09130859375;0;4
1672;34;1.138671875;-0.093017578125;0.123291015625;0;4
1721;35;1.32177734375;-0.048095703125;0.048583984375;0;4
1770;36;1.23046875;-0.178466796875;0.248046875;0;4
1819;37;0.830322265625;-0.171142578125;0.155517578125;0;4
1867;38;0.62939453125;0.280029296875;-0.028076171875;0;4
1919;39;0.7626953125;0.2822265625;-0.156005859375;0;4
1965;40;1.058349609375;0.1044921875;-0.255859375;0;4
2025;41;1.149658203125;0.0625;-0.203857421875;0;4
2063;42;1.12890625;-0.102294921875;0.11572265625;0;4
2127;43;1.2958984375;-0.00732421875;0.433349609375;0;4
2161;44;1.16357421875;-1.322021484375;-0.33447265625;0;4
2214;45;2;-2;-1.353271484375;0;4
2257;46;0.74365234375;0.0322265625;0.00537109375;0;4
2306;47;1.055419921875;0.1064453125;0.36328125;0;4
2406;48;0.96435546875;-0.0615234375;0.3125;0;4
2410;49;0.96435546875;-0.0615234375;0.3125;0;4
2501;50;1.026611328125;0.001220703125;0.21435546875;0;4
2550;51;0.92626953125;-0.027587890625;0.294189453125;0;4
2599;52;0.930419921875;-0.0361328125;0.344482421875;0;4
2650;53;0.971923828125;0.034912109375;0.351806640625;0;4
2696;54;0.998779296875;0.001220703125;0.342041015625;0;4
2794;55;1.1708984375;-0.20068359375;0.318603515625;0;4
2798;56;1.1708984375;-0.20068359375;0.318603515625;0;4
2843;57;1.500732421875;-0.04931640625;0.17724609375;0;4
2891;58;2;0.857177734375;1.226806640625;0;4
2942;59;0.06298828125;-0.919677734375;0.182373046875;0;4
2989;60;0.406494140625;0.9404296875;0.2041015625;0;4
3047;61;0.161376953125;0.26904296875;0.143310546875;0;4
3087;62;0.67919921875;0.3408203125;0.142333984375;0;4
3145;63;0.9853515625;0.42626953125;0.086181640625;0;4
3185;64;1.96630859375;0.28369140625;0.2080078125;0;4
3242;65;2;-1.134765625;-0.74658203125;0;4
3281;66;0.837158203125;-2;-0.628173828125;0;4
3329;67;2;1.98431396484375;2;0;4
3379;68;0.642333984375;0.833740234375;-0.1513671875;0;4
3429;69;0.685791015625;0.137451171875;0.656005859375;0;4
3477;70;0.84033203125;0.149658203125;0.359619140625;0;4
3531;71;0.9423828125;0;0.36083984375;0;4
3574;72;0.94287109375;0.10595703125;0.417724609375;0;4
3623;73;0.897216796875;0.059814453125;0.44482421875;0;4
3672;74;0.89306640625;0.008056640625;0.442626953125;0;4
3720;75;0.935791015625;-0.04296875;0.3818359375;0;4
3769;76;1.01220703125;-0.029541015625;0.439697265625;0;4
3817;77;1.158203125;-0.112060546875;0.264892578125;0;4
3866;78;1.505615234375;-0.1162109375;0.55615234375;0;4
3915;79;2;0.85595703125;0.78564453125;0;4
3963;80;0.142333984375;-1.36083984375;-0.12744140625;0;4
4017;81;0.21923828125;1.118896484375;0.439697265625;0;4
4061;82;0.628173828125;0.604736328125;0.09912109375;0;4
4118;83;1.33544921875;0.330078125;0.1162109375;0;4
4160;84;1.797607421875;0.057373046875;-0.2412109375;0;4
4208;85;1.974609375;-0.3125;-0.923095703125;0;4
4265;86;1.3212890625;-0.8974609375;-1.98431396484375;0;4
4360;87;0.911865234375;0.22802734375;0.325927734375;0;4
4364;88;0.911865234375;0.22802734375;0.325927734375;0;4
4458;89;0.861572265625;-0.2177734375;0.326171875;0;4
4500;90;0.980224609375;-0.258056640625;0.257080078125;0;4
4601;91;0.9482421875;-0.128173828125;0.332275390625;0;4
4605;92;0.9482421875;-0.128173828125;0.332275390625;0;4
4647;93;0.897705078125;-0.03955078125;0.331298828125;0;4
4695;94;0.98828125;-0.13671875;0.2734375;0;4
4743;95;0.9306640625;-0.16259765625;0.2138671875;0;4
4794;96;1.021240234375;-0.086181640625;0.322265625;0;4
4841;97;1.192626953125;0.050537109375;0.379638671875;0;4
4891;98;1.4462890625;0.034423828125;0.683837890625;0;4
4939;99;1.04052734375;0.0478515625;0.4765625;0;4
4988;100;0.709716796875;0.223388671875;0.184814453125;0;4
5037;101;0.852783203125;0.4599609375;0.48291015625;0;4
5085;102;1.20849609375;0.739990234375;0.091064453125;0;4
5151;103;1.349609375;0.353759765625;-0.52099609375;0;4
5182;104;1.519775390625;0.098876953125;-1.861083984375;0;4
5236;105;1.662353515625;-0.85986328125;-1.139404296875;0;4
5285;106;1.15478515625;-0.197509765625;0.084716796875;0;4
5328;107;1.087890625;0.098388671875;0.36279296875;0;4
5377;108;1.059326171875;-0.077880859375;0.3212890625;0;4
5441;109;0.968017578125;-0.176513671875;0.329345703125;0;4
5490;110;0.889892578125;0.01708984375;0.412353515625;0;4
5532;111;0.98193359375;0.22412109375;0.44677734375;0;4
5573;112;0.921875;0.01220703125;0.434326171875;0;4
5621;113;0.92578125;-0.03466796875;0.358154296875;0;4
5670;114;0.9873046875;-0.01953125;0.311767578125;0;4
5719;115;0.943603515625;0.076171875;0.322265625;0;4
5767;116;0.9638671875;0.01416015625;0.3056640625;0;4
5817;117;0.93994140625;0.026611328125;0.3291015625;0;4
5865;118;0.951416015625;0.048828125;0.31982421875;0;4
5913;119;0.96044921875;0.040771484375;0.292724609375;0;4
5967;120;0.9365234375;0.052490234375;0.284423828125;0;4
6011;121;0.982421875;0.058837890625;0.25634765625;0;4
6063;122;0.95263671875;0.04931640625;0.255126953125;0;4
6110;123;0.947265625;0.04296875;0.265869140625;0;4
6157;124;0.96728515625;0.055419921875;0.254638671875;0;4
6206;125;0.9892578125;0.0615234375;0.2548828125;0;4
6305;126;0.978271484375;0.05029296875;0.201904296875;0;4
6309;127;0.978271484375;0.05029296875;0.201904296875;0;4
6402;128;0.9482421875;0.0224609375;0.262451171875;0;4
6450;129;0.959716796875;0.09326171875;0.210693359375;0;4
6500;130;0.96142578125;0.168212890625;0.151123046875;0;4
6548;131;1.015380859375;-0.083984375;0.334228515625;0;4
6596;132;1.01171875;0.000732421875;0.13671875;0;4
6645;133;0.983154296875;0.10302734375;0.272705078125;0;4
6695;134;0.9638671875;0.10009765625;0.209716796875;0;4
6742;135;0.969970703125;-0.01806640625;0.181396484375;0;4
6791;136;0.98486328125;0.07958984375;0.22705078125;0;4
6845;137;0.98486328125;0.078125;0.215576171875;0;4
6889;138;0.9765625;0.049072265625;0.19873046875;0;4
6937;139;0.986083984375;0.066162109375;0.212158203125;0;4
6988;140;0.96728515625;0.0556640625;0.218505859375;0;4
7036;141;0.96728515625;0.040283203125;0.202880859375;0;4
7089;142;0.966064453125;0.0390625;0.216064453125;0;4
7147;143;0.967529296875;0.045166015625;0.223388671875;0;4
7185;144;0.98779296875;0.05322265625;0.200439453125;0;4
7231;145;0.984619140625;0.064453125;0.221923828125;0;4
7280;146;0.986083984375;0.052490234375;0.19775390625;0;4
7327;147;0.96728515625;0.0458984375;0.2060546875;0;4
7376;148;0.984619140625;0.04638671875;0.22216796875;0;4
7426;149;0.98681640625;0.063232421875;0.20068359375;0;4
7474;150;0.96728515625;0.045654296875;0.197265625;0;4
7524;151;0.98583984375;0.04345703125;0.19921875;0;4
7571;152;0.966064453125;0.068115234375;0.19677734375;0;4
7621;153;0.968505859375;0.04443359375;0.20849609375;0;4
7669;154;0.968505859375;0.04638671875;0.207275390625;0;4
7718;155;0.967041015625;0.04443359375;0.20458984375;0;4
7767;156;0.986328125;0.04638671875;0.205810546875;0;4
7816;157;0.968017578125;0.0546875;0.210693359375;0;4
7864;158;0.98486328125;0.05810546875;0.195556640625;0;4
7923;159;0.986083984375;0.054931640625;0.2099609375;0;4
7962;160;0.985107421875;0.066162109375;0.182373046875;0;4
8019;161;0.986572265625;0.044677734375;0.209228515625;0;4
8059;162;0.984619140625;0.064208984375;0.185791015625;0;4
8111;163;0.985595703125;0.0673828125;0.18359375;0;4
8177;164;0.9677734375;0.056640625;0.197021484375;0;4
8258;165;0.977783203125;0.07958984375;0.191650390625;0;4
8261;166;0.977783203125;0.07958984375;0.191650390625;0;4
8352;167;0.96484375;0.078857421875;0.207275390625;0;4
8400;168;0.98486328125;0.083251953125;0.18408203125;0;4
8450;169;0.9853515625;0.0712890625;0.202392578125;0;4
8498;170;0.96484375;0.072265625;0.2080078125;0;4
8546;171;0.9873046875;0.0830078125;0.208740234375;0;4
8595;172;0.986572265625;0.079833984375;0.20849609375;0;4
8644;173;0.966064453125;0.081298828125;0.212890625;0;4
8692;174;0.984619140625;0.070556640625;0.2021484375;0;4
8741;175;0.96484375;0.072998046875;0.2001953125;0;4
8790;176;0.98583984375;0.0810546875;0.19580078125;0;4
8840;177;0.98681640625;0.08349609375;0.20654296875;0;4
8894;178;0.967529296875;0.07861328125;0.195556640625;0;4
8945;179;0.96728515625;0.080078125;0.2099609375;0;4
8986;180;0.98779296875;0.078857421875;0.18408203125;0;4
9034;181;0.984619140625;0.083740234375;0.197509765625;0;4
9094;182;0.9658203125;0.080078125;0.2109375;0;4
9136;183;0.986328125;0.082275390625;0.1865234375;0;4
9198;184;0.987548828125;0.080810546875;0.197021484375;0;4
9230;185;0.98486328125;0.07275390625;0.20361328125;0;4
9277;186;0.96826171875;0.060546875;0.19873046875;0;4
9325;187;0.9677734375;0.084228515625;0.204833984375;0;4
9375;188;0.968505859375;0.061767578125;0.210205078125;0;4
9425;189;0.984619140625;0.08203125;0.20751953125;0;4
9473;190;0.966796875;0.078857421875;0.1982421875;0;4
9521;191;0.98583984375;0.085693359375;0.21044921875;0;4
9621;192;0.984619140625;0.061279296875;0.1826171875;0;4
9625;193;0.984619140625;0.061279296875;0.1826171875;0;4
9667;194;0.988037109375;0.08447265625;0.203857421875;0;4
9717;195;0.985595703125;0.08154296875;0.2099609375;0;4
9765;196;0.968017578125;0.07861328125;0.18505859375;0;4
9816;197;0.96630859375;0.05859375;0.185546875;0;4
9869;198;0.967529296875;0.080078125;0.186767578125;0;4
9911;199;0.98828125;0.059814453125;0.20458984375;0;4
9966;200;0.96875;0.07177734375;0.209716796875;0;4
10008;201;0.968017578125;0.07958984375;0.2060546875;0;4
10058;202;0.96533203125;0.07958984375;0.185302734375;0;4
10109;203;0.98681640625;0.0810546875;0.207763671875;0;4
10205;204;0.964599609375;0.08056640625;0.18505859375;0;4
10209;205;0.98876953125;0.080322265625;0.1923828125;0;4
10301;206;0.98486328125;0.078369140625;0.2001953125;0;4
10352;207;0.9765625;0.070556640625;0.2060546875;0;4
10399;208;0.966796875;0.0849609375;0.206787109375;0;4
10448;209;0.964111328125;0.07470703125;0.206787109375;0;4
10498;210;0.9638671875;0.085205078125;0.206787109375;0;4
10545;211;0.988525390625;0.070556640625;0.21044921875;0;4
10594;212;0.98974609375;0.078125;0.18408203125;0;4
10645;213;0.96533203125;0.082763671875;0.20703125;0;4
10691;214;0.96826171875;0.0849609375;0.19873046875;0;4
10740;215;0.968017578125;0.080078125;0.196044921875;0;4
10789;216;0.98486328125;0.079345703125;0.209716796875;0;4
10837;217;0.96533203125;0.08544921875;0.210693359375;0;4
10888;218;0.98681640625;0.0615234375;0.186767578125;0;4
10936;219;0.98486328125;0.078369140625;0.20458984375;0;4
10983;220;0.986572265625;0.059326171875;0.191162109375;0;4
11038;221;0.966796875;0.06201171875;0.179931640625;0;4
11081;222;0.98486328125;0.081787109375;0.205322265625;0;4
11132;223;0.985107421875;0.079345703125;0.205322265625;0;4
11179;224;0.967041015625;0.060546875;0.187255859375;0;4
11233;225;0.96826171875;0.05908203125;0.18359375;0;4
11275;226;0.9853515625;0.062255859375;0.19677734375;0;4
11326;227;0.9853515625;0.056884765625;0.208984375;0;4
11374;228;0.967041015625;0.055908203125;0.200927734375;0;4
11428;229;0.96826171875;0.06005859375;0.195556640625;0;4
11472;230;0.98486328125;0.069580078125;0.20556640625;0;4
11521;231;0.98681640625;0.056884765625;0.200439453125;0;4
11570;232;0.986572265625;0.0546875;0.207275390625;0;4
11627;233;0.9658203125;0.066650390625;0.20556640625;0;4
11670;234;0.96826171875;0.058837890625;0.21044921875;0;4
11716;235;0.965576171875;0.06689453125;0.197509765625;0;4
11764;236;0.98486328125;0.0556640625;0.197998046875;0;4
11812;237;0.966552734375;0.05859375;0.2080078125;0;4
11873;238;0.989013671875;0.06689453125;0.205322265625;0;4
11911;239;0.98828125;0.070068359375;0.2099609375;0;4
11970;240;0.965576171875;0.065185546875;0.21044921875;0;4
12008;241;0.987548828125;0.063720703125;0.19580078125;0;4
12059;242;0.985595703125;0.06591796875;0.197265625;0;4
12161;243;0.965576171875;0.067138671875;0.205810546875;0;4
12167;244;0.965576171875;0.067138671875;0.205810546875;0;4
12317;245;0.965576171875;0.065673828125;0.2109375;0;4
12326;246;0.965576171875;0.065673828125;0.2109375;0;4
12352;247;0.9853515625;0.065185546875;0.202880859375;0;4
12398;248;0.986572265625;0.046142578125;0.1982421875;0;4
12449;249;0.986328125;0.06591796875;0.196044921875;0;4
12496;250;0.98681640625;0.066650390625;0.197509765625;0;4
12598;251;0.9658203125;0.056396484375;0.21923828125;0;4
12615;252;0.9658203125;0.056396484375;0.21923828125;0;4
12709;253;0.9677734375;0.06884765625;0.222412109375;0;4
12714;254;0.9677734375;0.06884765625;0.222412109375;0;4
12759;255;0.968017578125;0.070068359375;0.20947265625;0;4
12805;256;0.96826171875;0.0693359375;0.200439453125;0;4
12855;257;0.96484375;0.0654296875;0.22607421875;0;4
12900;258;0.989013671875;0.067626953125;0.197509765625;0;4
12953;259;0.96875;0.0458984375;0.222900390625;0;4
12998;260;0.967529296875;0.0556640625;0.19677734375;0;4
13047;261;0.966796875;0.065673828125;0.19580078125;0;4
13100;262;0.968017578125;0.059814453125;0.221923828125;0;4
13145;263;0.962890625;0.06689453125;0.19580078125;0;4
13195;264;0.984619140625;0.0546875;0.196533203125;0;4
13240;265;0.968017578125;0.067138671875;0.202392578125;0;4
13290;266;0.984619140625;0.068603515625;0.210205078125;0;4
13346;267;0.966552734375;0.05615234375;0.209716796875;0;4
13387;268;0.98486328125;0.056884765625;0.197265625;0;4
13438;269;0.96826171875;0.069580078125;0.208984375;0;4
13483;270;0.9853515625;0.055419921875;0.21044921875;0;4
13532;271;0.984619140625;0.065185546875;0.22021484375;0;4
13584;272;0.96826171875;0.055908203125;0.19970703125;0;4
13634;273;0.984619140625;0.0556640625;0.196533203125;0;4
13679;274;0.984619140625;0.06982421875;0.200927734375;0;4
13733;275;0.987548828125;0.057373046875;0.20166015625;0;4
13778;276;0.98486328125;0.055908203125;0.196044921875;0;4
13830;277;0.9873046875;0.056884765625;0.2001953125;0;4
13874;278;0.96875;0.05517578125;0.201171875;0;4
13927;279;0.96826171875;0.05615234375;0.200927734375;0;4
13974;280;0.968017578125;0.056640625;0.19921875;0;4
14024;281;0.967041015625;0.059326171875;0.197509765625;0;4
14074;282;0.968017578125;0.059326171875;0.200927734375;0;4
14168;283;0.963134765625;0.058349609375;0.22021484375;0;4
14222;284;0.966552734375;0.0791015625;0.200927734375;0;4
14267;285;0.962158203125;0.060791015625;0.202880859375;0;4
14318;286;0.967041015625;0.0595703125;0.211181640625;0;4
14361;287;0.965576171875;0.06201171875;0.223388671875;0;4
14414;288;0.986328125;0.0830078125;0.21435546875;0;4
14463;289;0.96533203125;0.070068359375;0.2197265625;0;4
14513;290;0.968505859375;0.060546875;0.2119140625;0;4
14559;291;0.984619140625;0.058837890625;0.218994140625;0;4
14609;292;0.98486328125;0.059814453125;0.201416015625;0;4
14653;293;0.98583984375;0.060791015625;0.220703125;0;4
14707;294;0.968017578125;0.069091796875;0.197509765625;0;4
14752;295;0.96337890625;0.05810546875;0.223388671875;0;4
14800;296;0.965576171875;0.069580078125;0.19580078125;0;4
14853;297;0.968017578125;0.078857421875;0.222900390625;0;4
14902;298;0.98583984375;0.083740234375;0.197998046875;0;4
14950;299;0.9638671875;0.084716796875;0.216552734375;0;4
14999;300;0.96533203125;0.081787109375;0.219970703125;0;4
88;1;0.0234375;5.796875;-6.3671875;1;4
101;2;0.0234375;5.796875;-6.3671875;1;4
127;3;-2.2109375;8.984375;-6.5546875;1;4
143;4;-2.2109375;8.984375;-6.5546875;1;4
166;5;0.875;10.2578125;-3.984375;1;4
210;6;-0.84375;9.515625;-3.59375;1;4
259;7;1.3984375;12.8046875;-3.2578125;1;4
313;8;1.7890625;11.4453125;-6.3828125;1;4
362;9;0.3828125;14.109375;-5.5078125;1;4
406;10;-4.8359375;13.0625;-8.2265625;1;4
503;11;-6.84375;12.5546875;-8.640625;1;4
552;12;-6.765625;10.5078125;-7.15625;1;4
604;13;1.1171875;8.6953125;-6.015625;1;4
649;14;-0.34375;1.4453125;-3.3515625;1;4
702;15;3.265625;-2.8671875;-3.9609375;1;4
746;16;-0.734375;-5.703125;-6.8359375;1;4
796;17;0.2890625;-7.796875;-4.25;1;4
853;18;3.375;-5.6171875;2.734375;1;4
895;19;9.5;-6.3984375;6.234375;1;4
943;20;30.640625;-3.828125;6.15625;1;4
991;21;31.828125;-3.8984375;8.34375;1;4
1040;22;17.421875;-5.03125;2.921875;1;4
1088;23;15.234375;-7.6640625;2.8828125;1;4
1139;24;14.6171875;-7.6953125;1.546875;1;4
1187;25;9.53125;-10.9921875;1.1875;1;4
1237;26;7.0859375;-10.96875;-2.8515625;1;4
1284;27;3.1171875;-12.140625;-5.75;1;4
1333;28;10.4453125;-18.1953125;-6.6171875;1;4
1380;29;12.453125;-24.125;-9.7265625;1;4
1433;30;5.984375;-30.859375;-20.5078125;1;4
1479;31;1.8984375;-40.71875;-27.109375;1;4
1527;32;10.0234375;-50.046875;-40.984375;1;4
1576;33;24.6484375;-54.6640625;-45.546875;1;4
1625;34;38.4765625;-49.4375;-55.6953125;1;4
1673;35;17.2890625;-50.203125;-86.0703125;1;4
1722;36;16.0078125;-64.109375;-111.0703125;1;4
1771;37;-9.1640625;-58.5;-135.9609375;1;4
1820;38;-15.4375;-13.734375;-103.84375;1;4
1868;39;38.3359375;22.9140625;6.921875;1;4
1920;40;62.46875;37.9453125;86.03125;1;4
1966;41;44.7265625;44.71875;125.640625;1;4
2027;42;0.078125;53.25;155.3984375;1;4
2064;43;-72.28125;62.1015625;173.1953125;1;4
2129;44;-97;63.7265625;175.40625;1;4
2162;45;47.0859375;40.4453125;128.203125;1;4
2216;46;119.1640625;89.1015625;-161.3828125;1;4
2258;47;-14.515625;51.515625;-56.5546875;1;4
2307;48;-12.640625;35.5546875;-61.625;1;4
2407;49;0;0;0;1;4
2411;50;0;0;0;1;4
2502;51;3.1796875;9.75;-25.8828125;1;4
2551;52;0;0;0;1;4
2599;53;20;2.6328125;-13.625;1;4
2651;54;42.28125;-5.78125;-28.9140625;1;4
2697;55;72.6640625;-11.5625;-43.734375;1;4
2795;56;64.296875;-27.25;-96.3515625;1;4
2798;57;64.296875;-27.25;-96.3515625;1;4
2843;58;67.734375;-39.234375;-136.4765625;1;4
2892;59;137.5546875;-58.2578125;-214.6796875;1;4
2943;60;110.546875;9.234375;-195.4921875;1;4
2989;61;79.7734375;43.2734375;7.8671875;1;4
3048;62;-20.4296875;63.8671875;93.9609375;1;4
3089;63;-49.1015625;78.453125;195.546875;1;4
3148;64;-13.2265625;98.0625;253.9921875;1;4
3190;65;59.7734375;113.4765625;253.9921875;1;4
3243;66;96.1953125;65.546875;253.9921875;1;4
3282;67;-1.59375;62.203125;105.8359375;1;4
3329;68;-199.28125;1.78125;-29.1484375;1;4
3380;69;-33.9921875;48.984375;-87.4609375;1;4
3429;70;3.0703125;22.6953125;-71.796875;1;4
3478;71;40.71875;-3.0078125;-33.640625;1;4
3532;72;18.9140625;-1.125;-33.7578125;1;4
3576;73;16.8359375;-10.6796875;-40.953125;1;4
3624;74;23.125;-15.2109375;-43.3515625;1;4
3672;75;18.890625;-5.25;-61.078125;1;4
3721;76;7.140625;-9.5234375;-73.8203125;1;4
3769;77;39.4140625;-13.7265625;-87.9453125;1;4
3818;78;89.765625;-19.84375;-92.015625;1;4
3867;79;123.84375;-30.1640625;-117.1171875;1;4
3916;80;228.796875;-3;-192.9765625;1;4
3964;81;149.78125;62.40625;-150.0390625;1;4
4018;82;219.5;108.40625;70.8046875;1;4
4062;83;172.8984375;152.7421875;197.265625;1;4
4119;84;179.203125;189.9140625;253.9921875;1;4
4161;85;212.21875;215.0234375;253.9921875;1;4
4209;86;253.9921875;168.84375;173.7578125;1;4
4266;87;253.9921875;76.3203125;58.140625;1;4
4361;88;0;0;0;1;4
4365;89;0;0;0;1;4
4459;90;37.1796875;-22.5234375;-14.8515625;1;4
4501;91;0;0;0;1;4
4602;92;1.234375;-26.2734375;17.984375;1;4
4606;93;1.234375;-26.2734375;17.984375;1;4
4648;94;31.4609375;-18.765625;9.296875;1;4
4696;95;34.4140625;-29.3125;-1.2109375;1;4
4744;96;31.2109375;-50.3125;-11.8671875;1;4
4795;97;35.8984375;-72;-33.0859375;1;4
4842;98;83.625;-68.0390625;-56.5859375;1;4
4892;99;188.2421875;-64.234375;-81.8671875;1;4
4939;100;219.6875;27.890625;-73.4375;1;4
4990;101;253.2890625;90.1796875;-8.09375;1;4
5038;102;82.578125;184.515625;44.578125;1;4
5085;103;219.8984375;179.4375;152.359375;1;4
5152;104;253.9921875;150.3515625;149.296875;1;4
5183;105;253.9921875;98.4765625;112.140625;1;4
5237;106;-181.2578125;-106.84375;-61.2421875;1;4
5287;107;-69.453125;1.0234375;-13.453125;1;4
5328;108;-11.8984375;1.71875;9.625;1;4
5378;109;32.03125;20.015625;40.90625;1;4
5443;110;33.734375;17.7890625;28.7265625;1;4
5492;111;-8.8828125;2.265625;34.8125;1;4
5533;112;13.1796875;4.1875;26.9765625;1;4
5574;113;48.5625;-3.5;20.0234375;1;4
5622;114;31.453125;-14.21875;10.34375;1;4
5671;115;0.4609375;-13.1796875;8.6796875;1;4
5719;116;12.2421875;-14.71875;13.7421875;1;4
5768;117;22.203125;-13.2734375;14.0859375;1;4
5818;118;6.109375;-20.1328125;5.8671875;1;4
5866;119;-4.1796875;-19.078125;-1.015625;1;4
5914;120;-1.3046875;-15.2578125;0.4765625;1;4
5967;121;-4.328125;-14.9609375;2.65625;1;4
6011;122;-2.25;-11.1328125;0.90625;1;4
6064;123;1.4453125;-7.046875;0.3203125;1;4
6111;124;-6.6328125;-7.8125;-2.375;1;4
6158;125;-3.2734375;-10.1953125;-2.40625;1;4
6207;126;2.65625;-7.96875;-1.4765625;1;4
6306;127;0;0;0;1;4
6310;128;0;0;0;1;4
6403;129;12.4765625;-3.1796875;11.21875;1;4
6451;130;0;0;0;1;4
6501;131;115.84375;-13.1015625;29.5625;1;4
6549;132;58.09375;-3.3359375;5.0625;1;4
6597;133;-5.0625;-6.375;-13.6328125;1;4
6646;134;-18.9609375;-1.171875;-14.34375;1;4
6696;135;10.734375;6.0546875;-6.1875;1;4
6743;136;7.8359375;4.3828125;2.578125;1;4
6792;137;-4.7421875;-0.1640625;0.2578125;1;4
6846;138;2.40625;-0.6953125;-1.890625;1;4
6889;139;0.40625;-2.03125;-4.7265625;1;4
6938;140;-2.65625;-2.875;-2.359375;1;4
6989;141;6.703125;-1.5546875;-0.1328125;1;4
7037;142;4.859375;0.046875;-2.0078125;1;4
7091;143;-1.90625;-1.234375;-4.09375;1;4
7150;144;-1.125;-2.8984375;-1.65625;1;4
7186;145;-2.71875;-1.21875;0.03125;1;4
7232;146;-0.984375;-1.3203125;-0.4296875;1;4
7281;147;2.2265625;-1.203125;-0.3984375;1;4
7328;148;0.7578125;-2.9765625;-0.4140625;1;4
7377;149;-0.8671875;-2.8125;-0.546875;1;4
7427;150;0.984375;-2.6796875;-0.515625;1;4
7475;151;0.09375;-1.109375;0.2421875;1;4
7525;152;-2.4765625;-2.953125;0.7890625;1;4
7572;153;-2.296875;-2.7421875;0.4375;1;4
7622;154;-2.671875;-2.390625;0.3984375;1;4
7670;155;-2.5703125;-2.734375;0.2265625;1;4
7718;156;-2.234375;-2.53125;0.34375;1;4
7767;157;-2.28125;-2.21875;-0.2734375;1;4
7818;158;-2.5078125;0.515625;-0.1484375;1;4
7866;159;-1.140625;0.140625;0.859375;1;4
7925;160;-2.5703125;-2.375;-2.6015625;1;4
7963;161;-2.65625;-2.359375;-1.375;1;4
8020;162;-4.0625;0.2578125;-2.171875;1;4
8060;163;-4.421875;0.7109375;-0.5078125;1;4
8113;164;-1.546875;-0.5625;2.71875;1;4
8179;165;-4.28125;-0.59375;2.8203125;1;4
8259;166;0;0;0;1;4
8262;167;0;0;0;1;4
8353;168;-1.3359375;2.171875;1.390625;1;4
8401;169;0;0;0;1;4
8451;170;-1.1796875;-0.9296875;-0.8125;1;4
8499;171;-1.1640625;0.015625;-2.1328125;1;4
8547;172;-2.6171875;0.2890625;-1.1953125;1;4
8596;173;-1.3515625;0.8359375;-2.7421875;1;4
8645;174;-6.7890625;0.9375;-1.3671875;1;4
8693;175;-6.2421875;0.140625;-2.25;1;4
8742;176;-1.09375;0.7890625;0.1171875;1;4
8790;177;-2.9296875;-2.4375;-2.5078125;1;4
8841;178;-1.25;-2.0390625;-2.6796875;1;4
8895;179;-2.7734375;0.0234375;-2.9375;1;4
8947;180;-2.5234375;-2.390625;-2.5625;1;4
8987;181;0.1015625;-2.1953125;-2.1953125;1;4
9036;182;0.5390625;-2.1640625;0.25;1;4
9096;183;0.859375;-2.015625;0.5625;1;4
9137;184;-0.7109375;0.0703125;0.640625;1;4
9200;185;2.21875;0.5;-0.8125;1;4
9231;186;2.671875;0.078125;-0.7265625;1;4
9278;187;0.59375;-2.59375;-1.0859375;1;4
9326;188;-2.3203125;-2.40625;-1.078125;1;4
9376;189;0.53125;0.2734375;-2.390625;1;4
9426;190;0.5546875;0.546875;0.390625;1;4
9474;191;0.5703125;0.1171875;-2.15625;1;4
9522;192;0.796875;-2.078125;-2.1640625;1;4
9622;193;2.265625;0.1640625;0.1015625;1;4
9626;194;2.265625;0.1640625;0.1015625;1;4
9668;195;-0.1328125;-2.1484375;0.1171875;1;4
9718;196;-0.6171875;0.3828125;-2.078125;1;4
9766;197;0.109375;0.46875;-1.0390625;1;4
9817;198;-2.34375;0.7109375;-2.6640625;1;4
9869;199;0.2265625;0.859375;0.3203125;1;4
9912;200;-2.3046875;0.4609375;-2.0625;1;4
9967;201;0.09375;0.8359375;-2.0390625;1;4
10009;202;0.953125;0.734375;0.625;1;4
10059;203;-0.5;-0.890625;-0.953125;1;4
10110;204;-0.3828125;0.984375;-0.7109375;1;4
10206;205;2.7421875;0.9609375;0.71875;1;4
10210;206;0;0;0;1;4
10302;207;2.640625;0.265625;0.7421875;1;4
10353;208;0;0;0;1;4
10399;209;-0.1953125;0.2578125;-0.21875;1;4
10448;210;0.28125;-2.0078125;0.5859375;1;4
10499;211;0.296875;0.3984375;-2.828125;1;4
10546;212;0.703125;0.0546875;-2.4609375;1;4
10595;213;0.96875;0.46875;-2.171875;1;4
10646;214;-2.578125;0.203125;-2.3828125;1;4
10692;215;0.234375;0.578125;-2.375;1;4
10741;216;-2.328125;0.234375;-1.109375;1;4
10790;217;-2.5;-2.4296875;-1.75;1;4
10838;218;-2.5703125;-1.0703125;-1.8984375;1;4
10889;219;-2.2109375;-1.046875;-1.9609375;1;4
10937;220;-2.7890625;-2.0234375;-1.5625;1;4
10984;221;0.2265625;0.4609375;-2.640625;1;4
11039;222;0.265625;-0.8046875;0.09375;1;4
11082;223;-0.9609375;-0.515625;0.296875;1;4
11132;224;0.640625;-0.0625;-2.28125;1;4
11180;225;0.46875;-0.265625;-2.28125;1;4
11234;226;0.5859375;-0.3984375;0.1796875;1;4
11276;227;0.171875;-0.4453125;-2.2265625;1;4
11327;228;0.640625;-0.4765625;-2.6015625;1;4
11375;229;0.5;0.9375;-2.5390625;1;4
11430;230;0.09375;-0.9375;-2.53125;1;4
11473;231;0.234375;0.765625;-1.046875;1;4
11522;232;-2.15625;0.8359375;-2.71875;1;4
11571;233;-2.1796875;0.265625;-2.8984375;1;4
11630;234;-2.140625;0.5546875;-2.5078125;1;4
11672;235;0.34375;0.5625;-2.5625;1;4
11717;236;0;0.3671875;-2.640625;1;4
11765;237;0.0390625;0.6796875;-2.7109375;1;4
11813;238;-2.4140625;0.7265625;-1.1015625;1;4
11875;239;-2.5234375;0.8046875;-1.171875;1;4
11912;240;-2.671875;-0.8515625;-1.671875;1;4
11971;241;-2.5078125;-0.984375;-1.078125;1;4
12009;242;-2.40625;0.453125;-1.046875;1;4
12061;243;-2.234375;0.359375;-2.859375;1;4
12163;244;0;0;0;1;4
12168;245;0;0;0;1;4
12319;246;0;0;0;1;4
12328;247;0;0;0;1;4
12353;248;0.515625;0.34375;0.734375;1;4
12399;249;0.828125;0.9921875;0.5859375;1;4
12449;250;0.640625;0.765625;0.828125;1;4
12497;251;0.2109375;0.8515625;0.875;1;4
12599;252;0.2734375;-0.4453125;0.6875;1;4
12616;253;0.2734375;-0.4453125;0.6875;1;4
12710;254;0.109375;0.390625;-2.0703125;1;4
12715;255;0.109375;0.390625;-2.0703125;1;4
12760;256;0.3828125;0.8203125;-2.625;1;4
12805;257;-2.1953125;0.65625;-2.0703125;1;4
12856;258;0.21875;0.3046875;0.0234375;1;4
12901;259;0.34375;0;-2.3046875;1;4
12954;260;-2.125;0.234375;0.171875;1;4
12999;261;0.109375;0.453125;0.2265625;1;4
13048;262;0.078125;0.359375;0.875;1;4
13101;263;0.3984375;0.390625;0.59375;1;4
13146;264;0.4375;0.1796875;0.8359375;1;4
13196;265;0.2109375;-2.109375;-0.9921875;1;4
13241;266;0.40625;0.0859375;0.4921875;1;4
13290;267;0.1796875;0.0234375;0.7265625;1;4
13347;268;-2.1484375;-2.0859375;0.171875;1;4
13389;269;-2.03125;0.3984375;-2.0078125;1;4
13439;270;-2.3984375;0.40625;-2.078125;1;4
13484;271;-2.0078125;0.3984375;0.25;1;4
13533;272;0.0546875;0.3046875;0.1328125;1;4
13585;273;-2.015625;0.3203125;0.328125;1;4
13635;274;-2.0859375;0.4765625;0.6953125;1;4
13679;275;0.078125;0.5546875;0.203125;1;4
13734;276;0.0703125;0.2890625;0.390625;1;4
13778;277;0.3203125;0.6875;0.015625;1;4
13831;278;-2.015625;0.5;0.3671875;1;4
13875;279;0.1953125;0.7265625;0.0703125;1;4
13928;280;-2.125;0.6796875;-0.9765625;1;4
13975;281;0.578125;0.8515625;-0.7734375;1;4
14025;282;-0.7109375;-0.3046875;-0.1953125;1;4
14075;283;-0.8125;-0.171875;2.265625;1;4
14169;284;2.03125;-0.09375;-0.109375;1;4
14223;285;0;0;0;1;4
14268;286;0.484375;-0.703125;0.515625;1;4
14319;287;-1.2421875;0.5859375;-1.421875;1;4
14362;288;-4.375;0.1953125;-1.703125;1;4
14415;289;-1.5234375;0.109375;-4.0546875;1;4
14465;290;-1.4140625;-2.1796875;-1.40625;1;4
14514;291;-2.4375;-2.1953125;-1.25;1;4
14560;292;0.4921875;0.1640625;-2.4140625;1;4
14610;293;0.4765625;-2.0859375;0.234375;1;4
14654;294;0.9296875;0.3203125;0.65625;1;4
14708;295;-2.4453125;0.1640625;-2.296875;1;4
14753;296;-2.7734375;-2.5625;-1.28125;1;4
14801;297;0.5859375;-2.71875;0.265625;1;4
14854;298;0.8671875;-1.1328125;0.9609375;1;4
14903;299;2.3671875;0.046875;-0.171875;1;4
14951;300;0.859375;-2.8125;-2.734375;1;4
15000;301;2.296875;-2.953125;-4.078125;1;4
89;1;-40.33333206176758;46.5;70.66666412353516;2;4
103;2;-40.33333206176758;46.5;70.66666412353516;2;4
128;3;-39.33333206176758;48.16666793823242;70.16666412353516;2;4
144;4;-39.33333206176758;48.16666793823242;70.16666412353516;2;4
167;5;-38.83333206176758;46.5;70.66666412353516;2;4
210;6;-37.16666793823242;44.83333206176758;69.66666412353516;2;4
260;7;-38.66666793823242;46.16666793823242;69.33333587646484;2;4
314;8;-40.33333206176758;45.66666793823242;69.16666412353516;2;4
363;9;-86;47;72.83333587646484;2;4
406;10;-42;49.66666793823242;71.5;2;4
504;11;-39;47.83333206176758;68.66666412353516;2;4
553;12;-39;45.83333206176758;67.83333587646484;2;4
605;13;-38.66666793823242;47;67.83333587646484;2;4
650;14;-38.16666793823242;47;66.33333587646484;2;4
703;15;-38.16666793823242;45.83333206176758;67.16666412353516;2;4
747;16;-37.16666793823242;46.83333206176758;66.5;2;4
797;17;-37.16666793823242;45.66666793823242;66.16666412353516;2;4
855;18;-38;47.16666793823242;68;2;4
897;19;-37.83333206176758;46.66666793823242;68.33333587646484;2;4
944;20;-38.83333206176758;46;67.33333587646484;2;4
992;21;-37.83333206176758;45;68.33333587646484;2;4
1041;22;-39.33333206176758;46.16666793823242;67.5;2;4
1089;23;-40;45.66666793823242;67.66666412353516;2;4
1140;24;-39.83333206176758;45.83333206176758;67.83333587646484;2;4
1189;25;-40.33333206176758;44;68;2;4
1239;26;-40;45.66666793823242;69.16666412353516;2;4
1285;27;-40.16666793823242;44.66666793823242;69.83333587646484;2;4
1334;28;-40.16666793823242;45.83333206176758;70.5;2;4
1381;29;-39.66666793823242;44;68.83333587646484;2;4
1433;30;-40.16666793823242;44.66666793823242;70.5;2;4
1480;31;-40.66666793823242;44.33333206176758;71.66666412353516;2;4
1528;32;-38.83333206176758;43.66666793823242;73.5;2;4
1577;33;-39.33333206176758;44.33333206176758;74.33333587646484;2;4
1626;34;-38.83333206176758;-0.6666666865348816;77.16666412353516;2;4
1674;35;-39.66666793823242;-0.1666666716337204;80.33333587646484;2;4
1723;36;-38;-1.333333373069763;81;2;4
1771;37;-35;-2.333333253860474;84.33333587646484;2;4
1821;38;-32.33333206176758;-4;128.1666717529297;2;4
1869;39;-31.5;-7.5;130;2;4
1921;40;-31.33333396911621;-6.166666507720947;131.6666717529297;2;4
1967;41;-36.83333206176758;-3;129.5;2;4
2028;42;-39.66666793823242;-3.833333253860474;83.33333587646484;2;4
2066;43;-86.16666412353516;-3;80.66666412353516;2;4
2131;44;-89.16666412353516;-2.833333253860474;75.5;2;4
2163;45;-90.33333587646484;-2.333333253860474;73.16666412353516;2;4
2217;46;-93.66666412353516;-0.6666666865348816;68.83333587646484;2;4
2259;47;-94.5;-2.5;69.16666412353516;2;4
2308;48;-97.66666412353516;-1.333333373069763;69.16666412353516;2;4
2408;49;-90;43.5;69.33333587646484;2;4
2412;50;-90;43.5;69.33333587646484;2;4
2503;51;-90;43.5;69.33333587646484;2;4
2551;52;-88.83333587646484;43.5;68.66666412353516;2;4
2600;53;-89.16666412353516;-0.8333333134651184;69.83333587646484;2;4
2652;54;-87;44.83333206176758;69.66666412353516;2;4
2697;55;-88.83333587646484;43.83333206176758;69.33333587646484;2;4
2796;56;-90.5;-1.333333373069763;71.16666412353516;2;4
2799;57;-90.5;-1.333333373069763;71.16666412353516;2;4
2844;58;-88.5;-1.333333373069763;70.66666412353516;2;4
2892;59;-86.83333587646484;-1.166666626930237;72.5;2;4
2943;60;-40.16666793823242;-2.333333253860474;76.33333587646484;2;4
2990;61;-38.83333206176758;-0.1666666716337204;78.83333587646484;2;4
3050;62;-39.16666793823242;-0.6666666865348816;78.33333587646484;2;4
3090;63;-40.83333206176758;42.83333206176758;78.83333587646484;2;4
3151;64;-85.83333587646484;44.83333206176758;77.16666412353516;2;4
3192;65;-89.33333587646484;48.33333206176758;72.33333587646484;2;4
3244;66;-101.3333358764648;48.66666793823242;105.6666641235352;2;4
3283;67;-72;45.83333206176758;89.16666412353516;2;4
3330;68;-80.33333587646484;45.5;34.66666793823242;2;4
3380;69;-78.33333587646484;45.5;41.5;2;4
3430;70;-73.66666412353516;49.33333206176758;40.5;2;4
3479;71;-72.66666412353516;47.66666793823242;41;2;4
3534;72;-70;48.66666793823242;40.5;2;4
3576;73;-70.66666412353516;48;42.16666793823242;2;4
3625;74;-69.83333587646484;50;42.5;2;4
3673;75;-68.5;50.16666793823242;88;2;4
3722;76;-66;50;87.83333587646484;2;4
3770;77;-65;53.33333206176758;89.5;2;4
3819;78;-103.3333358764648;54.5;93.83333587646484;2;4
3868;79;-100.3333358764648;54;95.83333587646484;2;4
3917;80;-96.83333587646484;54.66666793823242;96.66666412353516;2;4
3965;81;-92.66666412353516;57;99.5;2;4
4019;82;-90.66666412353516;57;96.83333587646484;2;4
4063;83;-93.83333587646484;57.66666793823242;90.33333587646484;2;4
4121;84;-103.6666641235352;55.66666793823242;32.83333206176758;2;4
4162;85;-71.83333587646484;53.5;54.66666793823242;2;4
4209;86;-82.33333587646484;-0.8333333134651184;-2.666666746139526;2;4
4268;87;-82.83333587646484;-7;-12.8333330154419;2;4
4362;88;-73.16666412353516;-8.333333015441895;-16.5;2;4
4366;89;-73.16666412353516;-8.333333015441895;-16.5;2;4
4460;90;-73.16666412353516;-8.333333015441895;-16.5;2;4
4502;91;-73;-7.666666507720947;-17;2;4
4603;92;-72.66666412353516;-7;-16.66666603088379;2;4
4607;93;-72.66666412353516;-7;-16.66666603088379;2;4
4649;94;-71.5;-6.166666507720947;-16.16666603088379;2;4
4697;95;-70.33333587646484;-7.333333492279053;-15.16666698455811;2;4
4746;96;-71.66666412353516;-5.166666507720947;-15.3333330154419;2;4
4796;97;-69.83333587646484;-5.666666507720947;-12.5;2;4
4842;98;-68.33333587646484;-2.166666746139526;-11.3333330154419;2;4
4893;99;-106.3333358764648;-1.333333373069763;-7.5;2;4
4940;100;-99.83333587646484;43;43;2;4
4990;101;-91.66666412353516;-1.333333373069763;48.16666793823242;2;4
5039;102;-41.5;-5;53.5;2;4
5086;103;-39.83333206176758;-10.3333330154419;57.83333206176758;2;4
5152;104;-37.83333206176758;-13.5;62.16666793823242;2;4
5184;105;-32.33333206176758;-19.83333396911621;29.66666603088379;2;4
5238;106;-31;-20.83333396911621;86;2;4
5288;107;-27.66666603088379;-19.83333396911621;90;2;4
5329;108;-31.5;20.83333396911621;88.83333587646484;2;4
5379;109;-30.83333396911621;19.66666603088379;88;2;4
5445;110;-28;-21.33333396911621;89.5;2;4
5494;111;-28;-19.83333396911621;91.5;2;4
5534;112;-26.5;-19;91.16666412353516;2;4
5575;113;-27.33333396911621;-19.66666603088379;93.5;2;4
5623;114;-26.5;-17.33333396911621;94.5;2;4
5671;115;-25.5;-18;96.66666412353516;2;4
5720;116;-25.66666603088379;-18.16666603088379;96;2;4
5769;117;-26.5;-17.33333396911621;96.5;2;4
5818;118;-24.83333396911621;-16.66666603088379;96;2;4
5866;119;-25.16666603088379;-16.66666603088379;96;2;4
5916;120;-24.83333396911621;-16.66666603088379;97.16666412353516;2;4
5968;121;-24.66666603088379;-15.66666698455811;97;2;4
6012;122;-24.5;-17.83333396911621;95.66666412353516;2;4
6066;123;-24;-17;96.5;2;4
6112;124;-25;-16.5;95.5;2;4
6159;125;-25.83333396911621;-20;100;2;4
6208;126;-27.16666603088379;-19;99.83333587646484;2;4
6307;127;-24.83333396911621;-16.16666603088379;96.5;2;4
6310;128;-24.83333396911621;-16.16666603088379;96.5;2;4
6404;129;-24.83333396911621;-16.16666603088379;96.5;2;4
6451;130;-23.5;-16;97.83333587646484;2;4
6502;131;-24.66666603088379;-17.16666603088379;97.33333587646484;2;4
6549;132;-22.66666603088379;-15.66666698455811;99.66666412353516;2;4
6597;133;-23.66666603088379;-16.66666603088379;104;2;4
6647;134;-22.5;-16.16666603088379;103.3333358764648;2;4
6697;135;-21.5;-16.5;103.1666641235352;2;4
6744;136;-21.5;-16.83333396911621;103.5;2;4
6793;137;-22.66666603088379;-16.83333396911621;102.6666641235352;2;4
6847;138;-23.83333396911621;-16.5;102.3333358764648;2;4
6890;139;-21.83333396911621;-17.16666603088379;102.6666641235352;2;4
6939;140;-21.83333396911621;-15.66666698455811;102.6666641235352;2;4
6990;141;-21.66666603088379;-15.5;103;2;4
7038;142;-22.16666603088379;-17.83333396911621;103.3333358764648;2;4
7092;143;-21.83333396911621;-16.83333396911621;103.8333358764648;2;4
7152;144;-23.66666603088379;-15;101.3333358764648;2;4
7187;145;-22.16666603088379;-15.8333330154419;103;2;4
7233;146;-63.66666793823242;-15.5;103.3333358764648;2;4
7282;147;-22.83333396911621;-16.66666603088379;103;2;4
7329;148;-22.66666603088379;-15.66666698455811;104.6666641235352;2;4
7377;149;-23.16666603088379;-16.83333396911621;103.1666641235352;2;4
7427;150;-23.33333396911621;-17.33333396911621;103.6666641235352;2;4
7476;151;-22.83333396911621;-17;103;2;4
7527;152;-22.33333396911621;-16.5;103.1666641235352;2;4
7573;153;-21.83333396911621;-16.5;103.8333358764648;2;4
7623;154;-64;-16.66666603088379;103.6666641235352;2;4
7670;155;-22.16666603088379;-16.16666603088379;103.6666641235352;2;4
7719;156;-22.16666603088379;-17;104;2;4
7768;157;-23.33333396911621;-15.8333330154419;103.6666641235352;2;4
7819;158;-22.83333396911621;-15.8333330154419;103.3333358764648;2;4
7866;159;-22.5;-16.16666603088379;103.3333358764648;2;4
7927;160;-22.33333396911621;-14.5;103.1666641235352;2;4
7964;161;-22.66666603088379;-15.16666698455811;103.1666641235352;2;4
8022;162;-23.5;-16;103.5;2;4
8060;163;-64;-16.66666603088379;103;2;4
8114;164;-23.16666603088379;-19.66666603088379;106.1666641235352;2;4
8180;165;-25.66666603088379;-17;106.3333358764648;2;4
8260;166;-23.16666603088379;-18;103.1666641235352;2;4
8263;167;-23.16666603088379;-18;103.1666641235352;2;4
8355;168;-23.16666603088379;-18;103.1666641235352;2;4
8402;169;-21.83333396911621;-14.8333330154419;103.5;2;4
8452;170;-21.83333396911621;-15.66666698455811;102;2;4
8500;171;-21.5;-14.8333330154419;104.3333358764648;2;4
8548;172;-22.66666603088379;-16;102.6666641235352;2;4
8596;173;-21.66666603088379;-16.66666603088379;103.3333358764648;2;4
8645;174;-22.66666603088379;-16.83333396911621;102;2;4
8694;175;-23.16666603088379;-14.8333330154419;102.3333358764648;2;4
8743;176;-22.33333396911621;-16;102.6666641235352;2;4
8791;177;-23.16666603088379;-17.16666603088379;102.3333358764648;2;4
8842;178;-23.16666603088379;-16.5;101.6666641235352;2;4
8897;179;-23.83333396911621;-15.66666698455811;102;2;4
8948;180;-22.33333396911621;-16.83333396911621;102;2;4
8988;181;-22.5;-16.16666603088379;101.8333358764648;2;4
9037;182;-22.66666603088379;-17.66666603088379;102.3333358764648;2;4
9097;183;-23.33333396911621;-15;103.3333358764648;2;4
9139;184;-21.5;-16.83333396911621;102.3333358764648;2;4
9200;185;-21.5;-16;101.6666641235352;2;4
9232;186;-23.5;-16.83333396911621;102.6666641235352;2;4
9278;187;-23.33333396911621;-15.8333330154419;101;2;4
9327;188;-22.5;-16.16666603088379;102.1666641235352;2;4
9377;189;-63.33333206176758;-15.66666698455811;102.6666641235352;2;4
9427;190;-24.33333396911621;-15.16666698455811;104.6666641235352;2;4
9475;191;-21.83333396911621;-16;101.6666641235352;2;4
9523;192;-23.16666603088379;-16.83333396911621;101.6666641235352;2;4
9623;193;-23.66666603088379;-17.33333396911621;103;2;4
9626;194;-23.66666603088379;-17.33333396911621;103;2;4
9669;195;-22.83333396911621;-17.33333396911621;103.6666641235352;2;4
9719;196;-23.66666603088379;-15.8333330154419;102.5;2;4
9766;197;-23.16666603088379;-16.5;102.6666641235352;2;4
9817;198;-23.83333396911621;-17.66666603088379;103.5;2;4
9870;199;-23.16666603088379;-17.66666603088379;101.6666641235352;2;4
9913;200;-24.33333396911621;-16.5;102.3333358764648;2;4
9968;201;-23.33333396911621;-15.5;101.8333358764648;2;4
10009;202;-63.66666793823242;-16.66666603088379;103;2;4
10059;203;-21.83333396911621;-18.33333396911621;105;2;4
10111;204;-23.5;-17.16666603088379;105;2;4
10207;205;-23.5;-17.16666603088379;105;2;4
10210;206;-23.33333396911621;-17.83333396911621;103;2;4
10303;207;-23.33333396911621;-17.83333396911621;103;2;4
10354;208;-23.16666603088379;-16;103.5;2;4
10400;209;-24;-16.16666603088379;103.3333358764648;2;4
10449;210;-22.66666603088379;-15.66666698455811;104.3333358764648;2;4
10499;211;-22.66666603088379;-16.5;102;2;4
10546;212;-21.83333396911621;-15.66666698455811;103.5;2;4
10596;213;-22.16666603088379;-17;103.3333358764648;2;4
10647;214;-22.66666603088379;-16;103.1666641235352;2;4
10692;215;-22.16666603088379;-13.8333330154419;101;2;4
10741;216;-23.33333396911621;-17.83333396911621;103.6666641235352;2;4
10790;217;-23.16666603088379;-16.83333396911621;101.1666641235352;2;4
10839;218;-22.33333396911621;-15.16666698455811;102;2;4
10890;219;-21.66666603088379;-15.5;104;2;4
10937;220;-21.5;-16.5;103.5;2;4
10985;221;-21.83333396911621;-15.66666698455811;102.6666641235352;2;4
11040;222;-23.83333396911621;-16.5;103.8333358764648;2;4
11083;223;-21.83333396911621;-17.16666603088379;102;2;4
11133;224;-22.5;-16.66666603088379;103.6666641235352;2;4
11180;225;-22.33333396911621;-18;103.5;2;4
11235;226;-22.33333396911621;-17.16666603088379;103.1666641235352;2;4
11277;227;-21.5;-17.16666603088379;102;2;4
11327;228;-22.5;-15.8333330154419;102.5;2;4
11376;229;-24.33333396911621;-17.16666603088379;102.6666641235352;2;4
11431;230;-22.83333396911621;-15;101.8333358764648;2;4
11474;231;-22.33333396911621;-18;103.1666641235352;2;4
11523;232;-23.33333396911621;-16.16666603088379;101;2;4
11572;233;-22.83333396911621;-16.66666603088379;101.3333358764648;2;4
11632;234;-22.5;-16.16666603088379;102.1666641235352;2;4
11673;235;-23.33333396911621;-15.5;102.5;2;4
11717;236;-22.33333396911621;-18;102;2;4
11766;237;-22.5;-16.16666603088379;103.3333358764648;2;4
11814;238;-22.33333396911621;-16.5;103.5;2;4
11878;239;-22.5;-16.16666603088379;102.5;2;4
11913;240;-22.66666603088379;-16;103.1666641235352;2;4
11973;241;-63.83333206176758;-15.66666698455811;103.5;2;4
12010;242;-23.33333396911621;-19.33333396911621;104.8333358764648;2;4
12061;243;-22.83333396911621;-17.83333396911621;104.5;2;4
12164;244;-21.66666603088379;-17;103.3333358764648;2;4
12169;245;-21.66666603088379;-17;103.3333358764648;2;4
12321;246;-22.5;-17.83333396911621;103;2;4
12330;247;-22.5;-17.83333396911621;103;2;4
12354;248;-23.5;-16;102.6666641235352;2;4
12399;249;-22.66666603088379;-15.66666698455811;103.1666641235352;2;4
12450;250;-23.66666603088379;-17;103;2;4
12498;251;-22.5;-15.8333330154419;102.1666641235352;2;4
12601;252;-22.33333396911621;-16.5;103.1666641235352;2;4
12617;253;-22.33333396911621;-16.5;103.1666641235352;2;4
12711;254;-22.16666603088379;-18.16666603088379;102.1666641235352;2;4
12715;255;-22.16666603088379;-18.16666603088379;102.1666641235352;2;4
12760;256;-22.66666603088379;-16;103.8333358764648;2;4
12806;257;-24;-15;103;2;4
12857;258;-21.5;-16.83333396911621;102.3333358764648;2;4
12901;259;-21.83333396911621;-16.5;103.5;2;4
12955;260;-22.66666603088379;-18.33333396911621;103.5;2;4
13000;261;-24.66666603088379;-16;102.6666641235352;2;4
13048;262;-22.5;-17;103;2;4
13101;263;-23.16666603088379;-16.5;102;2;4
13147;264;-22.66666603088379;-16;102.3333358764648;2;4
13197;265;-22.83333396911621;-16.66666603088379;101.8333358764648;2;4
13241;266;-22.33333396911621;-16.83333396911621;103.1666641235352;2;4
13291;267;-23.83333396911621;-16.5;103.5;2;4
13348;268;-63.83333206176758;-16.83333396911621;103.1666641235352;2;4
13389;269;-63.83333206176758;-15.66666698455811;102.6666641235352;2;4
13440;270;-22.66666603088379;-17.16666603088379;102.3333358764648;2;4
13485;271;-21.5;-16.5;103.8333358764648;2;4
13533;272;-21.83333396911621;-16.83333396911621;103.1666641235352;2;4
13586;273;-23.5;-15.16666698455811;102.6666641235352;2;4
13636;274;-23.66666603088379;-15.8333330154419;103.6666641235352;2;4
13680;275;-22.16666603088379;-16.16666603088379;104;2;4
13735;276;-23.83333396911621;-15.16666698455811;103.1666641235352;2;4
13779;277;-21.66666603088379;-16.16666603088379;102.5;2;4
13831;278;-23.33333396911621;-15.5;103;2;4
13876;279;-24.33333396911621;-16.5;103.1666641235352;2;4
13929;280;-21.5;-17.16666603088379;102.6666641235352;2;4
13976;281;-21.66666603088379;-17.33333396911621;102.5;2;4
14026;282;-21.5;-17.66666603088379;102.3333358764648;2;4
14076;283;-24.83333396911621;-17;64;2;4
14170;284;-24.83333396911621;-17;64;2;4
14224;285;-22.16666603088379;-17;102.5;2;4
14269;286;-64;-15;102.5;2;4
14320;287;-21.5;-16;103.1666641235352;2;4
14363;288;-23.66666603088379;-15.8333330154419;103.3333358764648;2;4
14416;289;-22.33333396911621;-17.66666603088379;103.1666641235352;2;4
14465;290;-21.66666603088379;-16.16666603088379;101.3333358764648;2;4
14515;291;-23.5;-16;102.3333358764648;2;4
14561;292;-22.83333396911621;-16.16666603088379;103.6666641235352;2;4
14611;293;-22.33333396911621;-15.16666698455811;102.6666641235352;2;4
14655;294;-21.66666603088379;-16.16666603088379;103.3333358764648;2;4
14708;295;-22.5;-17.33333396911621;102.1666641235352;2;4
14754;296;-22.66666603088379;-16.5;102.6666641235352;2;4
14801;297;-22.33333396911621;-16;102.6666641235352;2;4
14854;298;-22.83333396911621;-17;103.3333358764648;2;4
14904;299;-23.16666603088379;-18.33333396911621;103.1666641235352;2;4
14952;300;-22.5;-16.16666603088379;103.3333358764648;2;4
15001;301;-21.66666603088379;-16.16666603088379;102.5;2;4
