TimeStamp; Sample No; X-Axis; Y-Axis; Z-Axis; Sensor Type; Sensor ID
179;1;-0.1715855300426483;0.9238576889038086;-0.1732254475355148;0;0
179;2;-0.1698771417140961;0.923247754573822;-0.172249898314476;0;0
179;3;-0.1704870462417603;0.9211721420288086;-0.1717613339424133;0;0
179;4;-0.173051193356514;0.921904981136322;-0.1665132641792297;0;0
179;5;-0.1734168231487274;0.9234920144081116;-0.166268989443779;0;0
179;6;-0.1736610978841782;0.9231263995170593;-0.1651705205440521;0;0
180;7;-0.1729282736778259;0.9254446625709534;-0.1624850183725357;0;0
180;8;-0.1724412739276886;0.9263004064559937;-0.1604094356298447;0;0
180;9;-0.1732954680919647;0.9256889820098877;-0.1572353839874268;0;0
180;10;-0.1709756106138229;0.927885890007019;-0.152962863445282;0;0
180;11;-0.167801558971405;0.9295958280563355;-0.1528415083885193;0;0
180;12;-0.1619435697793961;0.928862988948822;-0.1561369150876999;0;0
180;13;-0.1603565365076065;0.9314271807670593;-0.1516201198101044;0;0
180;14;-0.1652389764785767;0.9263004064559937;-0.1512544751167297;0;0
180;15;-0.1620649248361588;0.9282531142234802;-0.1544285267591476;0;0
180;16;-0.1667030900716782;0.9275202751159668;-0.1568697392940521;0;0
180;17;-0.165848895907402;0.9289859533309937;-0.1576010286808014;0;0
180;18;-0.1674359142780304;0.9338683485984802;-0.1588224172592163;0;0
180;19;-0.1692672222852707;0.9316698908805847;-0.1590666919946671;0;0
180;20;-0.1701214164495468;0.9319141507148743;-0.1616292744874954;0;0
180;21;-0.1701214164495468;0.9330126047134399;-0.1595552414655685;0;0
180;22;-0.1720740795135498;0.9324027299880981;-0.1584567725658417;0;0
180;23;-0.1734168231487274;0.9293515682220459;-0.1597995162010193;0;0
180;24;-0.1726839989423752;0.9308156967163086;-0.1579682230949402;0;0
180;25;-0.1729282736778259;0.9316698908805847;-0.1612636297941208;0;0
180;26;-0.1702427715063095;0.9286187291145325;-0.1604094356298447;0;0
180;27;-0.1680458337068558;0.9321584105491638;-0.1633392125368118;0;0
180;28;-0.1713412404060364;0.9320370554924011;-0.1640720516443253;0;0
180;29;-0.1704870462417603;0.9314271807670593;-0.1694414764642716;0;0
180;30;-0.1667030900716782;0.9316698908805847;-0.174202561378479;0;0
180;31;-0.1691443026065826;0.9273989200592041;-0.1744468361139298;0;0
180;32;-0.1687786728143692;0.9280087947845459;-0.1750567555427551;0;0
180;33;-0.165848895907402;0.9281302094459534;-0.1763994991779327;0;0
180;34;-0.1684130281209946;0.927885890007019;-0.1760338693857193;0;0
180;35;-0.1676801890134811;0.9239805936813355;-0.1717613339424133;0;0
180;36;-0.1682901084423065;0.9275202751159668;-0.1732254475355148;0;0
224;37;-0.1676801890134811;0.9258118867874146;-0.1716399788856506;0;0
224;38;-0.1702427715063095;0.9264218211174011;-0.1639491319656372;0;0
224;39;-0.1719527244567871;0.9265431761741638;-0.1593109667301178;0;0
224;40;-0.1739053875207901;0.9265431761741638;-0.1562582701444626;0;0
224;41;-0.1752481311559677;0.9258118867874146;-0.1557712703943253;0;0
224;42;-0.1743939369916916;0.9261775016784668;-0.1558926403522492;0;0
224;43;-0.173051193356514;0.9328912496566773;-0.1540613323450089;0;0
224;44;-0.1734168231487274;0.9343553781509399;-0.1528415083885193;0;0
224;45;-0.1714641600847244;0.9353324770927429;-0.1543056070804596;0;0
230;46;-0.1703656911849976;0.9349668622016907;-0.1571140289306641;0;0
234;47;-0.1714641600847244;0.9349668622016907;-0.1605307906866074;0;0
244;48;-0.1692672222852707;0.9350882172584534;-0.1606537103652954;0;0
244;49;-0.1724412739276886;0.9363095760345459;-0.1612636297941208;0;0
249;50;-0.1732954680919647;0.9354553818702698;-0.1616292744874954;0;0
254;51;-0.1702427715063095;0.9319141507148743;-0.1605307906866074;0;0
259;52;-0.1687786728143692;0.9333798289299011;-0.1588224172592163;0;0
264;53;-0.1685343831777573;0.9330126047134399;-0.1597995162010193;0;0
269;54;-0.1664588004350662;0.9331355094909668;-0.16101935505867;0;0
274;55;-0.1681687533855438;0.9319141507148743;-0.1621178239583969;0;0
279;56;-0.1667030900716782;0.9316698908805847;-0.1646819561719894;0;0
285;57;-0.1651160567998886;0.9338683485984802;-0.1652918756008148;0;0
290;58;-0.166825994849205;0.9287416338920593;-0.1685872822999954;0;0
295;59;-0.166825994849205;0.9310599565505981;-0.1710285097360611;0;0
300;60;-0.1689000278711319;0.928862988948822;-0.1688315719366074;0;0
305;61;-0.1680458337068558;0.9291073083877564;-0.1689544767141342;0;0
310;62;-0.16902294754982;0.9283744692802429;-0.1706628650426865;0;0
315;63;-0.1659702509641647;0.931548535823822;-0.1685872822999954;0;0
320;64;-0.165848895907402;0.9350882172584534;-0.1628506630659103;0;0
326;65;-0.1704870462417603;0.9305713772773743;-0.1545498818159103;0;0
332;66;-0.1763466000556946;0.9284973740577698;-0.1477147787809372;0;0
339;67;-0.1818389594554901;0.9305713772773743;-0.1431979835033417;0;0
343;68;-0.180984765291214;0.9342340230941773;-0.1418552398681641;0;0
346;69;-0.1784221827983856;0.9352111220359802;-0.1405124813318253;0;0
350;70;-0.1764679700136185;0.9353324770927429;-0.1403911262750626;0;0
356;71;-0.1752481311559677;0.9320370554924011;-0.1488132625818253;0;0
361;72;-0.1704870462417603;0.9344782829284668;-0.1513758301734924;0;0
367;73;-0.1695114970207214;0.9338683485984802;-0.1519873142242432;0;0
370;74;-0.1676801890134811;0.9337454438209534;-0.1563811898231506;0;0
376;75;-0.1715855300426483;0.930205762386322;-0.16101935505867;0;0
387;76;-0.1718298047780991;0.9359424114227295;-0.1601651608943939;0;0
388;77;-0.1720740795135498;0.9350882172584534;-0.1606537103652954;0;0
393;78;-0.1687786728143692;0.9308156967163086;-0.1627292931079865;0;0
396;79;-0.1691443026065826;0.9291073083877564;-0.1599208861589432;0;0
401;80;-0.1676801890134811;0.9300844073295593;-0.1579682230949402;0;0
406;81;-0.1689000278711319;0.9309386014938355;-0.1556483656167984;0;0
411;82;-0.1703656911849976;0.9304500222206116;-0.1536956876516342;0;0
416;83;-0.1703656911849976;0.9306943416595459;-0.15308578312397;0;0
421;84;-0.1681687533855438;0.9322813153266907;-0.1495460867881775;0;0
427;85;-0.1693885773420334;0.9342340230941773;-0.1472262293100357;0;0
436;86;-0.1685343831777573;0.9341126680374146;-0.1494231671094894;0;0
440;87;-0.1697557717561722;0.9333798289299011;-0.1463720351457596;0;0
442;88;-0.1698771417140961;0.9353324770927429;-0.1500330865383148;0;0
446;89;-0.1676801890134811;0.9393607378005981;-0.1527185887098312;0;0
452;90;-0.1693885773420334;0.9374080896377564;-0.1606537103652954;0;0
457;91;-0.1687786728143692;0.9333798289299011;-0.1585781276226044;0;0
462;92;-0.1673129945993424;0.9347225427627564;-0.1646819561719894;0;0
467;93;-0.1621862798929215;0.937163770198822;-0.1899498999118805;0;0
472;94;-0.1591351479291916;0.9322813153266907;-0.1866529285907745;0;0
478;95;-0.1544969826936722;0.9324027299880981;-0.1922682076692581;0;0
487;96;-0.1510786563158035;0.9291073083877564;-0.1928781270980835;0;0
491;97;-0.153887078166008;0.9245904684066773;-0.1878743171691895;0;0
492;98;-0.1646275073289871;0.9217836260795593;-0.1788407266139984;0;0
497;99;-0.1664588004350662;0.919586718082428;-0.1677331030368805;0;0
502;100;-0.1691443026065826;0.9199523329734802;-0.1712727844715118;0;0
507;101;-0.1763466000556946;0.9204409122467041;-0.1546728014945984;0;0
512;102;-0.1823275089263916;0.9210507869720459;-0.1513758301734924;0;0
517;103;-0.1842801719903946;0.9144600033760071;-0.1417338699102402;0;0
527;104;-0.1868443191051483;0.913604199886322;-0.1362399607896805;0;0
532;105;-0.1896511763334274;0.9134828448295593;-0.1252536922693253;0;0
536;106;-0.1875771433115006;0.9178767204284668;-0.1192727908492088;0;0
538;107;-0.1813519597053528;0.9252004027366638;-0.1106063798069954;0;0
542;108;-0.1781779080629349;0.9319141507148743;-0.1066994965076447;0;0
547;109;-0.1764679700136185;0.9355767369270325;-0.1036483645439148;0;0
552;110;-0.1712198853492737;0.9399706125259399;-0.1038926392793655;0;0
558;111;-0.1624305546283722;0.9437546133995056;-0.1087750792503357;0;0
563;112;-0.167070284485817;0.9453416466712952;-0.1093849912285805;0;0
568;113;-0.1724412739276886;0.9437546133995056;-0.1189071461558342;0;0
573;114;-0.1729282736778259;0.9442431926727295;-0.1353857666254044;0;0
580;115;-0.1735397428274155;0.9452202916145325;-0.145029291510582;0;0
584;116;-0.1791534572839737;0.9446103572845459;-0.156991109251976;0;0
588;117;-0.1842801719903946;0.9421675801277161;-0.1661460697650909;0;0
593;118;-0.181107684969902;0.9435103535652161;-0.1732254475355148;0;0
598;119;-0.1718298047780991;0.943144679069519;-0.1842117160558701;0;0
603;120;-0.1648717820644379;0.9421675801277161;-0.1881186068058014;0;0
608;121;-0.1610878109931946;0.9443660974502564;-0.185433104634285;0;0
613;122;-0.1523000448942184;0.9414362907409668;-0.1766437739133835;0;0
619;123;-0.1546183526515961;0.9386278986930847;-0.1605307906866074;0;0
625;124;-0.167070284485817;0.9349668622016907;-0.1488132625818253;0;0
632;125;-0.1721969991922379;0.9314271807670593;-0.1356300413608551;0;0
639;126;-0.1763466000556946;0.9310599565505981;-0.133798748254776;0;0
640;127;-0.1768351495265961;0.9281302094459534;-0.1383155435323715;0;0
645;128;-0.1796420216560364;0.9253233075141907;-0.1441750973463059;0;0
649;129;-0.1825717836618424;0.9238576889038086;-0.1473475843667984;0;0
654;130;-0.1758580505847931;0.925567626953125;-0.1494231671094894;0;0
659;131;-0.1714641600847244;0.9254446625709534;-0.1522315889596939;0;0
665;132;-0.1717084348201752;0.9222722053527832;-0.1557712703943253;0;0
672;133;-0.1686557531356812;0.9275202751159668;-0.158943772315979;0;0
677;134;-0.1699984967708588;0.9263004064559937;-0.1588224172592163;0;0
681;135;-0.1687786728143692;0.9234920144081116;-0.1582124978303909;0;0
685;136;-0.1679244786500931;0.9267874360084534;-0.1544285267591476;0;0
689;137;-0.1704870462417603;0.9271546006202698;-0.1499117314815521;0;0
694;138;-0.1731725484132767;0.930205762386322;-0.1523529440164566;0;0
700;139;-0.1728069186210632;0.9299615025520325;-0.1419765949249268;0;0
705;140;-0.1701214164495468;0.9238576889038086;-0.1744468361139298;0;0
710;141;-0.1697557717561722;0.9270316958427429;-0.1555269956588745;0;0
715;142;-0.1739053875207901;0.9376523494720459;-0.1370941549539566;0;0
724;143;-0.1714641600847244;0.932525634765625;-0.155038446187973;0;0
726;144;-0.1664588004350662;0.930205762386322;-0.1695643961429596;0;0
730;145;-0.1704870462417603;0.9327698945999146;-0.1474705040454865;0;0
735;146;-0.1725626289844513;0.9359424114227295;-0.1407567709684372;0;0
740;147;-0.1706099659204483;0.9314271807670593;-0.1691987663507462;0;0
745;148;-0.1692672222852707;0.9299615025520325;-0.1645590364933014;0;0
750;149;-0.1735397428274155;0.9365538954734802;-0.1380712687969208;0;0
755;150;-0.1757366806268692;0.9339897036552429;-0.1571140289306641;0;0
760;151;-0.1740267425775528;0.9241019487380981;-0.17627814412117;0;0
769;152;-0.1784221827983856;0.9284973740577698;-0.1524743139743805;0;0
773;153;-0.1762252449989319;0.9337454438209534;-0.1408781260251999;0;0
778;154;-0.1742710173130035;0.9259332418441773;-0.1654132306575775;0;0
783;155;-0.1707313358783722;0.9283744692802429;-0.1600438058376312;0;0
786;156;-0.1746382117271423;0.9349668622016907;-0.1345315724611282;0;0
790;157;-0.1754924058914185;0.9308156967163086;-0.1402682065963745;0;0
796;158;-0.171098530292511;0.9286187291145325;-0.1567468345165253;0;0
801;159;-0.1757366806268692;0.9327698945999146;-0.134775847196579;0;0
806;160;-0.1782992631196976;0.9343553781509399;-0.1245224177837372;0;0
811;161;-0.1763466000556946;0.9299615025520325;-0.1422208696603775;0;0
817;162;-0.1772007942199707;0.9281302094459534;-0.1439308226108551;0;0
823;163;-0.1801305711269379;0.9363095760345459;-0.1303804218769074;0;0
829;164;-0.1791534572839737;0.9372851252555847;-0.1340430229902268;0;0
832;165;-0.1762252449989319;0.9330126047134399;-0.1419765949249268;0;0
836;166;-0.1746382117271423;0.9342340230941773;-0.135874330997467;0;0
841;167;-0.1745152920484543;0.9356980919837952;-0.1302590519189835;0;0
846;168;-0.1737824678421021;0.9324027299880981;-0.135874330997467;0;0
851;169;-0.1748824864625931;0.9289859533309937;-0.1352644115686417;0;0
856;170;-0.1772007942199707;0.9299615025520325;-0.134775847196579;0;0
862;171;-0.177079439163208;0.9295958280563355;-0.139779657125473;0;0
872;172;-0.1774450689554215;0.9253233075141907;-0.1427094340324402;0;0
876;173;-0.1691443026065826;0.9261775016784668;-0.1472262293100357;0;0
880;174;-0.173051193356514;0.9287416338920593;-0.1533300578594208;0;0
882;175;-0.1735397428274155;0.9272760152816773;-0.1468605846166611;0;0
887;176;-0.1715855300426483;0.9272760152816773;-0.1456391960382462;0;0
892;177;-0.1686557531356812;0.925567626953125;-0.1483246982097626;0;0
897;178;-0.1696328520774841;0.921904981136322;-0.1433193385601044;0;0
902;179;-0.1723183542490006;0.9222722053527832;-0.1402682065963745;0;0
907;180;-0.1726839989423752;0.9199523329734802;-0.1363628804683685;0;0
915;181;-0.17695651948452;0.9225149154663086;-0.1377056241035461;0;0
920;182;-0.1796420216560364;0.9231263995170593;-0.1368498802185059;0;0
925;183;-0.179032102227211;0.9231263995170593;-0.1423437893390656;0;0
930;184;-0.1796420216560364;0.9237362742424011;-0.1445407271385193;0;0
932;185;-0.1835488975048065;0.9304500222206116;-0.1413666754961014;0;0
937;186;-0.1870885938405991;0.9304500222206116;-0.1441750973463059;0;0
942;187;-0.1848916411399841;0.9328912496566773;-0.1475918740034103;0;0
947;188;-0.182937428355217;0.9366752505302429;-0.1566254645586014;0;0
952;189;-0.1844030916690826;0.937529444694519;-0.1546728014945984;0;0
957;190;-0.1837931722402573;0.9414362907409668;-0.1532071381807327;0;0
963;191;-0.1824504286050797;0.9378966093063355;-0.152962863445282;0;0
969;192;-0.1819618791341782;0.9364309310913086;-0.1544285267591476;0;0
974;193;-0.1847687363624573;0.9382622838020325;-0.1524743139743805;0;0
979;194;-0.1831817030906677;0.9376523494720459;-0.151010200381279;0;0
983;195;-0.1837931722402573;0.9358210563659668;-0.1535743325948715;0;0
988;196;-0.1787878274917603;0.9332569241523743;-0.1477147787809372;0;0
993;197;-0.1772007942199707;0.9321584105491638;-0.1525972187519074;0;0
998;198;-0.1797649264335632;0.9309386014938355;-0.1480804234743118;0;0
1003;199;-0.1787878274917603;0.9277645349502564;-0.1434422582387924;0;0
1012;200;-0.1802534908056259;0.9266660809516907;-0.1445407271385193;0;0
1016;201;-0.1787878274917603;0.9239805936813355;-0.1405124813318253;0;0
1020;202;-0.1806191205978394;0.922882080078125;-0.1400239318609238;0;0
1026;203;-0.1789107322692871;0.9193423986434937;-0.1353857666254044;0;0
1029;204;-0.1787878274917603;0.9187309145927429;-0.1381926238536835;0;0
1033;205;-0.1819618791341782;0.916289746761322;-0.1420995146036148;0;0
1038;206;-0.1804962009191513;0.9161683917045593;-0.1400239318609238;0;0
1043;207;-0.1803748458623886;0.9177553653717041;-0.1440521776676178;0;0
1049;208;-0.1787878274917603;0.9183652997016907;-0.1491788923740387;0;0
1054;209;-0.1781779080629349;0.9198309779167175;-0.1491788923740387;0;0
1061;210;-0.1819618791341782;0.9198309779167175;-0.1500330865383148;0;0
1067;211;-0.1802534908056259;0.9217836260795593;-0.1483246982097626;0;0
1072;212;-0.1817175894975662;0.9245904684066773;-0.1527185887098312;0;0
1076;213;-0.1831817030906677;0.9236149191856384;-0.1514987498521805;0;0
1079;214;-0.1863557547330856;0.9245904684066773;-0.1484460681676865;0;0
1084;215;-0.1872099488973618;0.9254446625709534;-0.1511315554380417;0;0
1089;216;-0.1840374618768692;0.928862988948822;-0.146981954574585;0;0
1094;217;-0.1836702674627304;0.930205762386322;-0.1494231671094894;0;0
1099;218;-0.1852572858333588;0.9317927956581116;-0.1484460681676865;0;0
1110;219;-0.1845244467258453;0.9332569241523743;-0.1483246982097626;0;0
1114;220;-0.1845244467258453;0.9327698945999146;-0.1504002809524536;0;0
1114;221;-0.1836702674627304;0.9347225427627564;-0.146981954574585;0;0
1120;222;-0.1837931722402573;0.9344782829284668;-0.1474705040454865;0;0
1125;223;-0.1848916411399841;0.9381393194198608;-0.1504002809524536;0;0
1130;224;-0.1819618791341782;0.9358210563659668;-0.149057537317276;0;0
1134;225;-0.1826947033405304;0.9338683485984802;-0.1501560062170029;0;0
1140;226;-0.1789107322692871;0.9350882172584534;-0.1507659256458283;0;0
1145;227;-0.1778107136487961;0.9303271174430847;-0.1468605846166611;0;0
1150;228;-0.1775679886341095;0.932525634765625;-0.1468605846166611;0;0
1158;229;-0.1757366806268692;0.9316698908805847;-0.1452735662460327;0;0
1163;230;-0.1764679700136185;0.931182861328125;-0.143076628446579;0;0
1168;231;-0.1754924058914185;0.9337454438209534;-0.1441750973463059;0;0
1173;232;-0.1736610978841782;0.931182861328125;-0.1429537087678909;0;0
1175;233;-0.1719527244567871;0.9331355094909668;-0.143076628446579;0;0
1180;234;-0.1726839989423752;0.9359424114227295;-0.1433193385601044;0;0
1185;235;-0.1660931706428528;0.9392393827438355;-0.1447850167751312;0;0
1190;236;-0.1642618626356125;0.9402149319648743;-0.1436865329742432;0;0
1195;237;-0.1621862798929215;0.9400935769081116;-0.1447850167751312;0;0
1200;238;-0.1585252285003662;0.9416806101799011;-0.1436865329742432;0;0
1208;239;-0.1555954515933991;0.9422904849052429;-0.1460048407316208;0;0
1213;240;-0.1547412574291229;0.9419248700141907;-0.1516201198101044;0;0
1218;241;-0.1576710343360901;0.9424118399620056;-0.1536956876516342;0;0
1222;242;-0.1569382101297379;0.9427790641784668;-0.1497888118028641;0;0
1226;243;-0.1592580676078796;0.9466843605041504;-0.1483246982097626;0;0
1231;244;-0.1630420386791229;0.9436332583427429;-0.1543056070804596;0;0
1236;245;-0.1657275259494782;0.9407034516334534;-0.1536956876516342;0;0
1241;246;-0.1693885773420334;0.938506543636322;-0.1557712703943253;0;0
1246;247;-0.1693885773420334;0.9378966093063355;-0.1543056070804596;0;0
1251;248;-0.1719527244567871;0.9377737045288086;-0.1483246982097626;0;0
1256;249;-0.1723183542490006;0.9339897036552429;-0.1461277604103088;0;0
1263;250;-0.1736610978841782;0.9303271174430847;-0.1451506465673447;0;0
1271;251;-0.1724412739276886;0.9280087947845459;-0.143076628446579;0;0
1271;252;-0.1745152920484543;0.9215393662452698;-0.1412453204393387;0;0
1276;253;-0.1759809702634811;0.9179996848106384;-0.1405124813318253;0;0
1281;254;-0.1791534572839737;0.9186095595359802;-0.1406338512897492;0;0
1286;255;-0.181107684969902;0.9170225858688355;-0.145029291510582;0;0
1291;256;-0.1859901249408722;0.916901171207428;-0.1434422582387924;0;0
1296;257;-0.1879427880048752;0.9160454273223877;-0.1431979835033417;0;0
1305;258;-0.188065692782402;0.9170225858688355;-0.149057537317276;0;0
1310;259;-0.1896511763334274;0.9164126515388489;-0.1521086692810059;0;0
1314;260;-0.1945351660251617;0.9171454906463623;-0.1579682230949402;0;0
1319;261;-0.1969763785600662;0.9204409122467041;-0.1566254645586014;0;0
1322;262;-0.1963649094104767;0.9220278859138489;-0.1538170576095581;0;0
1327;263;-0.1934351325035095;0.9260561466217041;-0.1591880470514298;0;0
1332;264;-0.194290891289711;0.9245904684066773;-0.1596766114234924;0;0
1337;265;-0.1916053891181946;0.9277645349502564;-0.1606537103652954;0;0
1342;266;-0.1920923888683319;0.9272760152816773;-0.1605307906866074;0;0
1348;267;-0.1912381947040558;0.9317927956581116;-0.1578453034162521;0;0
1356;268;-0.1891641765832901;0.9308156967163086;-0.1602865159511566;0;0
1361;269;-0.1907496452331543;0.931182861328125;-0.1596766114234924;0;0
1366;270;-0.1923366636037827;0.9291073083877564;-0.1573583036661148;0;0
1371;271;-0.1939236968755722;0.9259332418441773;-0.1568697392940521;0;0
1373;272;-0.1953893601894379;0.9261775016784668;-0.1524743139743805;0;0
1377;273;-0.1930695027112961;0.9286187291145325;-0.1544285267591476;0;0
1383;274;-0.1964878290891647;0.9250790476799011;-0.1555269956588745;0;0
1388;275;-0.1946565210819244;0.9253233075141907;-0.1513758301734924;0;0
1393;276;-0.1924595832824707;0.924224853515625;-0.1436865329742432;0;0
1403;277;-0.190993919968605;0.9254446625709534;-0.1461277604103088;0;0
1403;278;-0.1890412569046021;0.9263004064559937;-0.1453949213027954;0;0
1409;279;-0.1901397258043289;0.9308156967163086;-0.1412453204393387;0;0
1418;280;-0.1913611143827438;0.9284973740577698;-0.1417338699102402;0;0
1418;281;-0.1908725649118424;0.9272760152816773;-0.1399025768041611;0;0
1423;282;-0.190993919968605;0.9277645349502564;-0.1385598182678223;0;0
1429;283;-0.1917267441749573;0.9265431761741638;-0.1407567709684372;0;0
1433;284;-0.1911168396472931;0.9309386014938355;-0.1405124813318253;0;0
1438;285;-0.1886756122112274;0.9289859533309937;-0.1467376798391342;0;0
1443;286;-0.1867229491472244;0.9303271174430847;-0.1496674418449402;0;0
1453;287;-0.1823275089263916;0.929228663444519;-0.1504002809524536;0;0
1458;288;-0.1856229305267334;0.9271546006202698;-0.1484460681676865;0;0
1463;289;-0.1852572858333588;0.927885890007019;-0.1474705040454865;0;0
1468;290;-0.1818389594554901;0.9286187291145325;-0.1499117314815521;0;0
1469;291;-0.1836702674627304;0.9304500222206116;-0.1501560062170029;0;0
1474;292;-0.1820832341909409;0.9303271174430847;-0.1507659256458283;0;0
1479;293;-0.1835488975048065;0.9316698908805847;-0.1555269956588745;0;0
1484;294;-0.1863557547330856;0.9298401474952698;-0.1539399772882462;0;0
1490;295;-0.1851359307765961;0.9293515682220459;-0.1552827209234238;0;0
1497;296;-0.1881870627403259;0.9305713772773743;-0.158943772315979;0;0
1506;297;-0.1874542236328125;0.928862988948822;-0.1583338528871536;0;0
1513;298;-0.186965674161911;0.9287416338920593;-0.1606537103652954;0;0
1513;299;-0.1884313374757767;0.9270316958427429;-0.1567468345165253;0;0
1520;300;-0.1905069202184677;0.9291073083877564;-0.1588224172592163;0;0
1520;301;-0.1873328685760498;0.9287416338920593;-0.1595552414655685;0;0
1527;302;-0.1916053891181946;0.9277645349502564;-0.1556483656167984;0;0
1530;303;-0.1917267441749573;0.9272760152816773;-0.1590666919946671;0;0
1535;304;-0.1914824694395065;0.9261775016784668;-0.1583338528871536;0;0
1540;305;-0.1906282752752304;0.9239805936813355;-0.1536956876516342;0;0
1547;306;-0.190262645483017;0.9193423986434937;-0.1563811898231506;0;0
1553;307;-0.1913611143827438;0.9177553653717041;-0.1566254645586014;0;0
1558;308;-0.190262645483017;0.9161683917045593;-0.1546728014945984;0;0
1563;309;-0.1898954510688782;0.9148256182670593;-0.1563811898231506;0;0
1567;310;-0.1935580521821976;0.9126286506652832;-0.1523529440164566;0;0
1570;311;-0.1949008107185364;0.9148256182670593;-0.1560155600309372;0;0
1575;312;-0.1963649094104767;0.9116515517234802;-0.1562582701444626;0;0
1580;313;-0.2017359137535095;0.9144600033760071;-0.1571140289306641;0;0
1586;314;-0.2033229321241379;0.9125057458877564;-0.1637048572301865;0;0
1590;315;-0.2027130126953125;0.9115301966667175;-0.1624850183725357;0;0
1595;316;-0.2097924053668976;0.9132385849952698;-0.1660247147083283;0;0
1605;317;-0.211502343416214;0.9137271642684937;-0.1671231836080551;0;0
1611;318;-0.2104023098945618;0.9171454906463623;-0.1626063734292984;0;0
1611;319;-0.2107695043087006;0.9203179478645325;-0.1645590364933014;0;0
1616;320;-0.2124778926372528;0.9194637537002564;-0.166268989443779;0;0
1621;321;-0.2102809548377991;0.9210507869720459;-0.1632162928581238;0;0
1626;322;-0.2079610973596573;0.9237362742424011;-0.16101935505867;0;0
1630;323;-0.2071069031953812;0.9230034947395325;-0.1644376814365387;0;0
1636;324;-0.2061313539743424;0.9234920144081116;-0.1618735492229462;0;0
1641;325;-0.2039328515529633;0.9234920144081116;-0.1634605675935745;0;0
1649;326;-0.2047885954380035;0.919586718082428;-0.1630949378013611;0;0
1653;327;-0.2060084342956543;0.9193423986434937;-0.1637048572301865;0;0
1658;328;-0.2066183388233185;0.9143370389938355;-0.1650476008653641;0;0
1662;329;-0.2085725665092468;0.9123843908309937;-0.1660247147083283;0;0
1666;330;-0.2060084342956543;0.9116515517234802;-0.1685872822999954;0;0
1671;331;-0.2077168226242065;0.9128729701042175;-0.1696857661008835;0;0
1676;332;-0.2071069031953812;0.9127500057220459;-0.1684659272432327;0;0
1681;333;-0.2086939215660095;0.9127500057220459;-0.1704185903072357;0;0
1686;334;-0.2095481157302856;0.9098202586174011;-0.1687102019786835;0;0
1699;335;-0.2117450684309006;0.9101874232292175;-0.1676117330789566;0;0
1699;336;-0.2133320868015289;0.9083561301231384;-0.1718842536211014;0;0
1706;337;-0.2158962190151215;0.9065248370170593;-0.1704185903072357;0;0
1711;338;-0.2168717831373215;0.9073790311813355;-0.1699300408363342;0;0
1716;339;-0.2189473658800125;0.9092103242874146;-0.172126978635788;0;0
1717;340;-0.2251725494861603;0.9065248370170593;-0.1733483672142029;0;0
1722;341;-0.2315206527709961;0.9072576761245728;-0.1731040924787521;0;0
1727;342;-0.2309107333421707;0.9044492840766907;-0.1737140119075775;0;0
1732;343;-0.234694704413414;0.9065248370170593;-0.1763994991779327;0;0
1737;344;-0.2392099499702454;0.9049378037452698;-0.1765224188566208;0;0
1747;345;-0.2400656938552856;0.9056706428527832;-0.1687102019786835;0;0
1752;346;-0.23860003054142;0.9111630320549011;-0.1699300408363342;0;0
1757;347;-0.2399427741765976;0.9125057458877564;-0.1693201214075089;0;0
1761;348;-0.238722950220108;0.9151912331581116;-0.1695643961429596;0;0
1762;349;-0.2344504296779633;0.9167782664299011;-0.1637048572301865;0;0
1767;350;-0.2320092022418976;0.9206851720809937;-0.1595552414655685;0;0
1772;351;-0.2221214175224304;0.9225149154663086;-0.1594323217868805;0;0
1777;352;-0.2150420248508453;0.9289859533309937;-0.1580895781517029;0;0
1782;353;-0.2057641595602036;0.9331355094909668;-0.1525972187519074;0;0
1787;354;-0.1978305727243424;0.9335011839866638;-0.1499117314815521;0;0
1794;355;-0.1905069202184677;0.9358210563659668;-0.1511315554380417;0;0
1799;356;-0.1813519597053528;0.9404591917991638;-0.1557712703943253;0;0
1803;357;-0.171098530292511;0.9407034516334534;-0.1593109667301178;0;0
1808;358;-0.1648717820644379;0.9355767369270325;-0.1637048572301865;0;0
1813;359;-0.1620649248361588;0.9335011839866638;-0.1668789088726044;0;0
1818;360;-0.1621862798929215;0.9376523494720459;-0.1745682060718536;0;0
1823;361;-0.163773313164711;0.9408248066902161;-0.1840903609991074;0;0
1828;362;-0.1631633937358856;0.9420462250709534;-0.1904368996620178;0;0
1833;363;-0.1662145256996155;0.9450973868370056;-0.1965407282114029;0;0
1843;364;-0.1715855300426483;0.9442431926727295;-0.2037430256605148;0;0
1843;365;-0.1775679886341095;0.9469286799430847;-0.2089911103248596;0;0
1851;366;-0.1826947033405304;0.950102686882019;-0.2141178250312805;0;0
1858;367;-0.1887969821691513;0.9469286799430847;-0.2181460708379746;0;0
1866;368;-0.1980748623609543;0.9419248700141907;-0.2143620997667313;0;0
1866;369;-0.2093038409948349;0.9408248066902161;-0.2120437920093536;0;0
1870;370;-0.2184588015079498;0.937529444694519;-0.2150949388742447;0;0
1874;371;-0.2270038574934006;0.9316698908805847;-0.210701048374176;0;0
1879;372;-0.2355488985776901;0.9265431761741638;-0.2059399634599686;0;0
1884;373;-0.2475107163190842;0.9193423986434937;-0.2020330876111984;0;0
1892;374;-0.2553229331970215;0.9154355525970459;-0.1945880651473999;0;0
1897;375;-0.2515389621257782;0.9151912331581116;-0.1883628815412521;0;0
1902;376;-0.2611824870109558;0.9065248370170593;-0.1848231852054596;0;0
1908;377;-0.2724130153656006;0.9061592221260071;-0.1774979680776596;0;0
1910;378;-0.2783939242362976;0.9038393497467041;-0.1729827225208283;0;0
1914;379;-0.2868160605430603;0.9032294154167175;-0.1661460697650909;0;0
1919;380;-0.2941397130489349;0.9027408957481384;-0.1558926403522492;0;0
1924;381;-0.3058588206768036;0.9027408957481384;-0.1495460867881775;0;0
1929;382;-0.3162336051464081;0.9026195406913757;-0.1438079029321671;0;0
1935;383;-0.3367420434951782;0.8973698616027832;-0.1366071552038193;0;0
1940;384;-0.3478496670722961;0.896027147769928;-0.1311132460832596;0;0
1945;385;-0.3562718033790588;0.8968813419342041;-0.1202498972415924;0;0
1955;386;-0.3726290464401245;0.8950515985488892;-0.1156117394566536;0;0
1955;387;-0.3798297941684723;0.9011538624763489;-0.1086537167429924;0;0
1960;388;-0.3902061283588409;0.8992012143135071;-0.102428525686264;0;0
1964;389;-0.3909389674663544;0.8971256017684937;-0.09827736765146256;0;0
1969;390;-0.380441278219223;0.8998110890388489;-0.08875676989555359;0;0
1974;391;-0.3699435591697693;0.9012767672538757;-0.07789342105388641;0;0
1980;392;-0.3699435591697693;0.9040836095809937;-0.07020256668329239;0;0
1987;393;-0.3598114848136902;0.9093332886695862;-0.06287890672683716;0;0
1990;394;-0.3457740843296051;0.9107973575592041;-0.046400286257267;0;0
1998;395;-0.3410130143165588;0.9100645184516907;-0.03309416025876999;0;0
2002;396;-0.3321023285388947;0.9096989035606384;-0.03089721873402596;0;0
2006;397;-0.3249015808105469;0.9110416173934937;-0.0294331107288599;0;0
2010;398;-0.3308824896812439;0.9192194938659668;-0.04029645770788193;0;0
2015;399;-0.319530576467514;0.9286187291145325;-0.05567660927772522;0;0
2020;400;-0.3009763956069946;0.9335011839866638;-0.07398653030395508;0;0
2025;401;-0.2903557419776917;0.9365538954734802;-0.09473767876625061;0;0
2033;402;-0.2719244658946991;0.9397263526916504;-0.1160987392067909;0;0
2039;403;-0.2534916400909424;0.9418019652366638;-0.131723165512085;0;0
2044;404;-0.2375015616416931;0.9369195103645325;-0.1484460681676865;0;0
2050;405;-0.2245626300573349;0.9355767369270325;-0.1606537103652954;0;0
2054;406;-0.2146748304367065;0.9343553781509399;-0.1691987663507462;0;0
2056;407;-0.2073511779308319;0.9280087947845459;-0.180183470249176;0;0
2060;408;-0.2090595662593842;0.9221493005752564;-0.1895827054977417;0;0
2066;409;-0.2104023098945618;0.9160454273223877;-0.1955636143684387;0;0
2070;410;-0.2171160578727722;0.9065248370170593;-0.1959308087825775;0;0
2076;411;-0.2260267436504364;0.8988355398178101;-0.1910483688116074;0;0
2081;412;-0.2316420078277588;0.8919988870620728;-0.1871414929628372;0;0
2086;413;-0.2420183569192886;0.8834538459777832;-0.1838460713624954;0;0
2095;414;-0.2575198709964752;0.8766187429428101;-0.1740812063217163;0;0
2100;415;-0.2669191062450409;0.8707591891288757;-0.1667559891939163;0;0
2101;416;-0.2714359164237976;0.8620927929878235;-0.1533300578594208;0;0
2106;417;-0.2763183414936066;0.8609943389892578;-0.1401468515396118;0;0
2111;418;-0.2785153090953827;0.8609943389892578;-0.1226911172270775;0;0
2116;419;-0.2759527266025543;0.8613599538803101;-0.1075552478432655;0;0
2121;420;-0.272168755531311;0.8703935742378235;-0.09205217659473419;0;0
2126;421;-0.2703374326229096;0.8739332556724548;-0.0733766183257103;0;0
2133;422;-0.2671633958816528;0.8851637840270996;-0.06507584452629089;0;0
2138;423;-0.2663092017173767;0.8996897339820862;-0.05518805235624313;0;0
2144;424;-0.272168755531311;0.9079905152320862;-0.04676592350006104;0;0
2148;425;-0.2772954702377319;0.9181210398674011;-0.0344369113445282;0;0
2152;426;-0.2786382138729096;0.929228663444519;-0.02613614127039909;0;0
2157;427;-0.2859618663787842;0.9360653162002564;-0.01624990254640579;0;0
2162;428;-0.298290878534317;0.9400935769081116;-0.002822416834533215;0;0
2167;429;-0.3047603368759155;0.9457088112831116;0.01219209469854832;0;0
2172;430;-0.3017076551914215;0.9364309310913086;0.0195157527923584;0;0
2177;431;-0.2969481348991394;0.9363095760345459;0.009872235357761383;0;0
2185;432;-0.2924313247203827;0.9408248066902161;-0.02528194710612297;0;0
2190;433;-0.2692389786243439;0.9335011839866638;-0.06507584452629089;0;0
2196;434;-0.2431168407201767;0.9264218211174011;-0.08253157883882523;0;0
2200;435;-0.2252954691648483;0.9231263995170593;-0.042737677693367;0;0
2203;436;-0.2277366816997528;0.9193423986434937;0.03050201945006847;0;0
2207;437;-0.2414084523916245;0.9187309145927429;0.07273713499307632;0;0
2212;438;-0.2603282928466797;0.9221493005752564;0.08042643219232559;0;0
2217;439;-0.2775397300720215;0.9247134327888489;0.06638903170824051;0;0
2222;440;-0.2993893623352051;0.9129943251609802;0.04344094917178154;0;0
2230;441;-0.3163565397262573;0.9073790311813355;0.02781652100384235;0;0
2235;442;-0.3272198736667633;0.9031065106391907;0.02879363112151623;0;0
2240;443;-0.3419901132583618;0.8987126350402832;0.03379743173718453;0;0
2246;444;-0.3336893320083618;0.9028638005256653;0.03892414644360542;0;0
2248;445;-0.3054916262626648;0.9077462553977966;0.0395340621471405;0;0
2253;446;-0.2877931594848633;0.9061592221260071;0.03343179449439049;0;0
2258;447;-0.2926756143569946;0.9031065106391907;0.02513102442026138;0;0
2263;448;-0.2941397130489349;0.9022523164749146;0.01829592138528824;0;0
2268;449;-0.2930412590503693;0.9049378037452698;0.01609742268919945;0;0
2275;450;-0.2885244488716126;0.9122614860534668;0.01158217806369066;0;0
2280;451;-0.290234386920929;0.915924072265625;0.007065377663820982;0;0
2298;452;-0.29230996966362;0.9164126515388489;0.001694383681751788;0;0
2299;453;-0.2992664277553558;0.915924072265625;0.001205828622914851;0;0
2299;454;-0.3024404942989349;0.9187309145927429;-0.0002582807210274041;0;0
2299;455;-0.2957267463207245;0.9132385849952698;0.0007172735640779138;0;0
2306;456;-0.2692389786243439;0.9139714241027832;-0.002578139305114746;0;0
2309;457;-0.2482435554265976;0.9297171831130981;-0.01356440503150225;0;0
2314;458;-0.2422626465559006;0.928862988948822;-0.01222165673971176;0;0
2319;459;-0.2483649104833603;0.9241019487380981;-0.009780436754226685;0;0
2324;460;-0.2598397433757782;0.9217836260795593;0.00523407431319356;0;0
2329;461;-0.2689946889877319;0.9280087947845459;0.02500966377556324;0;0
2334;462;-0.2726573050022125;0.9316698908805847;0.04637072235345841;0;0
2346;463;-0.2635023295879364;0.9344782829284668;0.06577911972999573;0;0
2346;464;-0.2561771273612976;0.9336240887641907;0.08592034876346588;0;0
2349;465;-0.246656522154808;0.9300844073295593;0.09446384012699127;0;0
2358;466;-0.2481206357479096;0.9333798289299011;0.1030088812112808;0;0
2359;467;-0.2604496479034424;0.9333798289299011;0.1010562181472778;0;0
2364;468;-0.2738771438598633;0.9275202751159668;0.1052058264613152;0;0
2369;469;-0.2753427922725678;0.9206851720809937;0.1025203242897987;0;0
2374;470;-0.2624038755893707;0.9170225858688355;0.09348828345537186;0;0
2379;471;-0.258131355047226;0.916901171207428;0.07957224547863007;0;0
2384;472;-0.2637450695037842;0.9177553653717041;0.07200430333614349;0;0
2390;473;-0.2576427757740021;0.918243944644928;0.06272798031568527;0;0
2395;474;-0.2493420243263245;0.9165340065956116;0.0516187995672226;0;0
2400;475;-0.2472664415836334;0.9134828448295593;0.03489590063691139;0;0
2408;476;-0.2382344007492065;0.9109187126159668;0.02085850201547146;0;0
2410;477;-0.2188259959220886;0.9143370389938355;0.007553932722657919;0;0
2415;478;-0.1984404921531677;0.9239805936813355;-0.002212501130998135;0;0
2425;479;-0.1851359307765961;0.9284973740577698;-0.007581938989460468;0;0
2425;480;-0.1720740795135498;0.9266660809516907;-0.02406211569905281;0;0
2431;481;-0.1704870462417603;0.9231263995170593;-0.04090637341141701;0;0
2435;482;-0.1774450689554215;0.9173882007598877;-0.05030561611056328;0;0
2440;483;-0.186965674161911;0.9151912331581116;-0.06580868363380432;0;0
2445;484;-0.1919710338115692;0.9154355525970459;-0.07960180193185806;0;0
2450;485;-0.186965674161911;0.916901171207428;-0.08997660130262375;0;0
2456;486;-0.1853802055120468;0.9237362742424011;-0.1002300307154656;0;0
2460;487;-0.1831817030906677;0.9352111220359802;-0.1180529594421387;0;0
2465;488;-0.1757366806268692;0.9438775181770325;-0.1396582871675491;0;0
2473;489;-0.1745152920484543;0.9513225555419922;-0.1565025597810745;0;0
2479;490;-0.1761023253202438;0.9595019817352295;-0.1760338693857193;0;0
2483;491;-0.1747595816850662;0.9713423848152161;-0.199347585439682;0;0
2489;492;-0.1747595816850662;0.9774447083473206;-0.2215643972158432;0;0
2491;493;-0.17695651948452;0.9846469759941101;-0.2458552271127701;0;0
2495;494;-0.1782992631196976;0.9964874386787415;-0.2691705226898193;0;0
2500;495;-0.1823275089263916;1.01296603679657;-0.2817422449588776;0;0
2506;496;-0.1839145421981812;1.024562239646912;-0.2865033149719238;0;0
2511;497;-0.1845244467258453;1.025173664093018;-0.291508674621582;0;0
2516;498;-0.1706099659204483;1.02932333946228;-0.2840621173381805;0;0
2522;499;-0.1548626273870468;1.022853851318359;-0.2723430097103119;0;0
2528;500;-0.1389939188957214;1.008206486701965;-0.257330060005188;0;0
2533;501;-0.1241023242473602;0.9891637563705444;-0.2414613515138626;0;0
2538;502;-0.1104305610060692;0.9720736742019653;-0.2285224199295044;0;0
2541;503;-0.1028626263141632;0.9494928121566773;-0.2142407447099686;0;0
2547;504;-0.09090080857276917;0.9358210563659668;-0.202644556760788;0;0
2551;505;-0.08028017729520798;0.9249576926231384;-0.189461350440979;0;0
2556;506;-0.07222368568181992;0.9129943251609802;-0.1768880635499954;0;0
2561;507;-0.06978247314691544;0.8985912799835205;-0.162240743637085;0;0
2568;508;-0.07539774477481842;0.8922431468963623;-0.15308578312397;0;0
2572;509;-0.08430842310190201;0.8844309449195862;-0.1429537087678909;0;0
2578;510;-0.1065252348780632;0.881745457649231;-0.129770502448082;0;0
2582;511;-0.126422181725502;0.8786942958831787;-0.1269636452198029;0;0
2589;512;-0.141558051109314;0.8761301636695862;-0.1261094510555267;0;0
2592;513;-0.157792404294014;0.8785713911056519;-0.1214697286486626;0;0
2597;514;-0.1634076684713364;0.8800370693206787;-0.1270850002765656;0;0
2602;515;-0.1645061373710632;0.889069139957428;-0.131723165512085;0;0
2607;516;-0.1669473648071289;0.8990782499313355;-0.1355071365833283;0;0
2612;517;-0.1759809702634811;0.9117744565010071;-0.1423437893390656;0;0
2622;518;-0.1819618791341782;0.9237362742424011;-0.1496674418449402;0;0
2628;519;-0.1693885773420334;0.9343553781509399;-0.1512544751167297;0;0
2628;520;-0.1875771433115006;0.955595076084137;-0.1538170576095581;0;0
2633;521;-0.2089382112026215;0.9761019349098206;-0.1600438058376312;0;0
2638;522;-0.2084496468305588;0.9955103397369385;-0.1693201214075089;0;0
2643;523;-0.2053985148668289;1.011501908302307;-0.1807949393987656;0;0
2648;524;-0.2130878120660782;1.012356162071228;-0.1812819391489029;0;0
2652;525;-0.2196801900863648;1.011990547180176;-0.1759109497070313;0;0
2658;526;-0.2143092006444931;1.020412683486939;-0.1778651624917984;0;0
2663;527;-0.2155290246009827;1.020901203155518;-0.1849445551633835;0;0
2670;528;-0.2121122628450394;1.010280609130859;-0.1857987493276596;0;0
2676;529;-0.1947778910398483;0.9975858926773071;-0.1828689724206924;0;0
2680;530;-0.1725626289844513;0.9916049838066101;-0.1713957041501999;0;0
2683;531;-0.1613320857286453;0.977811872959137;-0.1583338528871536;0;0
2688;532;-0.1472946852445602;0.9725622534751892;-0.1518643945455551;0;0
2693;533;-0.1294733136892319;0.9701210260391235;-0.143076628446579;0;0
2698;534;-0.1162901148200035;0.9613332748413086;-0.1359956860542297;0;0
2703;535;-0.1029855459928513;0.9498584270477295;-0.1366071552038193;0;0
2708;536;-0.09859010577201843;0.9356980919837952;-0.1416109651327133;0;0
2713;537;-0.09370766580104828;0.9199523329734802;-0.1518643945455551;0;0
2719;538;-0.0795489028096199;0.9023752212524414;-0.1637048572301865;0;0
2724;539;-0.07014966011047363;0.8909004330635071;-0.1711514294147492;0;0
2729;540;-0.05818628892302513;0.8786942958831787;-0.1732254475355148;0;0
2734;541;-0.05586798489093781;0.8680737018585205;-0.1812819391489029;0;0
2739;542;-0.05769773200154305;0.8585531115531921;-0.1781094521284103;0;0
2744;543;-0.08125729113817215;0.8531820774078369;-0.1746911108493805;0;0
2749;544;-0.1070137917995453;0.8451256155967712;-0.1673674583435059;0;0
2754;545;-0.1037168204784393;0.8386561274528503;-0.1600438058376312;0;0
2759;546;-0.1068908721208572;0.8368248343467712;-0.1563811898231506;0;0
2768;547;-0.1499801874160767;0.8348721861839294;-0.1447850167751312;0;0
2773;548;-0.1736610978841782;0.8302339911460877;-0.1362399607896805;0;0
2778;549;-0.183060348033905;0.8305996656417847;-0.1236666738986969;0;0
2782;550;-0.1986847668886185;0.8296241164207459;-0.1108506619930267;0;0
2784;551;-0.2118679732084274;0.8353607058525085;-0.09888727962970734;0;0
2789;552;-0.2126008123159409;0.8412202596664429;-0.08192010968923569;0;0
2794;553;-0.2063740640878677;0.8417072892189026;-0.0649544894695282;0;0
2800;554;-0.2044214010238648;0.8467126488685608;-0.05201400071382523;0;0
2804;555;-0.2036901265382767;0.8622156977653503;-0.04359187185764313;0;0
2811;556;-0.1959992796182632;0.8795484900474548;-0.03858807310461998;0;0
2820;557;-0.19221530854702;0.8866279125213623;-0.04005218297243118;0;0
2826;558;-0.1907496452331543;0.8921217918395996;-0.04810867086052895;0;0
2832;559;-0.1866000294685364;0.8993225693702698;-0.06617432087659836;0;0
2832;560;-0.1806191205978394;0.904327929019928;-0.08594835549592972;0;0
2838;561;-0.1718298047780991;0.9065248370170593;-0.1037712767720223;0;0
2841;562;-0.1601122617721558;0.9093332886695862;-0.1230567544698715;0;0
2846;563;-0.1507130265235901;0.9132385849952698;-0.13782699406147;0;0
2853;564;-0.1367969810962677;0.9110416173934937;-0.1447850167751312;0;0
2860;565;-0.1209282726049423;0.915924072265625;-0.1534514129161835;0;0
2861;566;-0.1075007915496826;0.9158027172088623;-0.1567468345165253;0;0
2869;567;-0.09187636524438858;0.9118958115577698;-0.1536956876516342;0;0
2875;568;-0.08748247474431992;0.9096989035606384;-0.1425880640745163;0;0
2881;569;-0.08101301640272141;0.9093332886695862;-0.1270850002765656;0;0
2881;570;-0.08345422893762589;0.9081118702888489;-0.1135361567139626;0;0
2888;571;-0.09163208305835724;0.9104317426681519;-0.09742317348718643;0;0
2891;572;-0.101154237985611;0.9117744565010071;-0.08448424190282822;0;0
2896;573;-0.103595457971096;0.9158027172088623;-0.07630638778209686;0;0
2901;574;-0.1078679859638214;0.9211721420288086;-0.06702851504087448;0;0
2906;575;-0.1129947006702423;0.9259332418441773;-0.07069111615419388;0;0
2915;576;-0.112750418484211;0.9294729232788086;-0.07191095501184464;0;0
2920;577;-0.1131160631775856;0.9387508034706116;-0.07752622663974762;0;0
2927;578;-0.1160458326339722;0.9483942985534668;-0.0850941613316536;0;0
2927;579;-0.1160458326339722;0.9564492702484131;-0.08802393078804016;0;0
2932;580;-0.1142145320773125;0.9702439308166504;-0.0952262282371521;0;0
2937;581;-0.109210729598999;0.9772019386291504;-0.1009628623723984;0;0
2941;582;-0.1081122606992722;0.9883095622062683;-0.1054796651005745;0;0
2946;583;-0.1018870696425438;1.002102732658386;-0.1087750792503357;0;0
2951;584;-0.09798018634319305;1.012600421905518;-0.1085307970643044;0;0
2958;585;-0.09749163687229157;1.018459916114807;-0.1082865223288536;0;0
2967;586;-0.09114508330821991;1.021389722824097;-0.1041369140148163;0;0
2967;587;-0.08247712254524231;1.021145462989807;-0.1079208850860596;0;0
2974;588;-0.07747332006692886;1.018459916114807;-0.1026728078722954;0;0
2980;589;-0.06355728209018707;1.013088941574097;-0.09827736765146256;0;0
2986;590;-0.05794201046228409;1.008816480636597;-0.08936668187379837;0;0
2987;591;-0.05684353783726692;1.003201127052307;-0.08350713551044464;0;0
2992;592;-0.04854432493448257;1.001981377601624;-0.07435216754674912;0;0
2997;593;-0.04036491736769676;1.001004219055176;-0.0678827092051506;0;0
3002;594;-0.0391450859606266;0.996731698513031;-0.06043768674135208;0;0
3008;595;-0.03841225430369377;1.000027179718018;-0.05714071914553642;0;0
3013;596;-0.04305041581392288;0.9979531168937683;-0.05396822094917297;0;0
3018;597;-0.03987636417150497;0.999051570892334;-0.05189264193177223;0;0
3023;598;-0.04195194318890572;1.007108092308044;-0.05372394248843193;0;0
3028;599;-0.04866568744182587;1.01406455039978;-0.06409873813390732;0;0
3032;600;-0.05965195223689079;1.020901203155518;-0.08094455301761627;0;0
3037;601;-0.08235576003789902;1.035427093505859;-0.09534759074449539;0;0
3042;602;-0.09663744270801544;1.055201172828674;-0.1106063798069954;0;0
3047;603;-0.1096992865204811;1.0846186876297;-0.1259865313768387;0;0
3053;604;-0.1160458326339722;1.111962199211121;-0.1410010457038879;0;0
3060;605;-0.1094550117850304;1.144309639930725;-0.1521086692810059;0;0
3066;606;-0.1072565093636513;1.170553088188171;-0.1579682230949402;0;0
3068;607;-0.0982244685292244;1.183249235153198;-0.1573583036661148;0;0
3075;608;-0.0930977463722229;1.192525625228882;-0.1495460867881775;0;0
3078;609;-0.08760539442300797;1.19191575050354;-0.1453949213027954;0;0
3083;610;-0.08320995420217514;1.19484543800354;-0.1323346346616745;0;0
3089;611;-0.08674964308738709;1.193624138832092;-0.1209827288985252;0;0
3093;612;-0.09688171744346619;1.195576786994934;-0.1068224161863327;0;0
3098;613;-0.1084778979420662;1.204243183135986;-0.09400484710931778;0;0
3103;614;-0.1194641664624214;1.206685900688171;-0.08814685046672821;0;0
3113;615;-0.1140931695699692;1.202046155929565;-0.08704838156700134;0;0
3119;616;-0.1094550117850304;1.192891240119934;-0.09461631625890732;0;0
3124;617;-0.1143374517560005;1.173850059509277;-0.09803309291601181;0;0
3124;618;-0.1095763668417931;1.144919514656067;-0.1098735481500626;0;0
3129;619;-0.1026183515787125;1.109886646270752;-0.1229353919625282;0;0
3134;620;-0.1053038462996483;1.074488162994385;-0.1373384296894074;0;0
3139;621;-0.1140931695699692;1.039699673652649;-0.1508888304233551;0;0
3144;622;-0.130450427532196;1.00600802898407;-0.1643147617578507;0;0
3149;623;-0.1464404910802841;0.9812286496162415;-0.1777422577142716;0;0
3161;624;-0.1588908731937408;0.9596233367919922;-0.1975178420543671;0;0
3161;625;-0.1721969991922379;0.9331355094909668;-0.2082598358392716;0;0
3168;626;-0.1887969821691513;0.9051821231842041;-0.2222972363233566;0;0
3170;627;-0.2025900930166245;0.8771073222160339;-0.2351132482290268;0;0
3176;628;-0.2182145267724991;0.8508622646331787;-0.2447567582130432;0;0
3180;629;-0.2224870473146439;0.8326752185821533;-0.2540346384048462;0;0
3184;630;-0.2244412750005722;0.8170508146286011;-0.2657521963119507;0;0
3190;631;-0.2279809564352036;0.8015477657318115;-0.2707575261592865;0;0
3195;632;-0.2323748469352722;0.7887317538261414;-0.2701460719108582;0;0
3200;633;-0.2454366981983185;0.7785996794700623;-0.276249885559082;0;0
3206;634;-0.2649664580821991;0.7651721835136414;-0.2832079231739044;0;0
3213;635;-0.2846191227436066;0.755651593208313;-0.2855262160301209;0;0
3221;636;-0.2848634123802185;0.7447882294654846;-0.2907758355140686;0;0
3221;637;-0.2738771438598633;0.7479606866836548;-0.2862590551376343;0;0
3228;638;-0.2783939242362976;0.7624866962432861;-0.2874804437160492;0;0
3234;639;-0.2893801927566528;0.7707874178886414;-0.2867476046085358;0;0
3241;640;-0.3112298250198364;0.7783553600311279;-0.2808880507946014;0;0
3241;641;-0.3479710221290588;0.7800652980804443;-0.2766155302524567;0;0
3246;642;-0.3856893479824066;0.7952011823654175;-0.2650193572044373;0;0
3250;643;-0.4201122522354126;0.8163179755210877;-0.2584285140037537;0;0
3256;644;-0.4431832432746887;0.8358492851257324;-0.2432926446199417;0;0
3262;645;-0.4363465905189514;0.8572103381156921;-0.2275453060865402;0;0
3267;646;-0.4332954585552216;0.8773515820503235;-0.1995918601751328;0;0
3272;647;-0.4182809591293335;0.8867508172988892;-0.1733483672142029;0;0
3275;648;-0.3978970050811768;0.9007881879806519;-0.1562582701444626;0;0
3280;649;-0.3787313103675842;0.9192194938659668;-0.1418552398681641;0;0
3285;650;-0.3552946746349335;0.9363095760345459;-0.1369727998971939;0;0
3290;651;-0.3338122665882111;0.9604775309562683;-0.1302590519189835;0;0
3295;652;-0.3211176097393036;0.9824500679969788;-0.1269636452198029;0;0
3303;653;-0.2951168417930603;0.9938019514083862;-0.1316017955541611;0;0
3308;654;-0.2669191062450409;1.008206486701965;-0.1362399607896805;0;0
3313;655;-0.2521488666534424;1.016628623008728;-0.1385598182678223;0;0
3318;656;-0.2403084188699722;1.018215656280518;-0.1394140124320984;0;0
3321;657;-0.2310321033000946;1.012111902236939;-0.1445407271385193;0;0
3326;658;-0.2212672233581543;1.018948554992676;-0.1506445556879044;0;0
3331;659;-0.1715855300426483;1.058985114097595;-0.1540613323450089;0;0
3336;660;-0.1027412638068199;1.115501999855042;-0.1633392125368118;0;0
3341;661;-0.06807408481836319;1.144675254821777;-0.1988605856895447;0;0
3348;662;-0.05293821170926094;1.10659122467041;-0.2160720378160477;0;0
3352;663;-0.03291834518313408;1.043604969978333;-0.2176575064659119;0;0
3358;664;-0.02278782799839973;0.9964874386787415;-0.2244941741228104;0;0
3367;665;-0.006553484126925468;0.9739049673080444;-0.2265697568655014;0;0
3367;666;-0.0005710182012990117;0.9422904849052429;-0.2071598023176193;0;0
3371;667;-0.04964279755949974;0.9005439281463623;-0.1806720197200775;0;0
3376;668;-0.1333786547183991;0.8708820939064026;-0.1294048577547073;0;0
3381;669;-0.2267595678567886;0.8515950441360474;-0.09437204152345657;0;0
3386;670;-0.2884030938148499;0.8426843881607056;-0.08057891577482224;0;0
3391;671;-0.3103756308555603;0.836459219455719;-0.0632445439696312;0;0
3402;672;-0.3120840191841126;0.8286469578742981;-0.04554453492164612;0;0
3402;673;-0.3107412457466126;0.8003278970718384;-0.009901798330247402;0;0
3407;674;-0.332713782787323;0.7451538443565369;0.03916842490434647;0;0
3416;675;-0.3362534940242767;0.7193973660469055;0.0770096629858017;0;0
3417;676;-0.3340565264225006;0.7037729024887085;0.1181447580456734;0;0
3422;677;-0.33173668384552;0.6970592141151428;0.1762485802173615;0;0
3427;678;-0.3297840058803558;0.6999889612197876;0.2580333352088928;0;0
3432;679;-0.3168450891971588;0.7097554206848145;0.3420134484767914;0;0
3437;680;-0.2869389653205872;0.715980589389801;0.4015829563140869;0;0
3442;681;-0.258131355047226;0.7334347367286682;0.4078081250190735;0;0
3451;682;-0.2432381957769394;0.7427126169204712;0.3897424936294556;0;0
3455;683;-0.2342061549425125;0.7445439696311951;0.3500699400901794;0;0
3460;684;-0.2252954691648483;0.7578485012054443;0.2852539420127869;0;0
3465;685;-0.2190702706575394;0.7587026953697205;0.2258073538541794;0;0
3467;686;-0.2177275270223618;0.7452751994132996;0.1877233982086182;0;0
3472;687;-0.1999046057462692;0.7414912581443787;0.1515905559062958;0;0
3477;688;-0.1708542406558991;0.7582141757011414;0.113506592810154;0;0
3482;689;-0.15376415848732;0.7630981206893921;0.09336536377668381;0;0
3488;690;-0.1551069021224976;0.7557729482650757;0.07957224547863007;0;0
3499;691;-0.1501031070947647;0.7499149441719055;0.06883025169372559;0;0
3499;692;-0.1420466154813767;0.7497920393943787;0.07163866609334946;0;0
3509;693;-0.1367969810962677;0.7433225512504578;0.07456844300031662;0;0
3509;694;-0.1366756111383438;0.7480836510658264;0.06919744610786438;0;0
3513;695;-0.136308416724205;0.7565057873725891;0.06712186336517334;0;0
3518;696;-0.1327687352895737;0.7670034766197205;0.05784398689866066;0;0
3523;697;-0.1457076668739319;0.7746943235397339;0.03831423074007034;0;0
3528;698;-0.1693885773420334;0.7811638116836548;0.0195157527923584;0;0
3533;699;-0.1702427715063095;0.7916615009307861;-0.006972023285925388;0;0
3538;700;-0.1575481295585632;0.8082614541053772;-0.03907507285475731;0;0
3548;701;-0.1359427869319916;0.8320653438568115;-0.05360102653503418;0;0
3552;702;-0.1182427778840065;0.8589187264442444;-0.05982621386647224;0;0
3557;703;-0.1150687262415886;0.8849195241928101;-0.04176056757569313;0;0
3561;704;-0.1064023151993752;0.908966064453125;-0.001479668426327407;0;0
3564;705;-0.09431757777929306;0.9387508034706116;0.04978905245661736;0;0
3568;706;-0.08955805748701096;0.9562065601348877;0.1402386426925659;0;0
3573;707;-0.07808323949575424;0.9817172288894653;0.2608401775360107;0;0
3579;708;-0.08028017729520798;1.006375193595886;0.3685027956962585;0;0
3584;709;-0.08711683750152588;1.033472895622253;0.4727470576763153;0;0
3589;710;-0.09224355965852737;1.049341678619385;0.5558729767799377;0;0
3597;711;-0.1053038462996483;1.063013434410095;0.6159294843673706;0;0
3602;712;-0.1203183606266975;1.064844727516174;0.6451042890548706;0;0
3606;713;-0.1477832496166229;1.055566787719727;0.6469356417655945;0;0
3611;714;-0.16902294754982;1.029688954353333;0.6151981949806213;0;0
3614;715;-0.2019801884889603;0.9995386004447937;0.5601454973220825;0;0
3619;716;-0.2093038409948349;0.9706096053123474;0.5028974413871765;0;0
3624;717;-0.2206573039293289;0.9463187456130981;0.4517516493797302;0;0
3629;718;-0.23066645860672;0.9261775016784668;0.3977989852428436;0;0
3634;719;-0.2514176070690155;0.9021309614181519;0.3440890312194824;0;0
3645;720;-0.2726573050022125;0.8916332721710205;0.2935546934604645;0;0
3646;721;-0.3009763956069946;0.8808912634849548;0.246681421995163;0;0
3650;722;-0.3209947049617767;0.8786942958831787;0.2098172903060913;0;0
3656;723;-0.312572568655014;0.889069139957428;0.168557733297348;0;0
3660;724;-0.317454993724823;0.8995668292045593;0.1277882754802704;0;0
3666;725;-0.3023191392421722;0.9188538789749146;0.09324400126934052;0;0
3670;726;-0.2943840026855469;0.9599905014038086;0.07639818638563156;0;0
3675;727;-0.2951168417930603;1.026516437530518;0.07774093747138977;0;0
3680;728;-0.2880374491214752;1.120140075683594;0.1049615442752838;0;0
3685;729;-0.2865717709064484;1.225361466407776;0.1558630764484406;0;0
3693;730;-0.30817711353302;1.329971432685852;0.2190936207771301;0;0
3698;731;-0.3402817249298096;1.408826351165772;0.3035638630390167;0;0
3703;732;-0.3939900994300842;1.424450755119324;0.398041695356369;0;0
3708;733;-0.4487985372543335;1.378066062927246;0.4775081276893616;0;0
3710;734;-0.4934733211994171;1.286272168159485;0.501676082611084;0;0
3715;735;-0.5116618871688843;1.205585956573486;0.4559012353420258;0;0
3720;736;-0.5033611059188843;1.147727966308594;0.3534882664680481;0;0
3725;737;-0.4617374539375305;1.099267601966858;0.2254417240619659;0;0
3730;738;-0.4224320948123932;1.054591298103333;0.09824780374765396;0;0
3736;739;-0.3932572901248932;0.9994171857833862;-0.01087890844792128;0;0
3742;740;-0.3570046126842499;0.9479057788848877;-0.08900104463100433;0;0
3748;741;-0.3205061256885529;0.9012767672538757;-0.1379499137401581;0;0
3752;742;-0.2829107344150543;0.8595302104949951;-0.1621178239583969;0;0
3758;743;-0.2577641606330872;0.8287683725357056;-0.1648033261299133;0;0
3761;744;-0.2440939396619797;0.7973981499671936;-0.1519873142242432;0;0
3766;745;-0.2460466027259827;0.7750599384307861;-0.1335544735193253;0;0
3771;746;-0.2602053582668304;0.7756698727607727;-0.1195170655846596;0;0
3776;747;-0.2863275110721588;0.8032577037811279;-0.1115834936499596;0;0
3781;748;-0.3128168284893036;0.8668538331985474;-0.09827736765146256;0;0
3787;749;-0.3241687417030335;0.9370408654212952;-0.09217509627342224;0;0
3796;750;-0.3201405107975006;0.9880653023719788;-0.1064567714929581;0;0
3800;751;-0.2639893293380737;1.018581390380859;-0.1368498802185059;0;0
3806;752;-0.2010046243667603;1.011746287345886;-0.1687102019786835;0;0
3806;753;-0.1535198837518692;0.9834271669387817;-0.1948323398828507;0;0
3811;754;-0.1176328584551811;0.9436332583427429;-0.2203430086374283;0;0
3816;755;-0.07368935644626617;0.909943163394928;-0.244023934006691;0;0
3821;756;-0.03377409279346466;0.8823553919792175;-0.2574514150619507;0;0
3826;757;0.002114478731527925;0.8602614998817444;-0.2699017822742462;0;0
3832;758;0.03189766779541969;0.8417072892189026;-0.2812552452087402;0;0
3840;759;0.05924119427800179;0.8279141783714294;-0.3029819428920746;0;0
3844;760;0.06925035268068314;0.8080171942710877;-0.3342308104038239;0;0
3850;761;0.05448011681437492;0.7882431745529175;-0.3610857725143433;0;0
3854;762;0.03079919703304768;0.7836050391197205;-0.3846437633037567;0;0
3857;763;-0.00704048341140151;0.7937355041503906;-0.4174796640872955;0;0
3862;764;-0.06538858264684677;0.8168065547943115;-0.4388422667980194;0;0
3867;765;-0.1206839978694916;0.8406088352203369;-0.4556865394115448;0;0
3872;766;-0.1679244786500931;0.8618485331535339;-0.4708223938941956;0;0
3877;767;-0.1970977485179901;0.8854080438613892;-0.4842498898506165;0;0
3882;768;-0.2331076711416245;0.9042065143585205;-0.4881567656993866;0;0
3889;769;-0.2665534615516663;0.9214164614677429;-0.4854712784290314;0;0
3894;770;-0.2924313247203827;0.9404591917991638;-0.4631330966949463;0;0
3900;771;-0.2847404778003693;0.969876766204834;-0.4415277540683746;0;0
3904;772;-0.2565443217754364;0.9918493032455444;-0.4213865399360657;0;0
3908;773;-0.2533702552318573;0.9995386004447937;-0.3945315778255463;0;0
3912;774;-0.2655763626098633;1.008083581924439;-0.3594987392425537;0;0
3917;775;-0.2740000486373901;1.016263008117676;-0.3165323436260223;0;0
3923;776;-0.2804695069789887;1.020412683486939;-0.2727102041244507;0;0
3928;777;-0.2989008128643036;1.024317979812622;-0.227912500500679;0;0
3937;778;-0.319774866104126;1.027247786521912;-0.1735926419496536;0;0
3938;779;-0.3181878328323364;1.025050759315491;-0.1336773782968521;0;0
3948;780;-0.3205061256885529;1.016263008117676;-0.1004743054509163;0;0
3949;781;-0.3185534775257111;1.007108092308044;-0.07593919336795807;0;0
3954;782;-0.3101313412189484;0.998074471950531;-0.05360102653503418;0;0
3958;783;-0.2984122335910797;0.9790316820144653;-0.03333843871951103;0;0
3963;784;-0.2971924245357513;0.9574263691902161;-0.02357356064021587;0;0
3969;785;-0.3003649115562439;0.9381393194198608;-0.00611783005297184;0;0
3974;786;-0.2956053912639618;0.9249576926231384;0.01231345534324646;0;0
3979;787;-0.2849847674369812;0.9142156839370728;0.03367606922984123;0;0
3989;788;-0.2737557590007782;0.910308837890625;0.0682203397154808;0;0
3989;789;-0.256909966468811;0.9075019359588623;0.09959055483341217;0;0
3995;790;-0.2373802065849304;0.887726366519928;0.1421928703784943;0;0
3999;791;-0.2246840000152588;0.855379045009613;0.1850378960371018;0;0
4004;792;-0.2121122628450394;0.8089942932128906;0.2114043235778809;0;0
4009;793;-0.1980748623609543;0.766270637512207;0.2131127119064331;0;0
4014;794;-0.1761023253202438;0.7290408611297607;0.1883333176374435;0;0
4019;795;-0.1521771252155304;0.6969377994537354;0.1376760601997376;0;0
4024;796;-0.1413137763738632;0.6724027395248413;0.06114095821976662;0;0
4029;797;-0.1398481130599976;0.6623935699462891;-0.004042248707264662;0;0
4035;798;-0.1256893575191498;0.6588538885116577;-0.06055904924869537;0;0
4040;799;-0.1170229464769363;0.6633691191673279;-0.1143903508782387;0;0
4044;800;-0.114826001226902;0.6769195199012756;-0.1543056070804596;0;0
4050;801;-0.1126275062561035;0.6919324994087219;-0.1916582882404327;0;0
4055;802;-0.1179985031485558;0.7024301886558533;-0.2214430421590805;0;0
4059;803;-0.136552706360817;0.7134164571762085;-0.2524476051330566;0;0
4064;804;-0.151567205786705;0.7264782786369324;-0.2711231708526611;0;0
4069;805;-0.1839145421981812;0.746008038520813;-0.2846720218658447;0;0
4074;806;-0.2165061384439468;0.770910382270813;-0.2901659309864044;0;0
4080;807;-0.2516618669033051;0.8025248646736145;-0.2966353893280029;0;0
4088;808;-0.2875488996505737;0.8384118676185608;-0.2949254512786865;0;0
4093;809;-0.3214832544326782;0.8688065409660339;-0.2856491208076477;0;0
4098;810;-0.3504122495651245;0.8944401144981384;-0.2739300429821014;0;0
4100;811;-0.3765343725681305;0.9164126515388489;-0.2603811919689179;0;0
4105;812;-0.3960656821727753;0.9420462250709534;-0.2478078901767731;0;0
4110;813;-0.4011923968791962;0.9654828906059265;-0.2319391965866089;0;0
4115;814;-0.3888633847236633;0.9933133721351624;-0.2174147963523865;0;0
4120;815;-0.3436985015869141;1.021145462989807;-0.1962964534759522;0;0
4125;816;-0.2960939407348633;1.050684332847595;-0.1763994991779327;0;0
4132;817;-0.2713145613670349;1.071069836616516;-0.1583338528871536;0;0
4138;818;-0.2454366981983185;1.090356945991516;-0.1423437893390656;0;0
4142;819;-0.225416824221611;1.10659122467041;-0.1246437802910805;0;0
4147;820;-0.2130878120660782;1.112450838088989;-0.1153674572706223;0;0
4151;821;-0.198319137096405;1.114769101142883;-0.1075552478432655;0;0
4155;822;-0.1851359307765961;1.113182067871094;-0.09388348460197449;0;0
4160;823;-0.1693885773420334;1.104515671730042;-0.08350713551044464;0;0
4166;824;-0.1563282907009125;1.084741592407227;-0.07642775028944016;0;0
4171;825;-0.1464404910802841;1.060695052146912;-0.07044684141874313;0;0
4176;826;-0.1271534562110901;1.025173664093018;-0.06690715253353119;0;0
4182;827;-0.1118962317705154;0.9885538816452026;-0.06409873813390732;0;0
4186;828;-0.1018870696425438;0.9519340395927429;-0.06885981559753418;0;0
4195;829;-0.087971031665802;0.9189752340316773;-0.0832628533244133;0;0
4196;830;-0.07405499368906021;0.8963927626609802;-0.1030384451150894;0;0
4201;831;-0.06380155682563782;0.8921217918395996;-0.1334331035614014;0;0
4206;832;-0.06587713956832886;0.8912660479545593;-0.1677331030368805;0;0
4211;833;-0.0778389573097229;0.8917546272277832;-0.2077712714672089;0;0
4216;834;-0.1078679859638214;0.8880935311317444;-0.2458552271127701;0;0
4221;835;-0.1392381936311722;0.8912660479545593;-0.2735643982887268;0;0
4230;836;-0.1695114970207214;0.8917546272277832;-0.3005407154560089;0;0
4235;837;-0.1964878290891647;0.8857737183570862;-0.3300811946392059;0;0
4240;838;-0.2211443036794663;0.885896623134613;-0.3615743219852448;0;0
4245;839;-0.2381114810705185;0.8987126350402832;-0.3840338587760925;0;0
4247;840;-0.2565443217754364;0.9276431798934937;-0.3985598087310791;0;0
4252;841;-0.2785153090953827;0.9674355387687683;-0.4097903668880463;0;0
4257;842;-0.3019519448280335;1.009914875030518;-0.4180911183357239;0;0
4262;843;-0.3349107205867767;1.047633290290833;-0.4279773533344269;0;0
4267;844;-0.3654267489910126;1.080957651138306;-0.4382307827472687;0;0
4272;845;-0.3931359052658081;1.097801923751831;-0.442014753818512;0;0
4279;846;-0.4143756031990051;1.09829044342041;-0.4378651678562164;0;0
4284;847;-0.4466000199317932;1.083520293235779;-0.4262689650058746;0;0
4289;848;-0.4740649163722992;1.058619499206543;-0.4074704945087433;0;0
4293;849;-0.4983572959899902;1.031887412071228;-0.3826911151409149;0;0
4297;850;-0.5271649360656738;0.9963660836219788;-0.3483911156654358;0;0
4302;851;-0.5524313449859619;0.9576706290245056;-0.3072544634342194;0;0
4307;852;-0.5562152862548828;0.9310599565505981;-0.2620895802974701;0;0
4312;853;-0.5498687624931335;0.9037179946899414;-0.2131422609090805;0;0
4318;854;-0.5382725596427918;0.8741775155067444;-0.1630949378013611;0;0
4325;855;-0.5365626215934753;0.8502523303031921;-0.1180529594421387;0;0
4335;856;-0.5355870723724365;0.8342622518539429;-0.07264378666877747;0;0
4336;857;-0.5318030714988709;0.8247401118278503;-0.03272852301597595;0;0
4340;858;-0.5324130058288574;0.8172950744628906;0.0007172735640779138;0;0
4346;859;-0.5277748703956604;0.8107026815414429;0.0276936050504446;0;0
4348;860;-0.5253336429595947;0.8133881688117981;0.0516187995672226;0;0
4353;861;-0.5236237049102783;0.8236416578292847;0.06101803854107857;0;0
4358;862;-0.5133702754974365;0.8578202724456787;0.06089667975902557;0;0
4363;863;-0.457097738981247;0.9568164348602295;0.02903635241091251;0;0
4368;864;-0.3722618520259857;1.044337868690491;-0.01197737921029329;0;0
4373;865;-0.3208733201026917;1.055811047554016;-0.04212776198983192;0;0
4381;866;-0.3070786595344544;1.022975206375122;-0.05323538929224014;0;0
4386;867;-0.3070786595344544;0.9715867042541504;-0.02735752798616886;0;0
4399;868;-0.3329565227031708;0.9270316958427429;0.03550582006573677;0;0
4399;869;-0.3944786787033081;0.9067690968513489;0.1114310100674629;0;0
4399;870;-0.4509954750537872;0.8984683752059937;0.2194592505693436;0;0
4404;871;-0.4578305780887604;0.9250790476799011;0.2986814081668854;0;0
4409;872;-0.4092488884925842;0.9634072780609131;0.3028310239315033;0;0
4414;873;-0.3010977506637573;0.9933133721351624;0.2316669076681137;0;0
4419;874;-0.2113794237375259;0.9892851710319519;0.1247371360659599;0;0
4426;875;-0.1927038580179215;0.9802531003952026;0.04002261906862259;0;0
4430;876;-0.2046656757593155;0.9541309475898743;0.008163848891854286;0;0
4436;877;-0.2451924085617065;0.8982240557670593;0.02305544354021549;0;0
4447;878;-0.2769282758235931;0.8680737018585205;0.03941270336508751;0;0
4447;879;-0.3228259980678558;0.8514736890792847;0.05186307802796364;0;0
4451;880;-0.3701878190040588;0.8201019167900085;0.06309362500905991;0;0
4454;881;-0.3910603225231171;0.7970324754714966;0.0751783549785614;0;0
4459;882;-0.39338019490242;0.7961767315864563;0.07713102549314499;0;0
4464;883;-0.3881305754184723;0.7953225374221802;0.0701730027794838;0;0
4472;884;-0.37116339802742;0.7942240834236145;0.06309362500905991;0;0
4477;885;-0.3368633985519409;0.7905630469322205;0.04771347343921661;0;0
4481;886;-0.3115954399108887;0.7746943235397339;0.0135348429903388;0;0
4487;887;-0.302196204662323;0.7568714022636414;-0.03504682704806328;0;0
4489;888;-0.2936527132987976;0.7627309560775757;-0.05787355080246925;0;0
4494;889;-0.2798580527305603;0.7580927610397339;-0.06190179660916328;0;0
4499;890;-0.26179239153862;0.7731072902679443;-0.09058807045221329;0;0
4504;891;-0.2450695037841797;0.7943469882011414;-0.09498195350170136;0;0
4509;892;-0.244580939412117;0.8010607361793518;-0.09547051042318344;0;0
4514;893;-0.2393328696489334;0.8019149303436279;-0.09998731315135956;0;0
4521;894;-0.2315206527709961;0.8159523606300354;-0.09815600514411926;0;0
4526;895;-0.2252954691648483;0.8157080411911011;-0.08765829354524612;0;0
4532;896;-0.2204130291938782;0.8160737156867981;-0.08204302191734314;0;0
4537;897;-0.2086939215660095;0.821811854839325;-0.07435216754674912;0;0
4540;898;-0.1895298063755035;0.8249843716621399;-0.05994912981987;0;0
4545;899;-0.1686557531356812;0.8132668137550354;-0.03675676882266998;0;0
4550;900;-0.1631633937358856;0.7943469882011414;-0.02699189074337483;0;0
4555;901;-0.1571824848651886;0.7858019471168518;0.00279285479336977;0;0
4560;902;-0.1657275259494782;0.7817736864089966;0.04783483222126961;0;0
4565;903;-0.1720740795135498;0.7760370969772339;0.09385392069816589;0;0
4571;904;-0.1866000294685364;0.7684691548347473;0.1294966638088226;0;0
4576;905;-0.1970977485179901;0.7778668403625488;0.1688020080327988;0;0
4587;906;-0.1966091841459274;0.7881218194961548;0.207008883357048;0;0
4587;907;-0.2030786573886871;0.7934912443161011;0.2409432232379913;0;0
4592;908;-0.2063740640878677;0.8194920420646668;0.2753661274909973;0;0
4597;909;-0.200271800160408;0.8247401118278503;0.3084462881088257;0;0
4601;910;-0.2068626284599304;0.8385347723960877;0.3370096385478973;0;0
4606;911;-0.2017359137535095;0.8544034957885742;0.3603233695030212;0;0
4611;912;-0.1969763785600662;0.8605057597160339;0.3875455260276794;0;0
4621;913;-0.1806191205978394;0.8742988705635071;0.4032913148403168;0;0
4621;914;-0.1571824848651886;0.8819897174835205;0.4085394144058228;0;0
4631;915;-0.1421679705381393;0.8839424252510071;0.4039012491703033;0;0
4631;916;-0.1333786547183991;0.8785713911056519;0.3915722370147705;0;0
4636;917;-0.1321588158607483;0.874787449836731;0.364840179681778;0;0
4641;918;-0.1316702663898468;0.8701492547988892;0.3259020149707794;0;0
4647;919;-0.1350885927677155;0.8620927929878235;0.287085235118866;0;0
4652;920;-0.1472946852445602;0.8557462096214294;0.2560791075229645;0;0
4656;921;-0.1635290384292603;0.8570889830589294;0.2276386618614197;0;0
4662;922;-0.1786664575338364;0.856721818447113;0.2095730155706406;0;0
4672;923;-0.1701214164495468;0.8533050417900085;0.2023707181215286;0;0
4673;924;-0.1632863134145737;0.8482996821403503;0.1951684206724167;0;0
4680;925;-0.1543740630149841;0.842440128326416;0.1878447681665421;0;0
4687;926;-0.1424122452735901;0.8393889665603638;0.1917516440153122;0;0
4688;927;-0.1259336322546005;0.8458584547042847;0.2061546891927719;0;0
4694;928;-0.1203183606266975;0.863314151763916;0.2380134612321854;0;0
4698;929;-0.1057924032211304;0.8861393332481384;0.2647470533847809;0;0
4702;930;-0.08931378275156021;0.9175111055374146;0.2834226191043854;0;0
4707;931;-0.05684353783726692;0.9535210728645325;0.2956287264823914;0;0
4724;932;-0.03194278851151466;0.981472909450531;0.2951401770114899;0;0
4724;933;-0.004354986362159252;0.9991729259490967;0.290013462305069;0;0
4724;934;0.01749462820589542;1.02395236492157;0.2929432392120361;0;0
4731;935;0.03556027635931969;1.043360710144043;0.2964829206466675;0;0
4737;936;0.0569213330745697;1.061182141304016;0.3171127140522003;0;0
4743;937;0.07657400518655777;1.078027963638306;0.339695155620575;0;0
4743;938;0.09610532224178314;1.093529462814331;0.3605676591396332;0;0
4749;939;0.114415243268013;1.118675947189331;0.3822959065437317;0;0
4752;940;0.1140480488538742;1.131859183311462;0.3937707245349884;0;0
4758;941;0.03189766779541969;1.129783630371094;0.3840042948722839;0;0
4768;942;-0.07674048840999603;1.146872162818909;0.3741180598735809;0;0
4768;943;-0.1169000267982483;1.189107298851013;0.3736295104026794;0;0
4778;944;-0.141558051109314;1.228779792785645;0.3909623026847839;0;0
4782;945;-0.1822061538696289;1.236224889755249;0.4490661323070526;0;0
4783;946;-0.2299336194992065;1.219013333320618;0.5419585108757019;0;0
4788;947;-0.2993893623352051;1.195821046829224;0.6100714802742004;0;0
4793;948;-0.3860565423965454;1.151633262634277;0.6504753232002258;0;0
4798;949;-0.4666198790073395;1.104027152061462;0.6255729794502258;0;0
4803;950;-0.5634176135063171;1.069727182388306;0.5697890520095825;0;0
4808;951;-0.6338504552841187;1.045436263084412;0.4969165325164795;0;0
4816;952;-0.7013519406318665;1.021876692771912;0.4124462902545929;0;0
4822;953;-0.7440755963325501;1.011257648468018;0.3207753002643585;0;0
4827;954;-0.786066472530365;1.004788160324097;0.2454600334167481;0;0
4832;955;-0.8248832225799561;0.9873324632644653;0.1883333176374435;0;0
4837;956;-0.8473427891731262;0.9673141837120056;0.1307180523872376;0;0
4840;957;-0.8470984697341919;0.9352111220359802;0.06223942711949348;0;0
4844;958;-0.7896061539649963;0.8984683752059937;-0.00611783005297184;0;0
4849;959;-0.6522817015647888;0.8832111358642578;-0.06165751814842224;0;0
4854;960;-0.4951832592487335;0.8847966194152832;-0.08289721608161926;0;0
4860;961;-0.4219435453414917;0.883088231086731;-0.0730094239115715;0;0
4869;962;-0.412544310092926;0.8673424124717712;-0.06690715253353119;0;0
4870;963;-0.419746607542038;0.8750317096710205;-0.0631231814622879;0;0
4875;964;-0.4276801943778992;0.903962254524231;-0.06568576395511627;0;0
4879;965;-0.4215763509273529;0.9436332583427429;-0.07960180193185806;0;0
4884;966;-0.4077832400798798;0.9756149649620056;-0.09901019930839539;0;0
4889;967;-0.3797084391117096;0.9966103434562683;-0.1292819380760193;0;0
4894;968;-0.3325908780097961;1.002468347549439;-0.1804277449846268;0;0
4899;969;-0.2652107179164887;0.9941691160202026;-0.2225415110588074;0;0
4904;970;-0.1841588169336319;0.9693897366523743;-0.270513266324997;0;0
4913;971;-0.1101862862706184;0.9321584105491638;-0.3112827241420746;0;0
4917;972;-0.04524735733866692;0.8824782967567444;-0.3387475907802582;0;0
4923;973;-0.01802674867212772;0.824497401714325;-0.3515651822090149;0;0
4927;974;-0.0024023219011724;0.7722530961036682;-0.3491239547729492;0;0
4930;975;0.006629723589867353;0.7335577011108398;-0.3447284996509552;0;0
4935;976;0.02652667462825775;0.7128065228462219;-0.3369162976741791;0;0
4939;977;0.03934424370527268;0.6986461877822876;-0.3416773676872253;0;0
4945;978;0.04117554798722267;0.6940080523490906;-0.341798722743988;0;0
4950;979;-0.01094736810773611;0.6977919936180115;-0.3566918969154358;0;0
4955;980;-0.1121405065059662;0.7021859288215637;-0.3747575283050537;0;0
4967;981;-0.2077168226242065;0.7038958668708801;-0.4125972092151642;0;0
4967;982;-0.2731443047523499;0.714637815952301;-0.4495842456817627;0;0
4972;983;-0.3145252168178558;0.7359988689422607;-0.4965789020061493;0;0
4977;984;-0.3283183574676514;0.7584584355354309;-0.5122033357620239;0;0
4980;985;-0.3098870515823364;0.7950782775878906;-0.5231896042823792;0;0
4985;986;-0.2886473536491394;0.8428072929382324;-0.520992636680603;0;0
4990;987;-0.2927969694137573;0.8926088213920593;-0.5239224433898926;0;0
4996;988;-0.3184321224689484;0.9345996379852295;-0.518184244632721;0;0
5000;989;-0.3530977368354797;0.9678027033805847;-0.4892552495002747;0;0
5011;990;-0.3764130175113678;1.004543900489807;-0.4422590434551239;0;0
5014;991;-0.3971641659736633;1.04458212852478;-0.3859865069389343;0;0
5016;992;-0.3980183601379395;1.070459961891174;-0.3295926451683044;0;0
5024;993;-0.3909389674663544;1.084863066673279;-0.2703903317451477;0;0
5026;994;-0.3869107365608215;1.08303165435791;-0.1992262303829193;0;0
5031;995;-0.3815397322177887;1.067774415016174;-0.139048382639885;0;0
5036;996;-0.3715305924415588;1.062769174575806;-0.09473767876625061;0;0
5041;997;-0.3655481040477753;1.060695052146912;-0.04530181363224983;0;0
5055;998;-0.33869469165802;1.048487424850464;-0.005507913883775473;0;0
5055;999;-0.2918214201927185;1.033961534500122;0.02598521858453751;0;0
5056;1000;-0.2683847844600678;1.016384363174439;0.04685927927494049;0;0
5067;1001;-0.2683847844600678;0.9927034974098206;0.04954477399587631;0;0
5067;1002;-0.2659435570240021;0.9736607074737549;0.05857682228088379;0;0
5072;1003;-0.2622809410095215;0.9536424279212952;0.06590048223733902;0;0
5082;1004;-0.2571542263031006;0.9299615025520325;0.08592034876346588;0;0
5083;1005;-0.2339618653059006;0.9111630320549011;0.1124081239104271;0;0
5089;1006;-0.2032015770673752;0.8869950771331787;0.1358447670936585;0;0
5094;1007;-0.1663374453783035;0.8568447232246399;0.1451210826635361;0;0
5100;1008;-0.1328916549682617;0.8169279098510742;0.1481737792491913;0;0
5105;1009;-0.1106748431921005;0.7706660628318787;0.1324264407157898;0;0
5110;1010;-0.08760539442300797;0.7272095680236816;0.1137508675456047;0;0
5116;1011;-0.05428095906972885;0.6981576681137085;0.07920660078525543;0;0
5121;1012;-0.03633667156100273;0.6857072710990906;0.03782567754387856;0;0
5126;1013;-0.0222992729395628;0.6935194730758667;-0.0003811974311247468;0;0
5127;1014;-0.007651954889297485;0.7073126435279846;-0.03248424455523491;0;0
5132;1015;0.005654169246554375;0.7289195060729981;-0.06080332398414612;0;0
5137;1016;0.02823661640286446;0.7555301785469055;-0.08863385021686554;0;0
5142;1017;0.04947476089000702;0.77689129114151;-0.1130475997924805;0;0
5148;1018;0.06094957888126373;0.7932485342025757;-0.1295262277126312;0;0
5153;1019;0.05789844319224358;0.8048447370529175;-0.1457621157169342;0;0
5159;1020;0.02506256476044655;0.8088729381561279;-0.1602865159511566;0;0
5165;1021;-0.02962293103337288;0.8126569390296936;-0.1695643961429596;0;0
5171;1022;-0.07442218810319901;0.8199805617332459;-0.1779865324497223;0;0
5176;1023;-0.1072565093636513;0.8356050252914429;-0.1877514123916626;0;0
5178;1024;-0.1381397247314453;0.8539149165153503;-0.1928781270980835;0;0
5183;1025;-0.1699984967708588;0.8675866723060608;-0.2006903439760208;0;0
5188;1026;-0.1995389610528946;0.8834538459777832;-0.2000804245471954;0;0
5193;1027;-0.22334124147892;0.8941958546638489;-0.2022773623466492;0;0
5198;1028;-0.2362817227840424;0.9055477380752564;-0.2069170773029327;0;0
5209;1029;-0.240552693605423;0.9155584573745728;-0.2053300589323044;0;0
5209;1030;-0.2376244813203812;0.9258118867874146;-0.2039873003959656;0;0
5215;1031;-0.2243183553218842;0.9313042163848877;-0.2013018131256104;0;0
5221;1032;-0.206252709031105;0.9319141507148743;-0.1961750984191895;0;0
5227;1033;-0.186965674161911;0.9269103407859802;-0.1895827054977417;0;0
5229;1034;-0.1742710173130035;0.9193423986434937;-0.1740812063217163;0;0
5236;1035;-0.1641405075788498;0.9155584573745728;-0.1584567725658417;0;0
5239;1036;-0.1581580340862274;0.913604199886322;-0.1414895951747894;0;0
5244;1037;-0.1595007926225662;0.9078676104545593;-0.1220812052488327;0;0
5250;1038;-0.1626748442649841;0.9045721888542175;-0.1036483645439148;0;0
5257;1039;-0.1669473648071289;0.9022523164749146;-0.09168653935194016;0;0
5263;1040;-0.1662145256996155;0.898347020149231;-0.08277585357427597;0;0
5270;1041;-0.1602336168289185;0.890046238899231;-0.07691630721092224;0;0
5270;1042;-0.1487603485584259;0.887726366519928;-0.0678827092051506;0;0
5276;1043;-0.1310603469610214;0.8838210105895996;-0.06471020728349686;0;0
5279;1044;-0.1145817264914513;0.8795484900474548;-0.06861554086208344;0;0
5284;1045;-0.09505041688680649;0.8818683624267578;-0.07166667282581329;0;0
5289;1046;-0.07429926842451096;0.8883378505706787;-0.07398653030395508;0;0
5294;1047;-0.05733209475874901;0.900665283203125;-0.07886897027492523;0;0
5307;1048;-0.04012064263224602;0.9115301966667175;-0.08533843606710434;0;0
5307;1049;-0.0222992729395628;0.918243944644928;-0.09217509627342224;0;0
5313;1050;-0.008138954639434815;0.9211721420288086;-0.1079208850860596;0;0
5320;1051;-0.0009382124408148229;0.9299615025520325;-0.1231796741485596;0;0
5320;1052;0.009315220639109612;0.9413133859634399;-0.1438079029321671;0;0
5326;1053;0.01505340915173292;0.9563279151916504;-0.1659017950296402;0;0
5330;1054;0.02030148543417454;0.9696324467658997;-0.1792079210281372;0;0
5335;1055;0.02432973124086857;0.983792781829834;-0.187508687376976;0;0
5340;1056;0.02384117618203163;0.9942904710769653;-0.1994705051183701;0;0
5345;1057;0.02225415036082268;1.007473707199097;-0.2055743336677551;0;0
5353;1058;0.02213278971612454;1.01565158367157;-0.2056956887245178;0;0
5358;1059;0.02616103552281857;1.031031727790833;-0.2091140151023865;0;0
5363;1060;0.02640531212091446;1.044703483581543;-0.2135079056024551;0;0
5367;1061;0.01895873807370663;1.061305046081543;-0.2170476019382477;0;0
5370;1062;0.00772819435223937;1.079491972923279;-0.2222972363233566;0;0
5375;1063;0.002724394667893648;1.109398126602173;-0.2296208888292313;0;0
5380;1064;-0.006553484126925468;1.143699645996094;-0.2367002665996552;0;0
5386;1065;-0.01350994873791933;1.188985943794251;-0.244023934006691;0;0
5390;1066;-0.02193363383412361;1.233173727989197;-0.2564758658409119;0;0
5398;1067;-0.03060004115104675;1.272967576980591;-0.2650193572044373;0;0
5407;1068;-0.04121911153197289;1.301530957221985;-0.2796682119369507;0;0
5407;1069;-0.0490313246846199;1.311295866966248;-0.2876017987728119;0;0
5415;1070;-0.0526939332485199;1.295182824134827;-0.2989537119865418;0;0
5423;1071;-0.04451608285307884;1.25978434085846;-0.314578115940094;0;0
5423;1072;-0.03181987255811691;1.213276743888855;-0.3239773809909821;0;0
5430;1073;-0.03377409279346466;1.163962244987488;-0.3331323266029358;0;0
5431;1074;-0.04683438315987587;1.1178218126297;-0.3385033309459686;0;0
5436;1075;-0.06697560846805573;1.082788944244385;-0.3353292644023895;0;0
5441;1076;-0.09541761130094528;1.062159180641174;-0.3221460580825806;0;0
5448;1077;-0.1214168295264244;1.04885458946228;-0.3050575256347656;0;0
5459;1078;-0.1350885927677155;1.037379860877991;-0.2844277322292328;0;0
5469;1079;-0.1391168385744095;1.027003407478333;-0.2590384483337402;0;0
5469;1080;-0.1341114789247513;1.014797329902649;-0.2346246838569641;0;0
5469;1081;-0.1198298037052155;1.001492738723755;-0.2192445397377014;0;0
5479;1082;-0.1154359206557274;0.9848912358283997;-0.2042315900325775;0;0
5479;1083;-0.1198298037052155;0.9699996709823608;-0.1911697387695313;0;0
5488;1084;-0.1258107125759125;0.9544966220855713;-0.183480441570282;0;0
5488;1085;-0.132403090596199;0.9396049976348877;-0.1724941730499268;0;0
5494;1086;-0.1649947017431259;0.9197080731391907;-0.1667559891939163;0;0
5504;1087;-0.1934351325035095;0.8996897339820862;-0.1668789088726044;0;0
5504;1088;-0.2064969837665558;0.8847966194152832;-0.1705415099859238;0;0
5511;1089;-0.2223656922578812;0.8681966066360474;-0.1817705035209656;0;0
5517;1090;-0.2373802065849304;0.8574545979499817;-0.1827476024627686;0;0
5517;1091;-0.2455580532550812;0.8531820774078369;-0.1855544596910477;0;0
5523;1092;-0.2522718012332916;0.8463469743728638;-0.1950766146183014;0;0
5528;1093;-0.2675305902957916;0.8367034792900085;-0.1951979845762253;0;0
5532;1094;-0.2815679907798767;0.8282813429832459;-0.1994705051183701;0;0
5538;1095;-0.3054916262626648;0.8305996656417847;-0.2049628645181656;0;0
5543;1096;-0.3434542119503021;0.8389004468917847;-0.2099682092666626;0;0
5549;1097;-0.3766573071479797;0.8452485203742981;-0.2115552425384522;0;0
5554;1098;-0.416693925857544;0.8490325212478638;-0.2131422609090805;0;0
5560;1099;-0.4718679785728455;0.8561118841171265;-0.2141178250312805;0;0
5564;1100;-0.5109290480613709;0.8592859506607056;-0.2141178250312805;0;0
5568;1101;-0.5292389392852783;0.8601401448249817;-0.2054514139890671;0;0
5572;1102;-0.52936190366745;0.8605057597160339;-0.1919025629758835;0;0
5577;1103;-0.5119061470031738;0.8579431772232056;-0.1773766130208969;0;0
5582;1104;-0.4733336269855499;0.8647782802581787;-0.1505216360092163;0;0
5587;1105;-0.4215763509273529;0.8850408792495728;-0.1230567544698715;0;0
5595;1106;-0.3539519309997559;0.9223935604095459;-0.1030384451150894;0;0
5600;1107;-0.2693603336811066;0.9940462112426758;-0.09180790185928345;0;0
5605;1108;-0.1801305711269379;1.084008812904358;-0.08643690496683121;0;0
5609;1109;-0.1195855289697647;1.116844654083252;-0.07935752719640732;0;0
5613;1110;-0.1059153154492378;1.083887457847595;-0.05677507817745209;0;0
5617;1111;-0.1242236867547035;1.038722515106201;-0.02577050216495991;0;0
5623;1112;-0.1574267596006393;1.000881314277649;-0.004409443121403456;0;0
5628;1113;-0.2018588185310364;0.9783004522323608;0.02098141796886921;0;0
5633;1114;-0.2563000321388245;0.9731737375259399;0.06590048223733902;0;0
5640;1115;-0.2769282758235931;0.9715867042541504;0.09678369760513306;0;0
5649;1116;-0.2495862990617752;0.9769576787948608;0.09263408929109573;0;0
5649;1117;-0.1952664405107498;0.9742721915245056;0.07359132915735245;0;0
5654;1118;-0.138628289103508;0.9669469594955444;0.04734627902507782;0;0
5658;1119;-0.0795489028096199;0.9479057788848877;0.01707453280687332;0;0
5663;1120;-0.05440232157707214;0.9175111055374146;-0.009901798330247402;0;0
5668;1121;-0.04292905330657959;0.8965156674385071;-0.03834379464387894;0;0
5673;1122;-0.01985805295407772;0.8883378505706787;-0.08045599609613419;0;0
5678;1123;-0.01033745240420103;0.8850408792495728;-0.1093849912285805;0;0
5683;1124;0.004067143425345421;0.8921217918395996;-0.1345315724611282;0;0
5692;1125;0.02408545464277268;0.9000554084777832;-0.1584567725658417;0;0
5697;1126;0.02542820200324059;0.9072576761245728;-0.1716399788856506;0;0
5702;1127;0.01346638333052397;0.909943163394928;-0.1724941730499268;0;0
5707;1128;-0.01582980714738369;0.9082332253456116;-0.1679773777723312;0;0
5709;1129;-0.04280613735318184;0.9178767204284668;-0.1640720516443253;0;0
5714;1130;-0.06368020176887512;0.9283744692802429;-0.1571140289306641;0;0
5719;1131;-0.09224355965852737;0.927885890007019;-0.1440521776676178;0;0
5724;1132;-0.1085992604494095;0.9377737045288086;-0.1239109486341476;0;0
5730;1133;-0.1266664564609528;0.9335011839866638;-0.1202498972415924;0;0
5734;1134;-0.149858832359314;0.917266845703125;-0.1180529594421387;0;0
5744;1135;-0.1813519597053528;0.904327929019928;-0.1167102083563805;0;0
5751;1136;-0.2032015770673752;0.8909004330635071;-0.1171972081065178;0;0
5751;1137;-0.2198015600442886;0.8647782802581787;-0.1222025603055954;0;0
5758;1138;-0.2227313220500946;0.8378019332885742;-0.1121934056282044;0;0
5765;1139;-0.2294450700283051;0.8072859048843384;-0.09327356517314911;0;0
5766;1140;-0.2315206527709961;0.7844591736793518;-0.07166667282581329;0;0
5770;1141;-0.2167504131793976;0.7775011658668518;-0.04017509892582893;0;0
5777;1142;-0.2079610973596573;0.7794538736343384;-0.002089584246277809;0;0
5780;1143;-0.2010046243667603;0.785679042339325;0.03770431503653526;0;0
5786;1144;-0.185013011097908;0.803746223449707;0.08567606657743454;0;0
5796;1145;-0.1779336333274841;0.8154637813568115;0.1388958990573883;0;0
5803;1146;-0.1669473648071289;0.8240088224411011;0.2054218500852585;0;0
5813;1147;-0.1571824848651886;0.8182706236839294;0.2653569877147675;0;0
5813;1148;-0.1645061373710632;0.8103370666503906;0.3193096518516541;0;0
5814;1149;-0.1675572842359543;0.813876748085022;0.4180615544319153;0;0
5823;1150;-0.1867229491472244;0.8232759833335877;0.6357050538063049;0;0
5823;1151;-0.1604778915643692;0.8332851529121399;0.7902409434318543;0;0
5826;1152;-0.09859010577201843;0.8309668302536011;0.7444661259651184;0;0
5830;1153;-0.06673133373260498;0.8172950744628906;0.5846806168556213;0;0
5840;1154;-0.059284757822752;0.7973981499671936;0.3805875182151794;0;0
5841;1155;-0.05513515323400497;0.7879989147186279;0.2038348317146301;0;0
5846;1156;-0.05208401754498482;0.7919057607650757;0.08665162324905396;0;0
5854;1157;-0.04915424063801765;0.7978866696357727;0.02879363112151623;0;0
5856;1158;-0.03890081122517586;0.8129011988639832;0.006576822604984045;0;0
5861;1159;-0.02193363383412361;0.8284026980400085;0.002427216386422515;0;0
5866;1160;-0.01143592316657305;0.8359706401824951;0.005478351842612028;0;0
5871;1161;-0.01460997480899096;0.8325523138046265;0.01329056546092033;0;0
5876;1162;-0.02071224525570869;0.8282813429832459;0.007309655193239451;0;0
5881;1163;-0.03169851005077362;0.8254729509353638;-0.002212501130998135;0;0
5890;1164;-0.03023440204560757;0.8302339911460877;-0.02406211569905281;0;0
5895;1165;-0.02608324028551579;0.8349950909614563;-0.05238119512796402;0;0
5902;1166;-0.01692827790975571;0.8530607223510742;-0.08765829354524612;0;0
5902;1167;-0.004233625251799822;0.8766187429428101;-0.1281834691762924;0;0
5908;1168;-0.000449657381977886;0.902985155582428;-0.1674888134002686;0;0
5912;1169;0.00711827864870429;0.9349668622016907;-0.2044758647680283;0;0
5917;1170;0.01700607314705849;0.9673141837120056;-0.239751398563385;0;0
5921;1171;0.03397325053811073;0.9945347905158997;-0.2817422449588776;0;0
5929;1172;0.05252745002508164;1.020168304443359;-0.3144567608833313;0;0
5943;1173;0.06436791270971298;1.039088249206543;-0.338137686252594;0;0
5943;1174;0.06607629358768463;1.041163802146912;-0.3367949426174164;0;0
5951;1175;0.06485646218061447;1.033840179443359;-0.3164094388484955;0;0
5951;1176;0.02091140300035477;1.024317979812622;-0.3241002857685089;0;0
5958;1177;-0.03706950694322586;1.014553070068359;-0.3115269839763641;0;0
5958;1178;-0.08516261726617813;1.003201127052307;-0.2725872993469238;0;0
5965;1179;-0.1443649083375931;0.9820843935012817;-0.2119208872318268;0;0
5968;1180;-0.1897740811109543;0.9642614722251892;-0.1356300413608551;0;0
5972;1181;-0.2267595678567886;0.9593790173530579;-0.04823003336787224;0;0
5978;1182;-0.2637450695037842;0.947294294834137;0.04405086487531662;0;0
5990;1183;-0.3007321059703827;0.9310599565505981;0.1327936351299286;0;0
5990;1184;-0.385323703289032;0.9023752212524414;0.3753378987312317;0;0
5995;1185;-0.5348542332649231;0.8550134301185608;0.981883704662323;0;0
5999;1186;-0.6298221945762634;0.7928813099861145;1.300964593887329;0;0
6003;1187;-0.6353145241737366;0.7292851805686951;1.271668434143066;0;0
6007;1188;-0.4812672138214111;0.6927882432937622;1.071357727050781;0;0
6013;1189;-0.2364030927419663;0.7088996767997742;0.8219767808914185;0;0
6018;1190;-0.126422181725502;0.7733515501022339;0.6366806030273438;0;0
6023;1191;-0.1083565354347229;0.8695393800735474;0.5158363580703735;0;0
6030;1192;-0.1050595715641975;0.9835485219955444;0.4430852234363556;0;0
6039;1193;-0.09480613470077515;1.119407296180725;0.4024371206760407;0;0
6039;1194;-0.09883438050746918;1.23439359664917;0.3733852207660675;0;0
6044;1195;-0.1143374517560005;1.286882042884827;0.3277317583560944;0;0
6050;1196;-0.134355753660202;1.286882042884827;0.2619386613368988;0;0
6055;1197;-0.1333786547183991;1.25551187992096;0.190774530172348;0;0
6059;1198;-0.1005443260073662;1.203633189201355;0.1030088812112808;0;0
6063;1199;-0.08174584805965424;1.142966866493225;0.002914215438067913;0;0
6068;1200;-0.07588629424571991;1.112695097923279;-0.1053583025932312;0;0
6073;1201;-0.05708781629800797;1.106712579727173;-0.2072827219963074;0;0
6085;1202;-0.03206415101885796;1.171774506568909;-0.345095694065094;0;0
6085;1203;-0.02010232955217362;1.302750825881958;-0.5180628895759583;0;0
6091;1204;0.001991562079638243;1.399427175521851;-0.6444010138511658;0;0
6097;1205;0.03043355792760849;1.439953923225403;-0.6929827332496643;0;0
6101;1206;0.03861141204833984;1.437268376350403;-0.7269170880317688;0;0
6104;1207;0.009438137523829937;1.39991569519043;-0.7414430379867554;0;0
6109;1208;-0.04646874591708183;1.344008803367615;-0.7191048264503479;0;0
6114;1209;-0.109210729598999;1.272356152534485;-0.646109402179718;0;0
6119;1210;-0.1747595816850662;1.193258404731751;-0.5250208973884583;0;0
6124;1211;-0.2278580516576767;1.121605753898621;-0.4007567465305328;0;0
6132;1212;-0.2576427757740021;1.065333247184753;-0.3010292947292328;0;0
6137;1213;-0.2646008133888245;1.001737117767334;-0.2320621013641357;0;0
6142;1214;-0.2563000321388245;0.9134828448295593;-0.1900712698698044;0;0
6147;1215;-0.234694704413414;0.8287683725357056;-0.1696857661008835;0;0
6149;1216;-0.1939236968755722;0.7661492824554443;-0.1607750803232193;0;0
6154;1217;-0.1509573012590408;0.7246469855308533;-0.1608979851007462;0;0
6160;1218;-0.1098206490278244;0.7135393619537354;-0.1683430075645447;0;0
6164;1219;-0.07246796786785126;0.7095111012458801;-0.1842117160558701;0;0
6170;1220;-0.0526939332485199;0.7064584493637085;-0.2036201059818268;0;0
6178;1221;-0.05098554491996765;0.7019431591033936;-0.2249827235937119;0;0
6184;1222;-0.06404583901166916;0.700721800327301;-0.2484193742275238;0;0
6191;1223;-0.07136949896812439;0.714637815952301;-0.2655079066753388;0;0
6197;1224;-0.07198096811771393;0.7374629974365234;-0.2827193439006805;0;0
6197;1225;-0.07552065700292587;0.7643179893493652;-0.3020063936710358;0;0
6202;1226;-0.07136949896812439;0.7925156950950623;-0.3126254677772522;0;0
6206;1227;-0.06746416538953781;0.8132668137550354;-0.3206819593906403;0;0
6210;1228;-0.07100385427474976;0.8346279263496399;-0.3315452933311462;0;0
6215;1229;-0.08528553694486618;0.8500080704689026;-0.3372834920883179;0;0
6220;1230;-0.1178771406412125;0.8696607351303101;-0.3398460745811462;0;0
6226;1231;-0.1523000448942184;0.8916332721710205;-0.3410674631595612;0;0
6231;1232;-0.1806191205978394;0.9209294319152832;-0.3442399501800537;0;0
6240;1233;-0.2035672068595886;0.9553508162498474;-0.3520521819591522;0;0
6244;1234;-0.2257840186357498;0.9856240749359131;-0.3591330945491791;0;0
6246;1235;-0.2477549910545349;1.009670615196228;-0.371583491563797;0;0
6250;1236;-0.276074081659317;1.02126681804657;-0.3840338587760925;0;0
6255;1237;-0.3078114986419678;1.027736306190491;-0.3846437633037567;0;0
6260;1238;-0.3318580389022827;1.01833701133728;-0.3762216567993164;0;0
6267;1239;-0.3510237038135529;1.006619453430176;-0.3709735572338104;0;0
6270;1240;-0.3679908812046051;0.9902622699737549;-0.3587659001350403;0;0
6278;1241;-0.3747030794620514;0.9658485054969788;-0.3394804298877716;0;0
6283;1242;-0.3914275169372559;0.9452202916145325;-0.3121369183063507;0;0
6287;1243;-0.397285521030426;0.9314271807670593;-0.2673391997814179;0;0
6294;1244;-0.398262619972229;0.9209294319152832;-0.2246155291795731;0;0
6296;1245;-0.3814168274402618;0.9151912331581116;-0.1826246827840805;0;0
6301;1246;-0.3494367003440857;0.9032294154167175;-0.135751411318779;0;0
6306;1247;-0.3141596019268036;0.8913889527320862;-0.09962011873722076;0;0
6311;1248;-0.2848634123802185;0.8766187429428101;-0.07130103558301926;0;0
6316;1249;-0.2571542263031006;0.864656925201416;-0.04774303361773491;0;0
6321;1250;-0.2287122309207916;0.8533050417900085;-0.03809951618313789;0;0
6326;1251;-0.2005160748958588;0.8418301939964294;-0.03053158149123192;0;0
6332;1252;-0.1793977320194244;0.8284026980400085;-0.02308500558137894;0;0
6337;1253;-0.1458305865526199;0.8227874636650085;-0.02149797976016998;0;0
6343;1254;-0.1211725547909737;0.8144866824150085;-0.02223081141710281;0;0
6347;1255;-0.1109191179275513;0.7952011823654175;-0.02430639415979385;0;0
6351;1256;-0.09895730018615723;0.7750599384307861;-0.02345064468681812;0;0
6357;1257;-0.08589544892311096;0.7568714022636414;-0.02357356064021587;0;0
6362;1258;-0.07246796786785126;0.7458866834640503;-0.027478888630867;0;0
6367;1259;-0.05891912057995796;0.7394171953201294;-0.03175141289830208;0;0
6376;1260;-0.05183973908424377;0.7331920266151428;-0.0344369113445282;0;0
6381;1261;-0.05037407577037811;0.7279424071311951;-0.03919798880815506;0;0
6387;1262;-0.05489087477326393;0.7192760109901428;-0.0428590402007103;0;0
6390;1263;-0.06892827898263931;0.7193973660469055;-0.05494377762079239;0;0
6392;1264;-0.08662828803062439;0.7236698865890503;-0.06873845309019089;0;0
6397;1265;-0.09932293742895126;0.725745439529419;-0.08155446499586105;0;0
6402;1266;-0.1138488948345184;0.7285523414611816;-0.1005972251296043;0;0
6407;1267;-0.1216611042618752;0.732092022895813;-0.1214697286486626;0;0
6412;1268;-0.1295946836471558;0.732092022895813;-0.1423437893390656;0;0
6418;1269;-0.1352099478244782;0.7392942905426025;-0.1652918756008148;0;0
6426;1270;-0.1457076668739319;0.749670684337616;-0.1940995156764984;0;0
6434;1271;-0.1571824848651886;0.7558958530426025;-0.2171705067157745;0;0
6434;1272;-0.1669473648071289;0.7693233489990234;-0.2365789115428925;0;0
6438;1273;-0.1803748458623886;0.7930042743682861;-0.2486636489629746;0;0
6443;1274;-0.1870885938405991;0.8105813264846802;-0.2481750845909119;0;0
6448;1275;-0.1968534737825394;0.8185149431228638;-0.2485407292842865;0;0
6453;1276;-0.2050328701734543;0.829135537147522;-0.2417056262493134;0;0
6458;1277;-0.1861114799976349;0.8520836234092712;-0.2354804426431656;0;0
6463;1278;-0.1634076684713364;0.8786942958831787;-0.2164376825094223;0;0
6468;1279;-0.1555954515933991;0.9009096026420593;-0.1969063729047775;0;0
6477;1280;-0.1601122617721558;0.9233706593513489;-0.1777422577142716;0;0
6482;1281;-0.1631633937358856;0.9502241015434265;-0.1521086692810059;0;0
6486;1282;-0.1593794226646423;0.9745164513587952;-0.1305033266544342;0;0
6488;1283;-0.1565725654363632;0.9922149181365967;-0.1059682220220566;0;0
6493;1284;-0.1490030735731125;1.00735080242157;-0.08619263023138046;0;0
6498;1285;-0.1367969810962677;1.021389722824097;-0.07264378666877747;0;0
6503;1286;-0.1241023242473602;1.02956759929657;-0.05518805235624313;0;0
6508;1287;-0.1121405065059662;1.044337868690491;-0.04261631891131401;0;0
6513;1288;-0.09273210912942886;1.055201172828674;-0.03407127037644386;0;0
6518;1289;-0.06831835955381393;1.057032465934753;-0.02430639415979385;0;0
6526;1290;-0.04768857732415199;1.055934071540833;-0.02223081141710281;0;0
6532;1291;-0.02425193600356579;1.041652321815491;-0.02686897292733192;0;0
6537;1292;-0.006553484126925468;1.020778298377991;-0.03712240606546402;0;0
6539;1293;0.007851111702620983;1.003324151039124;-0.05250255763530731;0;0
6544;1294;0.02323126047849655;0.9944118857383728;-0.07374225556850433;0;0
6549;1295;0.03421752527356148;0.9868439435958862;-0.09925447404384613;0;0
6554;1296;0.03702438622713089;0.9900179505348206;-0.1257422566413879;0;0
6559;1297;0.04569078981876373;1.001858472824097;-0.1478361487388611;0;0
6564;1298;0.05460147559642792;1.012477517127991;-0.1724941730499268;0;0
6572;1299;0.0638793557882309;1.028103470802307;-0.1876300424337387;0;0
6577;1300;0.06839615851640701;1.049585938453674;-0.1977621167898178;0;0
6580;1301;0.05557858571410179;1.080103516578674;-0.2157048434019089;0;0
6585;1302;0.04068699106574059;1.120628714561462;-0.2384102195501328;0;0
6589;1303;0.02542820200324059;1.169821858406067;-0.2551331222057343;0;0
6594;1304;0.01200071722269058;1.227924108505249;-0.2629453241825104;0;0
6599;1305;0.0149304922670126;1.284563779830933;-0.2749071419239044;0;0
6604;1306;0.0217671524733305;1.325698852539063;-0.2805224061012268;0;0
6609;1307;0.0198129303753376;1.351333975791931;-0.2800338566303253;0;0
6620;1308;0.02213278971612454;1.344497323036194;-0.2869918942451477;0;0
6625;1309;0.01517476979643107;1.311784386634827;-0.2950483858585358;0;0
6631;1310;0.001014451961964369;1.262102723121643;-0.3000521659851074;0;0
6631;1311;0.0008930911426432431;1.222187399864197;-0.3057903647422791;0;0
6636;1312;-0.004599263891577721;1.194112658500671;-0.3098185956478119;0;0
6640;1313;-0.01180156134068966;1.16298508644104;-0.3045689761638641;0;0
6645;1314;-0.02132216282188892;1.132469177246094;-0.2944384515285492;0;0
6650;1315;-0.02913437597453594;1.1081782579422;-0.2879689931869507;0;0
6655;1316;-0.04268477857112885;1.077295064926148;-0.2849163115024567;0;0
6660;1317;-0.05318248644471169;1.038599610328674;-0.2841834723949432;0;0
6667;1318;-0.04549163579940796;0.9958775043487549;-0.2832079231739044;0;0
6672;1319;-0.04475880414247513;0.9504683613777161;-0.2758842408657074;0;0
6677;1320;-0.04964279755949974;0.9028638005256653;-0.270268976688385;0;0
6682;1321;-0.07613057643175125;0.8474454879760742;-0.2655079066753388;0;0
6686;1322;-0.1012756004929543;0.8004492521286011;-0.260991096496582;0;0
6691;1323;-0.1090878173708916;0.770910382270813;-0.2512262165546417;0;0
6695;1324;-0.1131160631775856;0.7500362992286682;-0.2478078901767731;0;0
6701;1325;-0.1169000267982483;0.7370973825454712;-0.2439025640487671;0;0
6706;1326;-0.1166557520627976;0.727088212966919;-0.2443911284208298;0;0
6712;1327;-0.1181214153766632;0.7285523414611816;-0.249029278755188;0;0
6717;1328;-0.1272763758897781;0.7435668110847473;-0.2581842541694641;0;0
6726;1329;-0.1421679705381393;0.7712759971618652;-0.2707575261592865;0;0
6726;1330;-0.1568152904510498;0.8041118979454041;-0.2852835059165955;0;0
6731;1331;-0.1735397428274155;0.8385347723960877;-0.3029819428920746;0;0
6736;1332;-0.2099153101444244;0.8744217753410339;-0.3313010334968567;0;0
6741;1333;-0.2493420243263245;0.9087218046188355;-0.3526636362075806;0;0
6746;1334;-0.2873046100139618;0.9391164779663086;-0.3731704950332642;0;0
6751;1335;-0.3285626173019409;0.9702439308166504;-0.3916018009185791;0;0
6756;1336;-0.3789756000041962;0.9916049838066101;-0.4018552303314209;0;0
6764;1337;-0.4391550123691559;0.997097373008728;-0.4078376889228821;0;0
6770;1338;-0.4771175980567932;0.9969760179519653;-0.398804098367691;0;0
6774;1339;-0.4844412505626679;0.9892851710319519;-0.3861094415187836;0;0
6779;1340;-0.4643000364303589;0.9781774878501892;-0.3806155323982239;0;0
6782;1341;-0.4331741034984589;0.9615775346755981;-0.3786628544330597;0;0
6786;1342;-0.4165725708007813;0.9446103572845459;-0.3671895861625671;0;0
6792;1343;-0.4314641654491425;0.9411920309066773;-0.3426544964313507;0;0
6797;1344;-0.4564878344535828;0.9349668622016907;-0.2998079061508179;0;0
6802;1345;-0.4788259863853455;0.9352111220359802;-0.2535460889339447;0;0
6808;1346;-0.478337436914444;0.9392393827438355;-0.2077712714672089;0;0
6818;1347;-0.4396435618400574;0.9518110752105713;-0.1545498818159103;0;0
6825;1348;-0.3822725713253021;0.9693897366523743;-0.1042582765221596;0;0
6825;1349;-0.332713782787323;0.9801301956176758;-0.07593919336795807;0;0
6831;1350;-0.3079344034194946;0.9923378229141235;-0.0529911108314991;0;0
6837;1351;-0.2869389653205872;1.002346992492676;-0.03931934759020805;0;0
6838;1352;-0.2591069042682648;1.002224087715149;-0.0326056070625782;0;0
6843;1353;-0.2157733142375946;1.001858472824097;-0.03102013655006886;0;0
6848;1354;-0.1847687363624573;0.9883095622062683;-0.03504682704806328;0;0
6852;1355;-0.1646275073289871;0.9699996709823608;-0.04347050935029984;0;0
6858;1356;-0.1431450843811035;0.9480271339416504;-0.05970485508441925;0;0
6869;1357;-0.0963931605219841;0.9403378367424011;-0.07093539834022522;0;0
6873;1358;-0.06929547339677811;0.9316698908805847;-0.08350713551044464;0;0
6878;1359;-0.06306872516870499;0.9062805771827698;-0.1063338592648506;0;0
6878;1360;-0.04842140898108482;0.8919988870620728;-0.1300147771835327;0;0
6883;1361;-0.02168935537338257;0.9165340065956116;-0.1657804250717163;0;0
6888;1362;0.004677059128880501;0.946807324886322;-0.2141178250312805;0;0
6893;1363;0.0365358293056488;0.9540080428123474;-0.2475636154413223;0;0
6898;1364;0.07230148464441299;0.9442431926727295;-0.2542773485183716;0;0
6903;1365;0.1052602827548981;0.9208065271377564;-0.2388972043991089;0;0
6912;1366;0.1141709685325623;0.9049378037452698;-0.2254697233438492;0;0
6917;1367;0.1124610230326653;0.8949286937713623;-0.2027659118175507;0;0
6922;1368;0.09903353452682495;0.885896623134613;-0.1871414929628372;0;0
6926;1369;0.07681828737258911;0.8854080438613892;-0.1774979680776596;0;0
6930;1370;0.05448011681437492;0.8916332721710205;-0.1709071546792984;0;0
6934;1371;0.01969156973063946;0.8961500525474548;-0.1695643961429596;0;0
6938;1372;-0.004843541420996189;0.8990782499313355;-0.1710285097360611;0;0
6943;1373;-0.02449621446430683;0.8990782499313355;-0.1700529605150223;0;0
6949;1374;-0.04768857732415199;0.8906561136245728;-0.1646819561719894;0;0
6955;1375;-0.06343591958284378;0.8644126653671265;-0.1523529440164566;0;0
6961;1376;-0.09187636524438858;0.8519622683525085;-0.1412453204393387;0;0
6965;1377;-0.1239809617400169;0.8343836069107056;-0.1253766119480133;0;0
6969;1378;-0.1527885943651199;0.8277928233146668;-0.1029155254364014;0;0
6974;1379;-0.1889198869466782;0.8157080411911011;-0.07642775028944016;0;0
6979;1380;-0.2250511795282364;0.8080171942710877;-0.04444606602191925;0;0
6984;1381;-0.250929057598114;0.8119240999221802;-0.02027814835309982;0;0
6989;1382;-0.2633794248104096;0.8131439089775085;0.006332545075565577;0;0
6994;1383;-0.258131355047226;0.8085057735443115;0.0276936050504446;0;0
6999;1384;-0.223464161157608;0.8109470009803772;0.04881194233894348;0;0
7005;1385;-0.1823275089263916;0.8174164295196533;0.06529056280851364;0;0
7012;1386;-0.1609664559364319;0.8213233351707459;0.07737530022859573;0;0
7020;1387;-0.1433893591165543;0.832796573638916;0.08335620909929276;0;0
7020;1388;-0.126422181725502;0.8443927764892578;0.07786385715007782;0;0
7027;1389;-0.1049382090568543;0.8530607223510742;0.06162795796990395;0;0
7030;1390;-0.08247712254524231;0.8578202724456787;0.04600352793931961;0;0
7035;1391;-0.06001759320497513;0.8649011850357056;0.02635085582733154;0;0
7040;1392;-0.03804661706089973;0.8769843578338623;0.008285209536552429;0;0
7044;1393;-0.01705119386315346;0.884553849697113;-0.008924687281250954;0;0
7050;1394;0.004432781599462032;0.8949286937713623;-0.0211323406547308;0;0
7057;1395;0.01627324149012566;0.9046935439109802;-0.03138577565550804;0;0
7062;1396;0.0365358293056488;0.9120187759399414;-0.04041782021522522;0;0
7067;1397;0.05435875430703163;0.922882080078125;-0.057996466755867;0;0
7072;1398;0.08121217042207718;0.9260561466217041;-0.08594835549592972;0;0
7075;1399;0.09671523422002792;0.9205622673034668;-0.1170758455991745;0;0
7080;1400;0.1109969168901444;0.911285936832428;-0.1434422582387924;0;0
7085;1401;0.1216159835457802;0.9034737348556519;-0.1772536933422089;0;0
7090;1402;0.1192976832389832;0.8896805644035339;-0.202644556760788;0;0
7095;1403;0.09927781671285629;0.8751546144485474;-0.2359674423933029;0;0
7101;1404;0.0704701840877533;0.8668538331985474;-0.2646537125110626;0;0
7106;1405;0.03897704929113388;0.8681966066360474;-0.2952926456928253;0;0
7112;1406;0.01004805322736502;0.8779615163803101;-0.3269071280956268;0;0
7117;1407;-0.02242218889296055;0.8893133997917175;-0.3507094085216522;0;0
7121;1408;-0.05806492641568184;0.9038393497467041;-0.3646254539489746;0;0
7126;1409;-0.09114508330821991;0.9236149191856384;-0.3706063628196716;0;0
7130;1410;-0.1308160722255707;0.9458301663398743;-0.3713392019271851;0;0
7136;1411;-0.1715855300426483;0.9664599895477295;-0.3638926148414612;0;0
7141;1412;-0.2088168412446976;0.9966103434562683;-0.3558361232280731;0;0
7146;1413;-0.2389656752347946;1.028103470802307;-0.3394804298877716;0;0
7154;1414;-0.2584969699382782;1.060450792312622;-0.3304468393325806;0;0
7160;1415;-0.2476336359977722;1.089868307113648;-0.3284941613674164;0;0
7164;1416;-0.2023473829030991;1.1081782579422;-0.323855996131897;0;0
7169;1417;-0.1748824864625931;1.089014172554016;-0.2962681949138641;0;0
7171;1418;-0.2097924053668976;1.032863020896912;-0.2485407292842865;0;0
7176;1419;-0.3178206384181976;0.9734164476394653;-0.1773766130208969;0;0
7181;1420;-0.4025351703166962;0.9526652693748474;-0.1209827288985252;0;0
7186;1421;-0.4717466235160828;0.9602347612380981;-0.06361173838376999;0;0
7191;1422;-0.539980947971344;0.9867225885391235;-0.006972023285925388;0;0
7197;1423;-0.5645160675048828;1.024685144424439;0.04392950236797333;0;0
7204;1424;-0.562197744846344;1.059108018875122;0.09104706346988678;0;0
7208;1425;-0.5305817127227783;1.089135527610779;0.1368218660354614;0;0
7213;1426;-0.4811458587646484;1.104515671730042;0.1663607805967331;0;0
7218;1427;-0.4271916151046753;1.100854635238648;0.1866249293088913;0;0
7222;1428;-0.3773885667324066;1.094140887260437;0.1949241459369659;0;0
7227;1429;-0.3507794439792633;1.096459150314331;0.2056661248207092;0;0
7232;1430;-0.332713782787323;1.102928638458252;0.2066432386636734;0;0
7237;1431;-0.2960939407348633;1.107568383216858;0.1960226148366928;0;0
7242;1432;-0.2688733339309692;1.103540182113648;0.1839394271373749;0;0
7252;1433;-0.2282252460718155;1.094750761985779;0.1619669049978256;0;0
7258;1434;-0.1858672052621841;1.086573004722595;0.1243699416518211;0;0
7262;1435;-0.1490030735731125;1.080713391304016;0.08164782077074051;0;0
7267;1436;-0.1359427869319916;1.067041635513306;0.03392034769058228;0;0
7268;1437;-0.1048152893781662;1.069971442222595;-0.02369492128491402;0;0
7272;1438;-0.08137865364551544;1.067164540290833;-0.07789342105388641;0;0
7277;1439;-0.07002674788236618;1.052515625953674;-0.129770502448082;0;0
7282;1440;-0.05330384895205498;1.032985925674439;-0.1805506646633148;0;0
7287;1441;-0.02339774370193481;1.012477517127991;-0.2276682257652283;0;0
7293;1442;-0.007773315999656916;0.9891637563705444;-0.2679491341114044;0;0
7301;1443;-0.005576374009251595;0.9686568975448608;-0.3078643977642059;0;0
7306;1444;0.02396409399807453;0.9505912661552429;-0.3398460745811462;0;0
7311;1445;0.07523126155138016;0.9410691261291504;-0.3793956935405731;0;0
7316;1446;0.1245457604527473;0.931182861328125;-0.4073491394519806;0;0
7318;1447;0.1535976678133011;0.9110416173934937;-0.4233391880989075;0;0
7323;1448;0.1723961532115936;0.8935859203338623;-0.4478743076324463;0;0
7328;1449;0.162996917963028;0.8639240860939026;-0.4443346261978149;0;0
7333;1450;0.1424900442361832;0.8356050252914429;-0.4260247051715851;0;0
7338;1451;0.1286969184875488;0.836093544960022;-0.3946544826030731;0;0
7344;1452;0.1172221004962921;0.8468340039253235;-0.3635269999504089;0;0
7350;1453;0.1174663826823235;0.8542805910110474;-0.3387475907802582;0;0
7356;1454;0.1357762962579727;0.8640454411506653;-0.3253201246261597;0;0
7360;1455;0.1338236331939697;0.8694164156913757;-0.308597207069397;0;0
7366;1456;0.1108739972114563;0.8723462224006653;-0.2998079061508179;0;0
7369;1457;0.083897665143013;0.8681966066360474;-0.2968796789646149;0;0
7374;1458;0.0620480515062809;0.8703935742378235;-0.301394909620285;0;0
7379;1459;0.05325872823596001;0.8783271312713623;-0.3070102035999298;0;0
7384;1460;0.0467892624437809;0.880768358707428;-0.3132353723049164;0;0
7389;1461;0.03519308194518089;0.8854080438613892;-0.3233674466609955;0;0
7398;1462;0.01798162795603275;0.8904118537902832;-0.327761322259903;0;0
7403;1463;-0.002280961023643613;0.8963927626609802;-0.328859806060791;0;0
7408;1464;-0.02657179534435272;0.9033507704734802;-0.3299582898616791;0;0
7413;1465;-0.04048783704638481;0.9034737348556519;-0.3221460580825806;0;0
7414;1466;-0.04805577173829079;0.9122614860534668;-0.3160437941551209;0;0
7419;1467;-0.0493985190987587;0.9198309779167175;-0.3042033314704895;0;0
7424;1468;-0.04353897273540497;0.9258118867874146;-0.2957811951637268;0;0
7429;1469;-0.0326756201684475;0.9344782829284668;-0.2873575091362;0;0
7435;1470;-0.01668400131165981;0.9453416466712952;-0.2829636335372925;0;0
7440;1471;-0.0024023219011724;0.9533981084823608;-0.2858934104442596;0;0
7449;1472;0.005531252827495337;0.952422559261322;-0.291508674621582;0;0
7454;1473;0.01309918891638517;0.9449759721755981;-0.2979781329631805;0;0
7459;1474;0.02384117618203163;0.9314271807670593;-0.3094514012336731;0;0
7463;1475;0.03165338933467865;0.9220278859138489;-0.316653698682785;0;0
7465;1476;0.03861141204833984;0.9126286506652832;-0.3295926451683044;0;0
7470;1477;0.04508087411522865;0.9027408957481384;-0.3446071445941925;0;0
7475;1478;0.04483659937977791;0.9040836095809937;-0.3544933795928955;0;0
7480;1479;0.03226486220955849;0.9070134162902832;-0.3626728057861328;0;0
7485;1480;0.01761598885059357;0.9109187126159668;-0.3680437803268433;0;0
7491;1481;0.005654169246554375;0.9165340065956116;-0.3712178468704224;0;0
7496;1482;-0.008138954639434815;0.9177553653717041;-0.3665781319141388;0;0
7501;1483;-0.02010232955217362;0.919586718082428;-0.3531521856784821;0;0
7506;1484;-0.03169851005077362;0.9204409122467041;-0.3425315618515015;0;0
7511;1485;-0.04292905330657959;0.9197080731391907;-0.3269071280956268;0;0
7515;1486;-0.05342676490545273;0.9212951064109802;-0.3204376697540283;0;0
7521;1487;-0.06526722759008408;0.9254446625709534;-0.3089628517627716;0;0
7525;1488;-0.07918170839548111;0.9273989200592041;-0.3035934269428253;0;0
7530;1489;-0.09395194053649902;0.9286187291145325;-0.2982224225997925;0;0
7535;1490;-0.1122618690133095;0.929228663444519;-0.2921186089515686;0;0
7545;1491;-0.1308160722255707;0.9267874360084534;-0.2895544469356537;0;0
7549;1492;-0.1499801874160767;0.9225149154663086;-0.284550666809082;0;0
7555;1493;-0.1714641600847244;0.9189752340316773;-0.2830849885940552;0;0
7559;1494;-0.190993919968605;0.909943163394928;-0.284550666809082;0;0
7561;1495;-0.2039328515529633;0.9011538624763489;-0.2833292782306671;0;0
7567;1496;-0.2227313220500946;0.8894363045692444;-0.2836964726448059;0;0
7571;1497;-0.2371359169483185;0.870637834072113;-0.2807666957378388;0;0
7576;1498;-0.248609185218811;0.8586744666099548;-0.2731987535953522;0;0
7581;1499;-0.2572755813598633;0.8489095568656921;-0.2655079066753388;0;0
7587;1500;-0.2587412595748901;0.8448813557624817;-0.2620895802974701;0;0
7596;1501;-0.2497076541185379;0.8445156812667847;-0.2509819567203522;0;0
7601;1502;-0.2409198880195618;0.847078263759613;-0.2349918782711029;0;0
7606;1503;-0.2293237149715424;0.8564774990081787;-0.2191231846809387;0;0
7610;1504;-0.2177275270223618;0.8661210536956787;-0.206672802567482;0;0
7612;1505;-0.2028343826532364;0.8763744831085205;-0.1917796581983566;0;0
7616;1506;-0.1868443191051483;0.8862622380256653;-0.1748124808073044;0;0
7621;1507;-0.1640175879001617;0.897004246711731;-0.1673674583435059;0;0
7627;1508;-0.1420466154813767;0.9044492840766907;-0.1626063734292984;0;0
7631;1509;-0.1160458326339722;0.9107973575592041;-0.1600438058376312;0;0
7637;1510;-0.08955805748701096;0.9111630320549011;-0.1683430075645447;0;0
7642;1511;-0.0661214217543602;0.9125057458877564;-0.1847002655267716;0;0
7648;1512;-0.05367104336619377;0.9140927791595459;-0.2041086703538895;0;0
7658;1513;-0.04683438315987587;0.9252004027366638;-0.235846072435379;0;0
7658;1514;-0.03999928012490273;0.9374080896377564;-0.2634323239326477;0;0
7662;1515;-0.04109775274991989;0.9477828741073608;-0.2851605713367462;0;0
7667;1516;-0.03987636417150497;0.9591347575187683;-0.3004193603992462;0;0
7672;1517;-0.0341397300362587;0.9607217907905579;-0.3117712736129761;0;0
7677;1518;-0.03389545530080795;0.9566935300827026;-0.3200720250606537;0;0
7682;1519;-0.04060919582843781;0.9535210728645325;-0.3262972235679627;0;0
7693;1520;-0.059284757822752;0.9389950633049011;-0.331179678440094;0;0
7693;1521;-0.08760539442300797;0.9167782664299011;-0.3393575251102448;0;0
7699;1522;-0.1158015578985214;0.8938301801681519;-0.3422873020172119;0;0
7704;1523;-0.140580952167511;0.8661210536956787;-0.3372834920883179;0;0
7708;1524;-0.1559610962867737;0.8469569087028503;-0.3216590583324432;0;0
7713;1525;-0.1687786728143692;0.8233973383903503;-0.3053018152713776;0;0
7718;1526;-0.1798862963914871;0.8011820912361145;-0.2849163115024567;0;0
7723;1527;-0.19221530854702;0.7904401421546936;-0.262212485074997;0;0
7728;1528;-0.2007603496313095;0.7853133678436279;-0.2432926446199417;0;0
7733;1529;-0.2053985148668289;0.7837263941764832;-0.2273010313510895;0;0
7739;1530;-0.2139435559511185;0.7915385961532593;-0.2179017961025238;0;0
7744;1531;-0.2196801900863648;0.807895839214325;-0.2056956887245178;0;0
7750;1532;-0.2179718017578125;0.8381676077842712;-0.1975178420543671;0;0
7755;1533;-0.2157733142375946;0.8686851859092712;-0.1905598193407059;0;0
7758;1534;-0.2178488820791245;0.9057919979095459;-0.1866529285907745;0;0
7763;1535;-0.2289565205574036;0.9369195103645325;-0.1836017966270447;0;0
7768;1536;-0.240675613284111;0.9641401171684265;-0.1796964704990387;0;0
7773;1537;-0.256909966468811;0.9811072945594788;-0.1748124808073044;0;0
7778;1538;-0.2683847844600678;0.9868439435958862;-0.1674888134002686;0;0
7788;1539;-0.2608168423175812;0.9834271669387817;-0.1634605675935745;0;0
7793;1540;-0.2425069212913513;0.9715867042541504;-0.1596766114234924;0;0
7799;1541;-0.2268824875354767;0.9507126212120056;-0.1558926403522492;0;0
7803;1542;-0.2008817195892334;0.9192194938659668;-0.1449063718318939;0;0
7804;1543;-0.1752481311559677;0.8873607516288757;-0.146981954574585;0;0
7809;1544;-0.1674359142780304;0.848055362701416;-0.1644376814365387;0;0
7814;1545;-0.1689000278711319;0.8038675785064697;-0.1795735508203507;0;0
7819;1546;-0.1759809702634811;0.7718859314918518;-0.1975178420543671;0;0
7824;1547;-0.1846473664045334;0.7648065090179443;-0.2263254821300507;0;0
7829;1548;-0.1785435378551483;0.7687118649482727;-0.2544002830982208;0;0
7837;1549;-0.1621862798929215;0.7750599384307861;-0.2962681949138641;0;0
7840;1550;-0.1641405075788498;0.7914172410964966;-0.348023921251297;0;0
7847;1551;-0.1717084348201752;0.8135111331939697;-0.3920903503894806;0;0
7851;1552;-0.1845244467258453;0.8315767645835877;-0.4265132546424866;0;0
7855;1553;-0.19221530854702;0.8666095733642578;-0.4460430145263672;0;0
7860;1554;-0.1796420216560364;0.9114072918891907;-0.4527567625045776;0;0
7865;1555;-0.1669473648071289;0.9513225555419922;-0.4468987584114075;0;0
7869;1556;-0.1631633937358856;0.9901409149169922;-0.4335926473140717;0;0
7874;1557;-0.1504687368869782;1.024562239646912;-0.4020994901657105;0;0
7882;1558;-0.1319145411252976;1.049830198287964;-0.3608414828777313;0;0
7889;1559;-0.1265435516834259;1.064111828804016;-0.3352079093456268;0;0
7893;1560;-0.1211725547909737;1.071314215660095;-0.3133583068847656;0;0
7899;1561;-0.1084778979420662;1.077050805091858;-0.2976109385490418;0;0
7903;1562;-0.08858095109462738;1.073145508766174;-0.2885788977146149;0;0
7905;1563;-0.07198096811771393;1.067164540290833;-0.2769827246665955;0;0
7910;1564;-0.06050614640116692;1.055934071540833;-0.2667292952537537;0;0
7915;1565;-0.05061835050582886;1.036037087440491;-0.2525689601898193;0;0
7920;1566;-0.03841225430369377;1.022732496261597;-0.2447567582130432;0;0
7926;1567;-0.02644887752830982;1.009305000305176;-0.2362117171287537;0;0
7934;1568;-0.01741683296859264;0.999051570892334;-0.2253483682870865;0;0
7936;1569;0.004188504070043564;0.9894080758094788;-0.2179017961025238;0;0
7941;1570;0.01505340915173292;0.9831828474998474;-0.2034987509250641;0;0
7950;1571;0.01102516334503889;0.9824500679969788;-0.1845789104700089;0;0
7951;1572;0.01517476979643107;0.9829385876655579;-0.1699300408363342;0;0
7956;1573;0.02225415036082268;0.9822057485580444;-0.1573583036661148;0;0
7961;1574;0.02738086692988873;0.9836714267730713;-0.1522315889596939;0;0
7966;1575;0.01834882237017155;0.9896523356437683;-0.1399025768041611;0;0
7971;1576;0.01163507904857397;0.9870882034301758;-0.124155230820179;0;0
7976;1577;0.005286974832415581;0.9835485219955444;-0.1156117394566536;0;0
7983;1578;0.0006488136132247746;0.9826943278312683;-0.1109720170497894;0;0
7988;1579;-0.001059573260135949;0.9839141368865967;-0.104015551507473;0;0
7993;1580;0.001625923789106309;0.9881866574287415;-0.1066994965076447;0;0
7998;1581;0.008216749876737595;0.9978302121162415;-0.1121934056282044;0;0
8001;1582;0.01016941387206316;1.012234807014465;-0.1170758455991745;0;0
8006;1583;0.008828221820294857;1.007229447364807;-0.118539959192276;0;0
8011;1584;-0.006553484126925468;0.9912393689155579;-0.1286720335483551;0;0
8016;1585;-0.02693743444979191;0.9748821258544922;-0.1486903429031372;0;0
8021;1586;-0.04329469427466393;0.9612103700637817;-0.1688315719366074;0;0
8027;1587;-0.05281529203057289;0.9538866877555847;-0.1906811743974686;0;0
8033;1588;-0.06209317222237587;0.9532767534255981;-0.2138735502958298;0;0
8038;1589;-0.06990538537502289;0.9630416631698608;-0.2381659299135208;0;0
8042;1590;-0.07930462807416916;0.9691454768180847;-0.2658735513687134;0;0
8048;1591;-0.08430842310190201;0.9735393524169922;-0.2889445424079895;0;0
8052;1592;-0.08870386332273483;0.9839141368865967;-0.3042033314704895;0;0
8057;1593;-0.09321910887956619;0.9833042621612549;-0.3131140172481537;0;0
8062;1594;-0.09932293742895126;0.9868439435958862;-0.3178750872612;0;0
8067;1595;-0.1038397401571274;0.9974645376205444;-0.3197048306465149;0;0
8072;1596;-0.1045725718140602;0.9963660836219788;-0.3177521824836731;0;0
8078;1597;-0.1039610952138901;0.991116464138031;-0.3111613392829895;0;0
8084;1598;-0.1048152893781662;0.9845256209373474;-0.2937056124210358;0;0
8090;1599;-0.09956721216440201;0.9736607074737549;-0.277471274137497;0;0
8096;1600;-0.09383058547973633;0.962553083896637;-0.2607468366622925;0;0
8101;1601;-0.09187636524438858;0.953765332698822;-0.2442682087421417;0;0
8103;1602;-0.09431757777929306;0.9439988732337952;-0.2305964380502701;0;0
8107;1603;-0.1016427949070931;0.9378966093063355;-0.2288880497217178;0;0
8112;1604;-0.1048152893781662;0.9265431761741638;-0.2204659283161163;0;0
8117;1605;-0.1024969890713692;0.9129943251609802;-0.2160720378160477;0;0
8123;1606;-0.09993284940719605;0.900665283203125;-0.2119208872318268;0;0
8132;1607;-0.1037168204784393;0.8857737183570862;-0.2076483517885208;0;0
8137;1608;-0.1081122606992722;0.8811355233192444;-0.2087468206882477;0;0
8142;1609;-0.111163392663002;0.8716133832931519;-0.2056956887245178;0;0
8146;1610;-0.1134832575917244;0.8649011850357056;-0.2059399634599686;0;0
8148;1611;-0.1150687262415886;0.8608729243278503;-0.2021560072898865;0;0
8153;1612;-0.1212954670190811;0.8531820774078369;-0.1984933912754059;0;0
8158;1613;-0.1305717974901199;0.8534263968467712;-0.1922682076692581;0;0
8163;1614;-0.1404595822095871;0.8601401448249817;-0.1927567571401596;0;0
8168;1615;-0.1438763588666916;0.8679523468017578;-0.1938552260398865;0;0
8174;1616;-0.1543740630149841;0.8838210105895996;-0.195442259311676;0;0
8182;1617;-0.1748824864625931;0.8972485065460205;-0.2009346187114716;0;0
8189;1618;-0.2040557712316513;0.8955385684967041;-0.2044758647680283;0;0
8189;1619;-0.2322534918785095;0.9035950899124146;-0.2075269967317581;0;0
8195;1620;-0.2564213871955872;0.9115301966667175;-0.2163147628307343;0;0
8201;1621;-0.2699718177318573;0.9142156839370728;-0.2248598039150238;0;0
8204;1622;-0.2818122506141663;0.923247754573822;-0.2424369007349014;0;0
8209;1623;-0.2947511970996857;0.9245904684066773;-0.2545216381549835;0;0
8214;1624;-0.3100084364414215;0.9277645349502564;-0.2625781297683716;0;0
8219;1625;-0.329661101102829;0.9338683485984802;-0.2716117203235626;0;0
8229;1626;-0.3460183441638947;0.9333798289299011;-0.2731987535953522;0;0
8234;1627;-0.363106906414032;0.9339897036552429;-0.2723430097103119;0;0
8239;1628;-0.3756801784038544;0.9327698945999146;-0.2625781297683716;0;0
8243;1629;-0.3870320916175842;0.931182861328125;-0.2507376670837402;0;0
8244;1630;-0.3886191248893738;0.9319141507148743;-0.2374331057071686;0;0
8249;1631;-0.3917931616306305;0.9314271807670593;-0.2191231846809387;0;0
8254;1632;-0.3938687443733215;0.9260561466217041;-0.2022773623466492;0;0
8259;1633;-0.3944786787033081;0.9256889820098877;-0.1804277449846268;0;0
8264;1634;-0.3860565423965454;0.9252004027366638;-0.1640720516443253;0;0
8269;1635;-0.3775115013122559;0.9280087947845459;-0.1427094340324402;0;0
8277;1636;-0.3701878190040588;0.932525634765625;-0.1176857650279999;0;0
8282;1637;-0.3622527122497559;0.9389950633049011;-0.09571478515863419;0;0
8286;1638;-0.349923700094223;0.9513225555419922;-0.07569491863250732;0;0
8292;1639;-0.3367420434951782;0.9652385711669922;-0.06336746364831924;0;0
8295;1640;-0.319774866104126;0.9806187152862549;-0.05872774496674538;0;0
8300;1641;-0.3089099526405335;0.9917263388633728;-0.06837125867605209;0;0
8305;1642;-0.2747313380241394;1.023831009864807;-0.08460560441017151;0;0
8310;1643;-0.2220000475645065;1.071679830551148;-0.1077995225787163;0;0
8315;1644;-0.1817175894975662;1.075098156929016;-0.1252536922693253;0;0
8320;1645;-0.1479046046733856;1.062647700309753;-0.1324559897184372;0;0
8326;1646;-0.1293519586324692;1.053248524665833;-0.1303804218769074;0;0
8331;1647;-0.1493702679872513;1.006863832473755;-0.1204941794276238;0;0
8336;1648;-0.2080840170383453;0.9470515847206116;-0.1098735481500626;0;0
8340;1649;-0.2672863006591797;0.9305713772773743;-0.1147559881210327;0;0
8346;1650;-0.3029290437698364;0.9267874360084534;-0.1096292734146118;0;0
8350;1651;-0.3073229193687439;0.9134828448295593;-0.07178959250450134;0;0
8355;1652;-0.3216046094894409;0.8939515352249146;-0.01746973395347595;0;0
8360;1653;-0.3550504148006439;0.881745457649231;0.03013638034462929;0;0
8366;1654;-0.3836153149604797;0.8668538331985474;0.0770096629858017;0;0
8383;1655;-0.3953328728675842;0.8428072929382324;0.1209531649947166;0;0
8384;1656;-0.3811725378036499;0.8280370831489563;0.1507363617420197;0;0
8384;1657;-0.3471168279647827;0.8129011988639832;0.1659951508045197;0;0
8391;1658;-0.3390603363513947;0.8087500333786011;0.1783241629600525;0;0
8397;1659;-0.3378404974937439;0.8158293962478638;0.19101881980896;0;0
8397;1660;-0.3140366673469544;0.8035019636154175;0.2114043235778809;0;0
8411;1661;-0.3069573044776917;0.7934912443161011;0.2265401929616928;0;0
8411;1662;-0.3144038617610931;0.7915385961532593;0.2325211018323898;0;0
8411;1663;-0.3095198571681976;0.7937355041503906;0.2278829365968704;0;0
8416;1664;-0.3102526962757111;0.8020362854003906;0.2129897922277451;0;0
8421;1665;-0.3162336051464081;0.8111912608146668;0.2078630775213242;0;0
8429;1666;-0.2975580394268036;0.8251072764396668;0.1978539228439331;0;0
8434;1667;-0.2592298090457916;0.8126569390296936;0.1977325528860092;0;0
8439;1668;-0.2414084523916245;0.7860462069511414;0.1850378960371018;0;0
8442;1669;-0.2331076711416245;0.7795767784118652;0.1630653738975525;0;0
8446;1670;-0.2554458379745483;0.7840935587882996;0.1353562027215958;0;0
8451;1671;-0.2755855321884155;0.7945912480354309;0.09837072342634201;0;0
8456;1672;-0.2801023125648499;0.8072859048843384;0.05540276691317558;0;0
8461;1673;-0.282054990530014;0.8225431442260742;0.02439819276332855;0;0
8469;1674;-0.2659435570240021;0.8371920585632324;0.001328745391219854;0;0
8474;1675;-0.2520275115966797;0.8415859341621399;0.000595912744756788;0;0
8479;1676;-0.2461679726839066;0.8461027145385742;0.01622034050524235;0;0
8484;1677;-0.2365244477987289;0.8574545979499817;0.04331803321838379;0;0
8487;1678;-0.2106465846300125;0.8742988705635071;0.06553483754396439;0;0
8492;1679;-0.1928252279758453;0.8829668164253235;0.08909284323453903;0;0
8497;1680;-0.1891641765832901;0.8805256485939026;0.1130180358886719;0;0
8502;1681;-0.1836702674627304;0.8816241025924683;0.131083682179451;0;0
8507;1682;-0.1737824678421021;0.8855293989181519;0.1581829339265823;0;0
8512;1683;-0.1720740795135498;0.8896805644035339;0.1915073692798615;0;0
8520;1684;-0.167070284485817;0.8949286937713623;0.233375295996666;0;0
8524;1685;-0.1601122617721558;0.8917546272277832;0.2693852186203003;0;0
8529;1686;-0.1582809537649155;0.8861393332481384;0.3041737675666809;0;0
8533;1687;-0.1619435697793961;0.8773515820503235;0.3320043087005615;0;0
8537;1688;-0.1706099659204483;0.869295060634613;0.3509256839752197;0;0
8542;1689;-0.1782992631196976;0.8663653135299683;0.3605676591396332;0;0
8547;1690;-0.1826947033405304;0.862337052822113;0.3543424606323242;0;0
8553;1691;-0.1895298063755035;0.8614828586578369;0.3422577381134033;0;0
8558;1692;-0.1905069202184677;0.8601401448249817;0.3294417262077332;0;0
8571;1693;-0.1823275089263916;0.8580645322799683;0.3189440071582794;0;0
8572;1694;-0.1757366806268692;0.8552576899528503;0.3040524125099182;0;0
8577;1695;-0.1718298047780991;0.8473225235939026;0.2929432392120361;0;0
8582;1696;-0.1634076684713364;0.8332851529121399;0.2832997143268585;0;0
8588;1697;-0.1595007926225662;0.8233973383903503;0.2699951529502869;0;0
8594;1698;-0.159745067358017;0.8196133971214294;0.2557134628295898;0;0
8594;1699;-0.1768351495265961;0.8169279098510742;0.2397233992815018;0;0
8599;1700;-0.1946565210819244;0.8149752020835877;0.2277600169181824;0;0
8604;1701;-0.2025900930166245;0.8181492686271668;0.2179951518774033;0;0
8609;1702;-0.2143092006444931;0.8295011520385742;0.2125027924776077;0;0
8621;1703;-0.2212672233581543;0.8346279263496399;0.2100615650415421;0;0
8621;1704;-0.227369487285614;0.8326752185821533;0.2088401764631271;0;0
8628;1705;-0.2261496633291245;0.8352378010749817;0.2143325358629227;0;0
8633;1706;-0.2205343842506409;0.8481767177581787;0.2144554555416107;0;0
8634;1707;-0.2243183553218842;0.8609943389892578;0.2165310382843018;0;0
8639;1708;-0.2277366816997528;0.8818683624267578;0.2137226164340973;0;0
8644;1709;-0.2256610989570618;0.9239805936813355;0.1982211172580719;0;0
8649;1710;-0.2193145602941513;0.976834774017334;0.1634310036897659;0;0
8654;1711;-0.2179718017578125;1.042262196540833;0.125225692987442;0;0
8659;1712;-0.217360332608223;1.150900363922119;0.07749666273593903;0;0
8668;1713;-0.1952664405107498;1.308244705200195;0.01597606204450131;0;0
8672;1714;-0.1470504105091095;1.484872937202454;0.01683025620877743;0;0
8678;1715;-0.1077450662851334;1.650639414787293;0.1935813874006271;0;0
8682;1716;-0.07027102261781693;1.756959199905396;0.5080241560935974;0;0
8686;1717;-0.1277649402618408;1.716921091079712;0.7216393947601318;0;0
8689;1718;-0.2539801895618439;1.551154613494873;0.7062592506408691;0;0
8695;1719;-0.3491924107074738;1.371717929840088;0.5768684148788452;0;0
8699;1720;-0.4064404964447022;1.197896599769592;0.4272165298461914;0;0
8705;1721;-0.4490412473678589;1.055811047554016;0.2922119498252869;0;0
8711;1722;-0.4816328585147858;0.9547408819198608;0.1912630945444107;0;0
8722;1723;-0.5071450471878052;0.8806470036506653;0.1153378933668137;0;0
8722;1724;-0.5329015851020813;0.8257172107696533;0.04807911068201065;0;0
8732;1725;-0.5574367046356201;0.7833607196807861;-0.005507913883775473;0;0
8732;1726;-0.5667129755020142;0.7522332668304443;-0.03553538024425507;0;0
8740;1727;-0.547304630279541;0.7484492659568787;-0.05665371939539909;0;0
8741;1728;-0.493351936340332;0.7604126334190369;-0.06580868363380432;0;0
8746;1729;-0.4180366694927216;0.7831164598464966;-0.05982621386647224;0;0
8750;1730;-0.3693336248397827;0.8129011988639832;-0.05824074521660805;0;0
8755;1731;-0.3552946746349335;0.8403645157814026;-0.06031477078795433;0;0
8767;1732;-0.3433328568935394;0.8548904657363892;-0.07349798083305359;0;0
8767;1733;-0.3402817249298096;0.8482996821403503;-0.09754609316587448;0;0
8773;1734;-0.3166007995605469;0.8498867154121399;-0.1445407271385193;0;0
8778;1735;-0.2804695069789887;0.8461027145385742;-0.1988605856895447;0;0
8782;1736;-0.2488534599542618;0.8421958088874817;-0.2487850040197372;0;0
8786;1737;-0.2129664570093155;0.8450042605400085;-0.301394909620285;0;0
8790;1738;-0.1780549883842468;0.8399989008903503;-0.3588888347148895;0;0
8796;1739;-0.1449763923883438;0.8324309587478638;-0.4224849939346314;0;0
8801;1740;-0.1227595806121826;0.8299897313117981;-0.4716781377792358;0;0
8806;1741;-0.1149473637342453;0.8237645626068115;-0.5148888230323792;0;0
8813;1742;-0.1175115033984184;0.8158293962478638;-0.5444293022155762;0;0
8818;1743;-0.132403090596199;0.8008164763450623;-0.5786079168319702;0;0
8823;1744;-0.1702427715063095;0.7869004011154175;-0.5938651561737061;0;0
8828;1745;-0.231397733092308;0.7788439393043518;-0.5899598002433777;0;0
8832;1746;-0.282054990530014;0.7754256129264832;-0.5772651433944702;0;0
8836;1747;-0.3175763487815857;0.7900744676589966;-0.5550483465194702;0;0
8841;1748;-0.360178679227829;0.8074072599411011;-0.5184285044670105;0;0
8846;1749;-0.3930130004882813;0.8242530822753906;-0.4642315804958344;0;0
8851;1750;-0.4160839915275574;0.8585531115531921;-0.4008796811103821;0;0
8858;1751;-0.4203565120697022;0.8978584408760071;-0.341798722743988;0;0
8864;1752;-0.4249946773052216;0.9399706125259399;-0.2850392162799835;0;0
8869;1753;-0.4258488714694977;0.9732950925827026;-0.2288880497217178;0;0
8874;1754;-0.4184038639068604;0.9927034974098206;-0.195442259311676;0;0
8879;1755;-0.4077832400798798;1.002346992492676;-0.1740812063217163;0;0
8882;1756;-0.3960656821727753;1.000271439552307;-0.1485689729452133;0;0
8887;1757;-0.3750702738761902;1.001614212989807;-0.1248880624771118;0;0
8892;1758;-0.3444313406944275;1.002591252326965;-0.1001086682081223;0;0
8897;1759;-0.3312481343746185;0.997097373008728;-0.0817987471818924;0;0
8902;1760;-0.306591659784317;0.9891637563705444;-0.07374225556850433;0;0
8911;1761;-0.2926756143569946;0.9896523356437683;-0.0649544894695282;0;0
8915;1762;-0.2855962216854096;0.979154646396637;-0.06348881870508194;0;0
8920;1763;-0.280956506729126;0.9691454768180847;-0.05372394248843193;0;0
8924;1764;-0.2837649285793304;0.9632859230041504;-0.03700104728341103;0;0
8927;1765;-0.2926756143569946;0.9577919840812683;-0.02650333568453789;0;0
8932;1766;-0.2908443212509155;0.9508355259895325;-0.0175926499068737;0;0
8937;1767;-0.2841305732727051;0.9460744857788086;0.004256964195519686;0;0
8942;1768;-0.2667977511882782;0.9409477710723877;0.02439819276332855;0;0
8948;1769;-0.2481206357479096;0.9422904849052429;0.03379743173718453;0;0
8954;1770;-0.2357931733131409;0.9424118399620056;0.05430429801344872;0;0
8964;1771;-0.2179718017578125;0.9420462250709534;0.06919744610786438;0;0
8964;1772;-0.1875771433115006;0.9388721585273743;0.08921576291322708;0;0
8969;1773;-0.1588908731937408;0.9287416338920593;0.1128966808319092;0;0
8976;1774;-0.1479046046733856;0.9084774851799011;0.1224172785878182;0;0
8978;1775;-0.1383839994668961;0.8793042302131653;0.1074027642607689;0;0
8983;1776;-0.1287404894828796;0.8597744703292847;0.07883940637111664;0;0
8989;1777;-0.1209282726049423;0.8485439419746399;0.0380699560046196;0;0
8993;1778;-0.1099420115351677;0.8368248343467712;-0.004042248707264662;0;0
8998;1779;-0.1017641574144363;0.8335294127464294;-0.04542317613959312;0;0
9004;1780;-0.1013985201716423;0.834139347076416;-0.09254073351621628;0;0
9010;1781;-0.0982244685292244;0.8326752185821533;-0.1273292750120163;0;0
9015;1782;-0.09212063997983933;0.8259614706039429;-0.1545498818159103;0;0
9020;1783;-0.09321910887956619;0.8240088224411011;-0.1790850013494492;0;0
9024;1784;-0.09920157492160797;0.8240088224411011;-0.1964193731546402;0;0
9028;1785;-0.103595457971096;0.8204691410064697;-0.2121651619672775;0;0
9033;1786;-0.1050595715641975;0.819857656955719;-0.2202216535806656;0;0
9038;1787;-0.112750418484211;0.8227874636650085;-0.2312079071998596;0;0
9044;1788;-0.1179985031485558;0.8325523138046265;-0.2335262149572372;0;0
9049;1789;-0.1275206506252289;0.8352378010749817;-0.233770489692688;0;0
9059;1790;-0.1378954499959946;0.8440271615982056;-0.2332819402217865;0;0
9064;1791;-0.1482717990875244;0.8596515655517578;-0.221808671951294;0;0
9070;1792;-0.1657275259494782;0.8752759695053101;-0.2092353850603104;0;0
9071;1793;-0.1858672052621841;0.8938301801681519;-0.1925124824047089;0;0
9076;1794;-0.2080840170383453;0.9073790311813355;-0.1770109683275223;0;0
9080;1795;-0.2270038574934006;0.9160454273223877;-0.1594323217868805;0;0
9084;1796;-0.2388443052768707;0.9308156967163086;-0.1372170746326447;0;0
9089;1797;-0.2544687390327454;0.9429004192352295;-0.1158544570207596;0;0
9094;1798;-0.2681404948234558;0.9518110752105713;-0.1010857820510864;0;0
9099;1799;-0.2719244658946991;0.9641401171684265;-0.08741401880979538;0;0
9107;1800;-0.2796137630939484;0.9726851582527161;-0.07520791888237;0;0
9112;1801;-0.2855962216854096;0.976834774017334;-0.06397737562656403;0;0
9117;1802;-0.2851076722145081;0.9792760014533997;-0.05677507817745209;0;0
9122;1803;-0.2681404948234558;0.9780561327934265;-0.04847431182861328;0;0
9125;1804;-0.2456794083118439;0.9830599427223206;-0.04896286502480507;0;0
9130;1805;-0.236647367477417;0.9850142002105713;-0.04981705918908119;0;0
9135;1806;-0.2300549894571304;0.9873324632644653;-0.05286975204944611;0;0
9140;1807;-0.2265152931213379;0.9864782691001892;-0.05128272622823715;0;0
9146;1808;-0.2141862809658051;0.9864782691001892;-0.05555524677038193;0;0
9154;1809;-0.2145534753799439;0.9939248561859131;-0.06068196520209312;0;0
9158;1810;-0.2293237149715424;1.008816480636597;-0.07056820392608643;0;0
9163;1811;-0.250929057598114;1.012234807014465;-0.08472852408885956;0;0
9168;1812;-0.2586183547973633;1.013943195343018;-0.1056010276079178;0;0
9170;1813;-0.2412855327129364;1.016384363174439;-0.1279391944408417;0;0
9175;1814;-0.2122336179018021;1.017727136611939;-0.1638277620077133;0;0
9180;1815;-0.2033229321241379;1.025173664093018;-0.2024002820253372;0;0
9185;1816;-0.2150420248508453;1.03066611289978;-0.2368231862783432;0;0
9190;1817;-0.2261496633291245;1.048121809959412;-0.2763712406158447;0;0
9195;1818;-0.2373802065849304;1.062892079353333;-0.3125041127204895;0;0
9202;1819;-0.2453137785196304;1.076075196266174;-0.3442399501800537;0;0
9207;1820;-0.2537358999252319;1.08437442779541;-0.3682880699634552;0;0
9212;1821;-0.2674076557159424;1.080957651138306;-0.3876964747905731;0;0
9217;1822;-0.2769282758235931;1.066308856010437;-0.3973399698734283;0;0
9221;1823;-0.2921870648860931;1.03493857383728;-0.3956300318241119;0;0
9225;1824;-0.2990221679210663;0.9855011701583862;-0.3859865069389343;0;0
9231;1825;-0.3047603368759155;0.9347225427627564;-0.3728033006191254;0;0
9235;1826;-0.3133038282394409;0.8945630192756653;-0.363282710313797;0;0
9241;1827;-0.3218488991260529;0.8675866723060608;-0.3460712730884552;0;0
9253;1828;-0.3267313241958618;0.8578202724456787;-0.3297140002250671;0;0
9254;1829;-0.3279527127742767;0.8591629862785339;-0.3087201416492462;0;0
9259;1830;-0.3272198736667633;0.8658767342567444;-0.2862590551376343;0;0
9264;1831;-0.3349107205867767;0.8700278997421265;-0.264288067817688;0;0
9269;1832;-0.3382061421871185;0.8702722191810608;-0.2442682087421417;0;0
9271;1833;-0.3397931754589081;0.8707591891288757;-0.223884254693985;0;0
9276;1834;-0.3361305594444275;0.8727133870124817;-0.1969063729047775;0;0
9281;1835;-0.3269756138324738;0.8763744831085205;-0.1783537268638611;0;0
9286;1836;-0.3264870345592499;0.8684408664703369;-0.152962863445282;0;0
9291;1837;-0.3336893320083618;0.8579431772232056;-0.1272079199552536;0;0
9299;1838;-0.3415015637874603;0.8453698754310608;-0.1102407425642014;0;0
9304;1839;-0.3498023152351379;0.8430500030517578;-0.09119798243045807;0;0
9310;1840;-0.352976381778717;0.8414645791053772;-0.07191095501184464;0;0
9314;1841;-0.351877897977829;0.8362149000167847;-0.05396822094917297;0;0
9317;1842;-0.342600017786026;0.8316981196403503;-0.03187432885169983;0;0
9322;1843;-0.3375962376594544;0.8295011520385742;-0.01478423643857241;0;0
9327;1844;-0.3273428082466126;0.8340179920196533;-0.009413243271410465;0;0
9332;1845;-0.3422344028949738;0.8386561274528503;-0.01026743650436401;0;0
9337;1846;-0.3561504185199738;0.8485439419746399;-0.02308500558137894;0;0
9344;1847;-0.3328351378440857;0.8658767342567444;-0.02857736125588417;0;0
9348;1848;-0.2896244823932648;0.895661473274231;-0.03431554883718491;0;0
9353;1849;-0.2294450700283051;0.968533992767334;-0.06544148921966553;0;0
9359;1850;-0.182937428355217;1.052150011062622;-0.1157330945134163;0;0
9364;1851;-0.1389939188957214;1.109765291213989;-0.1560155600309372;0;0
9368;1852;-0.09431757777929306;1.117333292961121;-0.1683430075645447;0;0
9372;1853;-0.08272139728069305;1.096703410148621;-0.1805506646633148;0;0
9377;1854;-0.1308160722255707;1.081567645072937;-0.1877514123916626;0;0
9383;1855;-0.1947778910398483;1.065333247184753;-0.1729827225208283;0;0
9387;1856;-0.246656522154808;1.048243165016174;-0.1418552398681641;0;0
9393;1857;-0.2862061560153961;1.026272177696228;-0.1029155254364014;0;0
9402;1858;-0.3034175932407379;0.9938019514083862;-0.05311402678489685;0;0
9408;1859;-0.3123282790184021;0.9610889554023743;-0.009413243271410465;0;0
9412;1860;-0.3324695229530335;0.9222722053527832;0.02757224440574646;0;0
9413;1861;-0.352976381778717;0.8896805644035339;0.05930965393781662;0;0
9418;1862;-0.3629855215549469;0.8603844046592712;0.08469896018505096;0;0
9423;1863;-0.3550504148006439;0.8446370363235474;0.1076470464468002;0;0
9428;1864;-0.3424786627292633;0.8340179920196533;0.115947812795639;0;0
9433;1865;-0.3368633985519409;0.8010607361793518;0.1285210996866226;0;0
9438;1866;-0.3246572911739349;0.7713973522186279;0.1258356124162674;0;0
9446;1867;-0.3043931424617767;0.7634637951850891;0.1397516429424286;0;0
9451;1868;-0.2954824566841126;0.748327910900116;0.1547646075487137;0;0
9456;1869;-0.2776611149311066;0.7485721707344055;0.1605027914047241;0;0
9461;1870;-0.2482435554265976;0.7721301913261414;0.1490279734134674;0;0
9464;1871;-0.2268824875354767;0.7746943235397339;0.1464638411998749;0;0
9469;1872;-0.2160175889730454;0.7754256129264832;0.1387745440006256;0;0
9473;1873;-0.2136992812156677;0.7795767784118652;0.1340134590864182;0;0
9478;1874;-0.2071069031953812;0.7934912443161011;0.1163150072097778;0;0
9483;1875;-0.1878214180469513;0.8071630001068115;0.09019286930561066;0;0
9489;1876;-0.1781779080629349;0.8115584254264832;0.06529056280851364;0;0
9497;1877;-0.1802534908056259;0.8219332695007324;0.05015468969941139;0;0
9503;1878;-0.1786664575338364;0.8142423629760742;0.04710355773568153;0;0
9508;1879;-0.1762252449989319;0.8171721696853638;0.0431966707110405;0;0
9512;1880;-0.1894068866968155;0.8334080576896668;0.03428598493337631;0;0
9514;1881;-0.2276137620210648;0.8348721861839294;0.03306460008025169;0;0
9519;1882;-0.2499519437551498;0.8379232883453369;0.04063409194350243;0;0
9524;1883;-0.2499519437551498;0.8479340076446533;0.05064324662089348;0;0
9529;1884;-0.2520275115966797;0.8381676077842712;0.06382645666599274;0;0
9534;1885;-0.2462908923625946;0.835116446018219;0.08311193436384201;0;0
9543;1886;-0.240675613284111;0.8290126323699951;0.1150936186313629;0;0
9545;1887;-0.2459236979484558;0.8270599842071533;0.1347462981939316;0;0
9553;1888;-0.2479992657899857;0.8241301774978638;0.1528119444847107;0;0
9558;1889;-0.2451924085617065;0.8357263803482056;0.1773470491170883;0;0
9560;1890;-0.2442153096199036;0.8402431607246399;0.1932157576084137;0;0
9564;1891;-0.2376244813203812;0.8445156812667847;0.2074974328279495;0;0
9570;1892;-0.2316420078277588;0.854036271572113;0.2238546907901764;0;0
9575;1893;-0.2282252460718155;0.863314151763916;0.2419203370809555;0;0
9579;1894;-0.2276137620210648;0.8796699047088623;0.2547363638877869;0;0
9585;1895;-0.221388578414917;0.8827225565910339;0.2649913430213928;0;0
9592;1896;-0.213455006480217;0.8896805644035339;0.2679195702075958;0;0
9597;1897;-0.196243554353714;0.8927317261695862;0.2698737680912018;0;0
9602;1898;-0.1879427880048752;0.8855293989181519;0.2692623138427734;0;0
9609;1899;-0.1864786744117737;0.880768358707428;0.2621829211711884;0;0
9611;1900;-0.1808633953332901;0.8695393800735474;0.2399676740169525;0;0
9616;1901;-0.183060348033905;0.8627027273178101;0.2231218665838242;0;0
9620;1902;-0.1890412569046021;0.8512294292449951;0.216163843870163;0;0
9626;1903;-0.1934351325035095;0.8462240695953369;0.2073760777711868;0;0
9631;1904;-0.1973420232534409;0.8384118676185608;0.1998065859079361;0;0
9636;1905;-0.2014916241168976;0.8347508311271668;0.1923615634441376;0;0
9643;1906;-0.1974633783102036;0.8290126323699951;0.1845493465662003;0;0
9652;1907;-0.1956336349248886;0.8282813429832459;0.1810096651315689;0;0
9652;1908;-0.1903840005397797;0.8297454714775085;0.1680707335472107;0;0
9657;1909;-0.1822061538696289;0.8469569087028503;0.1634310036897659;0;0
9661;1910;-0.1747595816850662;0.8624599575996399;0.1622111797332764;0;0
9666;1911;-0.1701214164495468;0.8821110725402832;0.1581829339265823;0;0
9671;1912;-0.1652389764785767;0.907623291015625;0.1578172892332077;0;0
9676;1913;-0.1588908731937408;0.9330126047134399;0.1573287397623062;0;0
9681;1914;-0.1508343815803528;0.9579149484634399;0.1512249112129211;0;0
9692;1915;-0.139605388045311;0.9742721915245056;0.1486623287200928;0;0
9692;1916;-0.1292290389537811;0.9802531003952026;0.1430470645427704;0;0
9698;1917;-0.1194641664624214;0.9796431660652161;0.1429241448640823;0;0
9703;1918;-0.1123847812414169;0.969876766204834;0.1408501118421555;0;0
9709;1919;-0.1181214153766632;0.9504683613777161;0.1495165228843689;0;0
9712;1920;-0.1413137763738632;0.9298401474952698;0.1752714663743973;0;0
9717;1921;-0.1697557717561722;0.9156798124313355;0.207008883357048;0;0
9722;1922;-0.1953893601894379;0.9083561301231384;0.2387462854385376;0;0
9727;1923;-0.2118679732084274;0.908966064453125;0.2745119333267212;0;0
9732;1924;-0.2195572704076767;0.9179996848106384;0.3031966686248779;0;0
9742;1925;-0.2255397439002991;0.932525634765625;0.3254134654998779;0;0
9748;1926;-0.2139435559511185;0.9632859230041504;0.3425019979476929;0;0
9748;1927;-0.1916053891181946;0.9992958307266235;0.3476287126541138;0;0
9754;1928;-0.1792763769626617;1.032741665840149;0.3501928448677063;0;0
9759;1929;-0.1844030916690826;1.060695052146912;0.3508027791976929;0;0
9762;1930;-0.2067412585020065;1.089868307113648;0.3446989357471466;0;0
9767;1931;-0.2239527106285095;1.112327933311462;0.3295630812644959;0;0
9772;1932;-0.2417740821838379;1.124291300773621;0.313328742980957;0;0
9777;1933;-0.2639893293380737;1.124778270721436;0.2830570042133331;0;0
9783;1934;-0.2824221849441528;1.115257620811462;0.246681421995163;0;0
9788;1935;-0.2937740683555603;1.098413467407227;0.2155539244413376;0;0
9793;1936;-0.3069573044776917;1.073876738548279;0.1775913238525391;0;0
9803;1937;-0.3321023285388947;1.050807356834412;0.1396287381649017;0;0
9803;1938;-0.3593229353427887;1.022732496261597;0.1121638417243958;0;0
9808;1939;-0.3820282816886902;0.9972202777862549;0.07273713499307632;0;0
9812;1940;-0.3897175788879395;0.9935576915740967;0.02867071516811848;0;0
9817;1941;-0.3938687443733215;1.000638604164124;-0.01673690043389797;0;0
9822;1942;-0.3981397151947022;1.010524868965149;-0.0511598065495491;0;0
9828;1943;-0.3991168141365051;1.019802689552307;-0.0733766183257103;0;0
9840;1944;-0.3726290464401245;1.04214084148407;-0.0882682129740715;0;0
9840;1945;-0.3384504318237305;1.049585938453674;-0.09876592457294464;0;0
9851;1946;-0.3112298250198364;1.047144651412964;-0.09632470458745956;0;0
9851;1947;-0.2835206389427185;1.053858399391174;-0.08546135574579239;0;0
9857;1948;-0.2713145613670349;1.063013434410095;-0.07081247866153717;0;0
9859;1949;-0.2459236979484558;1.075830936431885;-0.06104760244488716;0;0
9863;1950;-0.2250511795282364;1.081811904907227;-0.05006133764982224;0;0
9869;1951;-0.2160175889730454;1.0790034532547;-0.04054073616862297;0;0
9874;1952;-0.2018588185310364;1.076562285423279;-0.04701020196080208;0;0
9879;1953;-0.1844030916690826;1.067530155181885;-0.0631231814622879;0;0
9890;1954;-0.1626748442649841;1.056666851043701;-0.08631554991006851;0;0
9890;1955;-0.1508343815803528;1.038356900215149;-0.1132918745279312;0;0
9897;1956;-0.1321588158607483;1.009793519973755;-0.1400239318609238;0;0
9903;1957;-0.1088435351848602;0.9793989062309265;-0.1630949378013611;0;0
9909;1958;-0.07942598313093185;0.952422559261322;-0.1879956871271133;0;0
9909;1959;-0.05159546062350273;0.9223935604095459;-0.2085025459527969;0;0
9914;1960;-0.04353897273540497;0.8874821066856384;-0.2219300419092178;0;0
9919;1961;-0.03938936442136765;0.8542805910110474;-0.2357247173786163;0;0
9924;1962;-0.03352981433272362;0.8345065116882324;-0.2460995018482208;0;0
9929;1963;-0.02986720763146877;0.8107026815414429;-0.260991096496582;0;0
9935;1964;-0.03426109254360199;0.7978866696357727;-0.2745414972305298;0;0
9944;1965;-0.04524735733866692;0.7901958227157593;-0.2856491208076477;0;0
9949;1966;-0.03365117684006691;0.7833607196807861;-0.2852835059165955;0;0
9949;1967;-0.03145423531532288;0.7853133678436279;-0.2913857698440552;0;0
9954;1968;-0.04622446745634079;0.7960553765296936;-0.3028605878353119;0;0
9960;1969;-0.07674048840999603;0.8039889335632324;-0.3071331083774567;0;0
9964;1970;-0.1150687262415886;0.8094828724861145;-0.3084758520126343;0;0
9969;1971;-0.1391168385744095;0.8171721696853638;-0.3039590418338776;0;0
9974;1972;-0.1568152904510498;0.834139347076416;-0.2900430262088776;0;0
9983;1973;-0.1718298047780991;0.8454927802085877;-0.2725872993469238;0;0
9988;1974;-0.1798862963914871;0.8511065244674683;-0.2564758658409119;0;0
9992;1975;-0.1870885938405991;0.8602614998817444;-0.246953696012497;0;0
9997;1976;-0.186965674161911;0.8649011850357056;-0.237798735499382;0;0
10000;1977;-0.1900183707475662;0.8716133832931519;-0.2302308082580566;0;0
10005;1978;-0.1934351325035095;0.8846752047538757;-0.227789580821991;0;0
10010;1979;-0.1999046057462692;0.9046935439109802;-0.220587283372879;0;0
10015;1980;-0.20747409760952;0.9322813153266907;-0.2121651619672775;0;0
10020;1981;-0.2117450684309006;0.9593790173530579;-0.2104567736387253;0;0
10026;1982;-0.2150420248508453;0.9783004522323608;-0.2011788934469223;0;0
10033;1983;-0.2206573039293289;0.9933133721351624;-0.1884842365980148;0;0
10038;1984;-0.2488534599542618;1.001492738723755;-0.1678560078144074;0;0
10043;1985;-0.2969481348991394;1.002591252326965;-0.1477147787809372;0;0
10047;1986;-0.3332007825374603;1.002591252326965;-0.1292819380760193;0;0
10051;1987;-0.3476053774356842;1.010524868965149;-0.1134132370352745;0;0
10056;1988;-0.3385717868804932;1.021999716758728;-0.09168653935194016;0;0
10060;1989;-0.3151351511478424;1.009182095527649;-0.06885981559753418;0;0
10066;1990;-0.2775397300720215;0.9988073110580444;-0.04688728600740433;0;0
10072;1991;-0.240675613284111;0.9889194965362549;-0.03846515342593193;0;0
10078;1992;-0.2205343842506409;0.9804973602294922;-0.032972801476717;0;0
10085;1993;-0.2023473829030991;0.9747591614723206;-0.03565829619765282;0;0
10092;1994;-0.180984765291214;0.9646286964416504;-0.04713156074285507;0;0
10099;1995;-0.1492473483085632;0.9499797821044922;-0.05848346650600433;0;0
10099;1996;-0.1210511922836304;0.9369195103645325;-0.07374225556850433;0;0
10106;1997;-0.09688171744346619;0.9258118867874146;-0.08594835549592972;0;0
10106;1998;-0.07625193148851395;0.9186095595359802;-0.09473767876625061;0;0
10111;1999;-0.05537943169474602;0.9023752212524414;-0.1073109656572342;0;0
10117;2000;-0.04317333176732063;0.886383593082428;-0.1174414828419685;0;0
10122;2001;-0.04329469427466393;0.8729561567306519;-0.1204941794276238;0;0
10130;2002;-0.02278782799839973;0.856356143951416;-0.1344086527824402;0;0
10137;2003;-0.013022948987782;0.8436614871025085;-0.1500330865383148;0;0
10137;2004;-0.0094817029312253;0.8299897313117981;-0.1648033261299133;0;0
10144;2005;-0.01265575457364321;0.8230317234992981;-0.1804277449846268;0;0
10149;2006;-0.02461913041770458;0.8146095871925354;-0.1982491165399551;0;0
10153;2007;-0.05183973908424377;0.8094828724861145;-0.2197330892086029;0;0
10157;2008;-0.07771760225296021;0.798617959022522;-0.2419499009847641;0;0
10162;2009;-0.08369851112365723;0.8003278970718384;-0.2581842541694641;0;0
10167;2010;-0.1204397156834602;0.7945912480354309;-0.2695361375808716;0;0
10173;2011;-0.1599893420934677;0.7916615009307861;-0.2861377000808716;0;0
10181;2012;-0.1901397258043289;0.7988622188568115;-0.2971223890781403;0;0
10187;2013;-0.21540766954422;0.8042332530021668;-0.3012735545635223;0;0
10192;2014;-0.2361588180065155;0.8081400990486145;-0.2957811951637268;0;0
10197;2015;-0.2545916438102722;0.8154637813568115;-0.2789354026317596;0;0
10198;2016;-0.2544687390327454;0.8276698589324951;-0.2567185759544373;0;0
10202;2017;-0.2394542247056961;0.8415859341621399;-0.229865163564682;0;0
10207;2018;-0.2108908742666245;0.8524492383003235;-0.2036201059818268;0;0
10212;2019;-0.1841588169336319;0.8644126653671265;-0.1754239499568939;0;0
10217;2020;-0.1679244786500931;0.8802813291549683;-0.1578453034162521;0;0
10228;2021;-0.1585252285003662;0.8885805606842041;-0.1413666754961014;0;0
10233;2022;-0.1504687368869782;0.9018867015838623;-0.1276949197053909;0;0
10233;2023;-0.1452191025018692;0.9094546437263489;-0.1239109486341476;0;0
10238;2024;-0.1418023407459259;0.9164126515388489;-0.1213483661413193;0;0
10243;2025;-0.1335015594959259;0.9259332418441773;-0.1167102083563805;0;0
10248;2026;-0.1281305700540543;0.9369195103645325;-0.1162216514348984;0;0
10253;2027;-0.1211725547909737;0.9397263526916504;-0.1174414828419685;0;0
10258;2028;-0.1121405065059662;0.9429004192352295;-0.1156117394566536;0;0
10263;2029;-0.1038397401571274;0.9470515847206116;-0.1169544830918312;0;0
10268;2030;-0.09358630329370499;0.9544966220855713;-0.120126985013485;0;0
10273;2031;-0.09053361415863037;0.9629186987876892;-0.124155230820179;0;0
10283;2032;-0.08626264333724976;0.9693897366523743;-0.1259865313768387;0;0
10288;2033;-0.08967941999435425;0.9753706455230713;-0.1254979819059372;0;0
10292;2034;-0.09663744270801544;0.9787874221801758;-0.1234239488840103;0;0
10294;2035;-0.1018870696425438;0.9804973602294922;-0.1206155344843864;0;0
10298;2036;-0.1022527143359184;0.9807416796684265;-0.1142689883708954;0;0
10303;2037;-0.09651608020067215;0.9762248396873474;-0.1085307970643044;0;0
10309;2038;-0.08565117418766022;0.9726851582527161;-0.1099964678287506;0;0
10314;2039;-0.0712481364607811;0.9587691426277161;-0.1113392114639282;0;0
10319;2040;-0.06416875123977661;0.9480271339416504;-0.1087750792503357;0;0
10327;2041;-0.05843056365847588;0.9380179643630981;-0.1068224161863327;0;0
10333;2042;-0.05293821170926094;0.9293515682220459;-0.1064567714929581;0;0
10338;2043;-0.0541580431163311;0.9183652997016907;-0.1084094420075417;0;0
10343;2044;-0.05367104336619377;0.913604199886322;-0.1128033250570297;0;0
10348;2045;-0.05647790059447289;0.9077462553977966;-0.1117048487067223;0;0
10350;2046;-0.05525651201605797;0.9072576761245728;-0.1136575192213059;0;0
10354;2047;-0.05159546062350273;0.9140927791595459;-0.1176857650279999;0;0
10359;2048;-0.04402752593159676;0.9233706593513489;-0.1195170655846596;0;0
10364;2049;-0.03877789154648781;0.9354553818702698;-0.1184185966849327;0;0
10369;2050;-0.0326756201684475;0.9448530673980713;-0.1181743144989014;0;0
10379;2051;-0.02242218889296055;0.9503470063209534;-0.1273292750120163;0;0
10390;2052;-0.01314430963248015;0.9684126377105713;-0.1362399607896805;0;0
10390;2053;-0.008506148122251034;0.982815682888031;-0.1447850167751312;0;0
10400;2054;-0.01216719951480627;0.9994171857833862;-0.1541842520236969;0;0
10400;2055;-0.01680691726505756;1.013333201408386;-0.1654132306575775;0;0
10400;2056;-0.01290003210306168;1.029933214187622;-0.1793292760848999;0;0
10407;2057;-0.01717255637049675;1.046900391578674;-0.1886071562767029;0;0
10410;2058;-0.02107943966984749;1.069727182388306;-0.1972735673189163;0;0
10415;2059;-0.0144870588555932;1.096093535423279;-0.2036201059818268;0;0
10423;2060;-0.01045881304889917;1.119530200958252;-0.2043529450893402;0;0
10428;2061;-0.001182490028440952;1.141258478164673;-0.2067941576242447;0;0
10434;2062;0.009803775697946549;1.156638622283936;-0.2116765975952148;0;0
10441;2063;0.02152287401258946;1.164695143699646;-0.2108224034309387;0;0
10442;2064;0.03128775209188461;1.174581289291382;-0.2174147963523865;0;0
10445;2065;0.0383671335875988;1.171530246734619;-0.2180247008800507;0;0
10450;2066;0.03922132775187492;1.160178303718567;-0.2219300419092178;0;0
10456;2067;0.02371981553733349;1.146750807762146;-0.2271796762943268;0;0
10460;2068;-0.02266491018235683;1.134666085243225;-0.231817826628685;0;0
10466;2069;-0.05562370643019676;1.120994329452515;-0.2357247173786163;0;0
10471;2070;-0.08552981168031693;1.1025630235672;-0.2299865335226059;0;0
10475;2071;-0.1087221801280975;1.081933259963989;-0.222784236073494;0;0
10480;2072;-0.1271534562110901;1.065698862075806;-0.2246155291795731;0;0
10485;2073;-0.1427778899669647;1.051172971725464;-0.2204659283161163;0;0
10490;2074;-0.1393611133098602;1.03518283367157;-0.2138735502958298;0;0
10495;2075;-0.1280092149972916;1.016384363174439;-0.2111880481243134;0;0
10500;2076;-0.1150687262415886;0.9978302121162415;-0.2053300589323044;0;0
10506;2077;-0.1159244775772095;0.9773232936859131;-0.2008132487535477;0;0
10510;2078;-0.1234924122691155;0.9579149484634399;-0.1951979845762253;0;0
10519;2079;-0.1397267580032349;0.9386278986930847;-0.1904368996620178;0;0
10526;2080;-0.1559610962867737;0.9206851720809937;-0.1860430240631104;0;0
10531;2081;-0.1745152920484543;0.9064034819602966;-0.1847002655267716;0;0
10535;2082;-0.1957549899816513;0.887726366519928;-0.1857987493276596;0;0
10538;2083;-0.2086939215660095;0.8701492547988892;-0.1864086538553238;0;0
10541;2084;-0.2158962190151215;0.8564774990081787;-0.1886071562767029;0;0
10546;2085;-0.2201687544584274;0.8465912938117981;-0.1937338709831238;0;0
10551;2086;-0.2152863144874573;0.8397546410560608;-0.2044758647680283;0;0
10556;2087;-0.2084496468305588;0.8391447067260742;-0.2148506492376328;0;0
10563;2088;-0.2058870643377304;0.8445156812667847;-0.2259582877159119;0;0
10567;2089;-0.2079610973596573;0.8555019497871399;-0.243048369884491;0;0
10572;2090;-0.2210229486227036;0.8683179616928101;-0.2568415105342865;0;0
10577;2091;-0.2327404767274857;0.8829668164253235;-0.2714888155460358;0;0
10582;2092;-0.2454366981983185;0.9012767672538757;-0.2890674471855164;0;0
10587;2093;-0.2639893293380737;0.9178767204284668;-0.2990766167640686;0;0
10591;2094;-0.2815679907798767;0.9336240887641907;-0.3072544634342194;0;0
10597;2095;-0.2960939407348633;0.9437546133995056;-0.3134796619415283;0;0
10602;2096;-0.3037832379341126;0.9568164348602295;-0.3161651492118835;0;0
10607;2097;-0.3085443079471588;0.9649943113327026;-0.3131140172481537;0;0
10616;2098;-0.2964595854282379;0.9690225720405579;-0.3094514012336731;0;0
10620;2099;-0.2692389786243439;0.9737836122512817;-0.3032262325286865;0;0
10624;2100;-0.2484878301620483;0.9829385876655579;-0.2904102206230164;0;0
10629;2101;-0.2409198880195618;0.9896523356437683;-0.2800338566303253;0;0
10633;2102;-0.2434824705123901;0.9985630512237549;-0.2640438079833984;0;0
10637;2103;-0.2517832517623901;1.004178285598755;-0.2431697398424149;0;0
10642;2104;-0.2650878131389618;1.017482876777649;-0.2253483682870865;0;0
10647;2105;-0.2725343704223633;1.032985925674439;-0.2027659118175507;0;0
10652;2106;-0.2667977511882782;1.038722515106201;-0.17627814412117;0;0
10658;2107;-0.26179239153862;1.040309548377991;-0.1544285267591476;0;0
10666;2108;-0.2523931562900543;1.038356900215149;-0.1401468515396118;0;0
10668;2109;-0.2440939396619797;1.022488236427307;-0.128794938325882;0;0
10678;2110;-0.2403084188699722;1.017971396446228;-0.1261094510555267;0;0
10683;2111;-0.2320092022418976;1.010892033576965;-0.1316017955541611;0;0
10684;2112;-0.2127221673727036;0.9950233101844788;-0.1464933902025223;0;0
10688;2113;-0.1900183707475662;0.9767134189605713;-0.1637048572301865;0;0
10693;2114;-0.1647504270076752;0.9574263691902161;-0.1790850013494492;0;0
10698;2115;-0.1479046046733856;0.9415576457977295;-0.2009346187114716;0;0
10703;2116;-0.1399710327386856;0.925567626953125;-0.2214430421590805;0;0
10709;2117;-0.1338672041893005;0.9067690968513489;-0.2309636324644089;0;0
10721;2118;-0.1374069005250931;0.8913889527320862;-0.2351132482290268;0;0
10721;2119;-0.147538959980011;0.8686851859092712;-0.2347476035356522;0;0
10729;2120;-0.1492473483085632;0.8464683294296265;-0.2231514304876328;0;0
10735;2121;-0.1533985137939453;0.829135537147522;-0.2187575399875641;0;0
10736;2122;-0.1596236974000931;0.8149752020835877;-0.2142407447099686;0;0
10742;2123;-0.1660931706428528;0.8077729344367981;-0.2019117176532745;0;0
10745;2124;-0.1883084177970886;0.8067973852157593;-0.1971506476402283;0;0
10749;2125;-0.2129664570093155;0.7989851832389832;-0.1871414929628372;0;0
10754;2126;-0.2229756116867065;0.7953225374221802;-0.1785964518785477;0;0
10770;2127;-0.2296893447637558;0.7893416285514832;-0.1696857661008835;0;0
10770;2128;-0.2340832352638245;0.7816507816314697;-0.1587010473012924;0;0
10770;2129;-0.2431168407201767;0.7778668403625488;-0.1563811898231506;0;0
10776;2130;-0.2500748634338379;0.7812851667404175;-0.1554040759801865;0;0
10780;2131;-0.2605725526809692;0.7790881991386414;-0.15308578312397;0;0
10784;2132;-0.2719244658946991;0.7834820747375488;-0.1545498818159103;0;0
10789;2133;-0.2785153090953827;0.7942240834236145;-0.1552827209234238;0;0
10794;2134;-0.2858405113220215;0.8060645461082459;-0.1554040759801865;0;0
10799;2135;-0.2964595854282379;0.8233973383903503;-0.1568697392940521;0;0
10804;2136;-0.3078114986419678;0.8390218019485474;-0.1590666919946671;0;0
10812;2137;-0.3158679902553558;0.8544034957885742;-0.1635834872722626;0;0
10816;2138;-0.3219718039035797;0.8657553791999817;-0.1617521792650223;0;0
10821;2139;-0.3184321224689484;0.8769843578338623;-0.1583338528871536;0;0
10826;2140;-0.3196519315242767;0.8868721723556519;-0.1541842520236969;0;0
10830;2141;-0.3207504153251648;0.8896805644035339;-0.1521086692810059;0;0
10835;2142;-0.3222160935401917;0.8796699047088623;-0.1391697376966476;0;0
10840;2143;-0.3093985021114349;0.8758859038352966;-0.1265964508056641;0;0
10845;2144;-0.2958496510982513;0.8605057597160339;-0.1106063798069954;0;0
10850;2145;-0.2991450726985931;0.8432943224906921;-0.09681325405836105;0;0
10856;2146;-0.3001222014427185;0.8346279263496399;-0.07459644973278046;0;0
10865;2147;-0.3024404942989349;0.821811854839325;-0.02796744368970394;0;0
10865;2148;-0.2998779118061066;0.8120454549789429;0.04026689752936363;0;0
10871;2149;-0.2874259650707245;0.8093599677085877;0.1168020069599152;0;0
10875;2150;-0.2517832517623901;0.8061874508857727;0.2055447697639465;0;0
10880;2151;-0.2182145267724991;0.8108256459236145;0.2953844368457794;0;0
10886;2152;-0.1883084177970886;0.8220546245574951;0.3748493194580078;0;0
10891;2153;-0.1270321011543274;0.8243744373321533;0.424163818359375;0;0
10896;2154;-0.05940767377614975;0.8259614706039429;0.4358829259872437;0;0
10901;2155;-0.02559468522667885;0.8182706236839294;0.420502781867981;0;0
10914;2156;-0.009848897345364094;0.8111912608146668;0.3976760506629944;0;0
10914;2157;-0.003745070425793529;0.8116798400878906;0.3654500842094421;0;0
10921;2158;-0.01290003210306168;0.8295011520385742;0.3180898129940033;0;0
10921;2159;-0.04927560314536095;0.8378019332885742;0.2745119333267212;0;0
10928;2160;-0.103595457971096;0.8552576899528503;0.2342294901609421;0;0
10934;2161;-0.1302061527967453;0.8686851859092712;0.2038348317146301;0;0
10937;2162;-0.1414351463317871;0.8768630027770996;0.1631882935762405;0;0
10942;2163;-0.1452191025018692;0.8840653300285339;0.1297409385442734;0;0
10946;2164;-0.1492473483085632;0.8866279125213623;0.1091127097606659;0;0
10952;2165;-0.1564496457576752;0.884553849697113;0.103863075375557;0;0
10963;2166;-0.1513229310512543;0.8945630192756653;0.1017890498042107;0;0
10963;2167;-0.1402153074741364;0.9000554084777832;0.1052058264613152;0;0
10970;2168;-0.1276420205831528;0.9060363173484802;0.1106997355818749;0;0
10977;2169;-0.1254450678825378;0.9143370389938355;0.115459255874157;0;0
10983;2170;-0.1288634091615677;0.9148256182670593;0.1121638417243958;0;0
10983;2171;-0.1276420205831528;0.9210507869720459;0.1064272150397301;0;0
10987;2172;-0.1298389583826065;0.9343553781509399;0.09653941541910172;0;0
10992;2173;-0.126422181725502;0.9402149319648743;0.08836156874895096;0;0
10997;2174;-0.1201969981193543;0.9482713937759399;0.07774093747138977;0;0
11003;2175;-0.1252007931470871;0.9435103535652161;0.07383561134338379;0;0
11010;2176;-0.1335015594959259;0.932525634765625;0.07554399967193604;0;0
11015;2177;-0.1449763923883438;0.9192194938659668;0.08811728656291962;0;0
11020;2178;-0.1648717820644379;0.8985912799835205;0.09861499816179276;0;0
11024;2179;-0.1812290400266647;0.8788157105445862;0.1132623180747032;0;0
11028;2180;-0.2021031081676483;0.8614828586578369;0.1309623271226883;0;0
11032;2181;-0.2295679897069931;0.8435385823249817;0.1589157581329346;0;0
11037;2182;-0.2586183547973633;0.8421958088874817;0.1833279579877853;0;0
11042;2183;-0.2792481184005737;0.8525722026824951;0.2173852324485779;0;0
11047;2184;-0.2915771305561066;0.8797928094863892;0.2441172897815704;0;0
11056;2185;-0.283276379108429;0.9212951064109802;0.2621829211711884;0;0
11060;2186;-0.2775397300720215;0.9624317288398743;0.2726806402206421;0;0
11065;2187;-0.2625252306461334;1.005642414093018;0.2723149955272675;0;0
11069;2188;-0.2449481338262558;1.061549305915833;0.2713378965854645;0;0
11073;2189;-0.2423840016126633;1.115257620811462;0.2580333352088928;0;0
11077;2190;-0.2403084188699722;1.170187473297119;0.2317882627248764;0;0
11082;2191;-0.2218771278858185;1.24025309085846;0.2066432386636734;0;0
11088;2192;-0.2027130126953125;1.286150813102722;0.1706333011388779;0;0
11093;2193;-0.1828160732984543;1.329971432685852;0.1396287381649017;0;0
11100;2194;-0.1441206336021423;1.37501335144043;0.1406058371067047;0;0
11105;2195;-0.0898023396730423;1.355239391326904;0.1464638411998749;0;0
11115;2196;-0.05586798489093781;1.278459906578064;0.1496378928422928;0;0
11115;2197;-0.07112521678209305;1.177266836166382;0.1498821675777435;0;0
11120;2198;-0.1181214153766632;1.063867568969727;0.1605027914047241;0;0
11123;2199;-0.167801558971405;0.9931920170783997;0.1609897911548615;0;0
11129;2200;-0.2276137620210648;0.9660927653312683;0.1537890434265137;0;0
11133;2201;-0.2886473536491394;0.9620645046234131;0.1371875107288361;0;0
11138;2202;-0.3316137492656708;0.9798858761787415;0.1056943833827972;0;0
11143;2203;-0.3264870345592499;0.992093563079834;0.06162795796990395;0;0
11152;2204;-0.2907229363918304;0.9978302121162415;0.008529487065970898;0;0
11158;2205;-0.2526374459266663;0.9969760179519653;-0.02418347634375095;0;0
11159;2206;-0.2261496633291245;1.007473707199097;-0.03724532201886177;0;0
11167;2207;-0.1940466165542603;1.003079771995544;-0.05006133764982224;0;0
11169;2208;-0.15376415848732;0.9978302121162415;-0.06251171231269836;0;0
11174;2209;-0.1247122436761856;0.9764691591262817;-0.0831414982676506;0;0
11179;2210;-0.09248783439397812;0.9519340395927429;-0.1137804314494133;0;0
11184;2211;-0.06368020176887512;0.9188538789749146;-0.1467376798391342;0;0
11189;2212;-0.03316261991858482;0.8810126185417175;-0.1881186068058014;0;0
11194;2213;0.005898446775972843;0.8497637510299683;-0.2247384488582611;0;0
11208;2214;0.03031064197421074;0.8258401155471802;-0.2567185759544373;0;0
11208;2215;0.03751293942332268;0.7961767315864563;-0.2847949266433716;0;0
11218;2216;0.03494880348443985;0.7722530961036682;-0.3117712736129761;0;0
11218;2217;0.03238622471690178;0.7511347532272339;-0.335817813873291;0;0
11228;2218;0.0369030237197876;0.7432011961936951;-0.3574231564998627;0;0
11228;2219;0.0387343280017376;0.741004228591919;-0.3801285326480866;0;0
11238;2220;0.03470608219504356;0.746008038520813;-0.4014895856380463;0;0
11238;2221;0.03214194625616074;0.7601683735847473;-0.4161368906497955;0;0
11241;2222;0.02408545464277268;0.7820180058479309;-0.4302972257137299;0;0
11247;2223;0.008583944290876389;0.8077729344367981;-0.4589819312095642;0;0
11256;2224;0.00248011713847518;0.8303553462028503;-0.4733865261077881;0;0
11262;2225;-0.008750425651669502;0.8439057469367981;-0.4779033362865448;0;0
11262;2226;-0.02657179534435272;0.8501309752464294;-0.4903537034988403;0;0
11267;2227;-0.04781149327754974;0.8548904657363892;-0.4945033192634583;0;0
11271;2228;-0.06978247314691544;0.8697836399078369;-0.4879125058650971;0;0
11275;2229;-0.1056710407137871;0.8972485065460205;-0.4774147868156433;0;0
11280;2230;-0.1470504105091095;0.931548535823822;-0.4580063819885254;0;0
11285;2231;-0.1867229491472244;0.9742721915245056;-0.4393292665481567;0;0
11290;2232;-0.2163847833871841;1.020901203155518;-0.4143071472644806;0;0
11298;2233;-0.2320092022418976;1.065821766853333;-0.3903819620609283;0;0
11304;2234;-0.2438496649265289;1.094627857208252;-0.370240718126297;0;0
11308;2235;-0.2605725526809692;1.103051543235779;-0.3414331078529358;0;0
11314;2236;-0.2882817387580872;1.088037014007568;-0.301394909620285;0;0
11316;2237;-0.3052489161491394;1.068384408950806;-0.2583056092262268;0;0
11320;2238;-0.30817711353302;1.053125619888306;-0.2103338539600372;0;0
11325;2239;-0.3053702712059021;1.028590440750122;-0.1663903445005417;0;0
11330;2240;-0.2969481348991394;1.004299640655518;-0.1230567544698715;0;0
11336;2241;-0.2822992503643036;0.9789103269577026;-0.08851248770952225;0;0
11341;2242;-0.2625252306461334;0.9569377899169922;-0.06263463199138641;0;0
11350;2243;-0.2506847679615021;0.9365538954734802;-0.04359187185764313;0;0
11355;2244;-0.2409198880195618;0.921904981136322;-0.02772316709160805;0;0
11360;2245;-0.2392099499702454;0.9090889692306519;-0.01722545549273491;0;0
11365;2246;-0.2377458363771439;0.8922431468963623;-0.01222165673971176;0;0
11366;2247;-0.2383557558059692;0.877595841884613;-0.00428652623668313;0;0
11371;2248;-0.2302992641925812;0.8662439584732056;-0.002822416834533215;0;0
11376;2249;-0.213455006480217;0.8534263968467712;-0.0005025582504458726;0;0
11381;2250;-0.1956336349248886;0.8392660617828369;0.01170353963971138;0;0
11387;2251;-0.1884313374757767;0.8168065547943115;0.02500966377556324;0;0
11392;2252;-0.1674359142780304;0.7987408638000488;0.02561957947909832;0;0
11408;2253;-0.142656534910202;0.7822622656822205;0.02171269431710243;0;0
11408;2254;-0.1172672212123871;0.768224835395813;0.02012566849589348;0;0
11418;2255;-0.05855348333716393;0.7641966342926025;0.006821100134402514;0;0
11419;2256;-0.05647790059447289;0.7651721835136414;-0.015882708132267;0;0
11419;2257;-0.07808323949575424;0.7576042413711548;-0.0394422635436058;0;0
11428;2258;-0.07210233062505722;0.7486935257911682;-0.06080332398414612;0;0
11429;2259;-0.06575422734022141;0.7494263648986816;-0.08411860466003418;0;0
11436;2260;-0.05305957049131393;0.7466179728507996;-0.1053583025932312;0;0
11438;2261;-0.04659010469913483;0.7414912581443787;-0.1323346346616745;0;0
11445;2262;-0.05501379072666168;0.7432011961936951;-0.170174315571785;0;0
11452;2263;-0.06331300735473633;0.746008038520813;-0.1917796581983566;0;0
11459;2264;-0.06880691647529602;0.747350811958313;-0.2187575399875641;0;0
11459;2265;-0.08992369472980499;0.7571156620979309;-0.2412170767784119;0;0
11463;2266;-0.1105534806847572;0.7735958695411682;-0.2576957046985626;0;0
11468;2267;-0.1252007931470871;0.789830207824707;-0.274174302816391;0;0
11472;2268;-0.1385069191455841;0.8058202862739563;-0.2869918942451477;0;0
11477;2269;-0.1519328504800797;0.8280370831489563;-0.2935827076435089;0;0
11482;2270;-0.1536427885293961;0.8463469743728638;-0.2882117033004761;0;0
11489;2271;-0.1449763923883438;0.8661210536956787;-0.2673391997814179;0;0
11499;2272;-0.1358214318752289;0.8860179781913757;-0.2546445429325104;0;0
11505;2273;-0.134600043296814;0.9033507704734802;-0.2487850040197372;0;0
11505;2274;-0.1409481465816498;0.922882080078125;-0.2313292771577835;0;0
11512;2275;-0.1507130265235901;0.9437546133995056;-0.2164376825094223;0;0
11518;2276;-0.157792404294014;0.9640187621116638;-0.1965407282114029;0;0
11518;2277;-0.1547412574291229;0.986112654209137;-0.1757895797491074;0;0
11523;2278;-0.1499801874160767;1.004055380821228;-0.1619964689016342;0;0
11528;2279;-0.1430221647024155;1.013943195343018;-0.1491788923740387;0;0
11533;2280;-0.1336229294538498;1.016140103340149;-0.1264750808477402;0;0
11538;2281;-0.1172672212123871;1.009914875030518;-0.1029155254364014;0;0
11549;2282;-0.09761454910039902;1.013577580451965;-0.08375141024589539;0;0
11549;2283;-0.09236491471529007;1.018092751502991;-0.06568576395511627;0;0
11554;2284;-0.08076873421669006;1.032741665840149;-0.04432470351457596;0;0
11558;2285;-0.07613057643175125;1.054956912994385;-0.02955447137355804;0;0
11563;2286;-0.06990538537502289;1.077295064926148;-0.01807964965701103;0;0
11568;2287;-0.07051530480384827;1.091211080551148;-0.01612698473036289;0;0
11573;2288;-0.07234660536050797;1.1039057970047;-0.02100942470133305;0;0
11578;2289;-0.07100385427474976;1.10659122467041;-0.02882163785398006;0;0
11583;2290;-0.07198096811771393;1.107201218605042;-0.03846515342593193;0;0
11591;2291;-0.07014966011047363;1.105981349945068;-0.05274683237075806;0;0
11596;2292;-0.06355728209018707;1.105369925498962;-0.06837125867605209;0;0
11601;2293;-0.05647790059447289;1.105858445167542;-0.09290637075901032;0;0
11606;2294;-0.04695729911327362;1.115623354911804;-0.1148789077997208;0;0
11609;2295;-0.03755806013941765;1.134056091308594;-0.1325789093971252;0;0
11614;2296;-0.03450537100434303;1.157248497009277;-0.1672445386648178;0;0
11619;2297;-0.03609239682555199;1.190084338188171;-0.1959308087825775;0;0
11624;2298;-0.02364202030003071;1.234516501426697;-0.2211987525224686;0;0
11629;2299;-0.01070309057831764;1.276140093803406;-0.2409727871417999;0;0
11636;2300;0.01102516334503889;1.307267546653748;-0.2675834894180298;0;0
11645;2301;0.04093126952648163;1.315812587738037;-0.2955369353294373;0;0
11646;2302;0.07474270462989807;1.298356890678406;-0.3226346075534821;0;0
11655;2303;0.1080671399831772;1.256121754646301;-0.3470483720302582;0;0
11655;2304;0.1334564387798309;1.199116468429565;-0.3737804293632507;0;0
11659;2305;0.1496907919645309;1.140525579452515;-0.4002681970596314;0;0
11664;2306;0.155794620513916;1.085107326507568;-0.4284659326076508;0;0
11669;2307;0.1423671245574951;1.044459223747253;-0.4417720437049866;0;0
11674;2308;0.1153907999396324;1.024440884590149;-0.4512926340103149;0;0
11680;2309;0.07120301574468613;1.021511077880859;-0.4549537003040314;0;0
11688;2310;0.0149304922670126;1.01833701133728;-0.4494613409042358;0;0
11693;2311;-0.02937865257263184;1.009060740470886;-0.4268788993358612;0;0
11699;2312;-0.05757637321949005;0.9913607239723206;-0.390503317117691;0;0
11703;2313;-0.07698477059602737;0.9652385711669922;-0.3522964417934418;0;0
11705;2314;-0.1033511832356453;0.938506543636322;-0.3188506364822388;0;0
11710;2315;-0.1230038553476334;0.9037179946899414;-0.2899216413497925;0;0
11715;2316;-0.1178771406412125;0.8727133870124817;-0.2627010345458984;0;0
11720;2317;-0.1210511922836304;0.8495194911956787;-0.2410941570997238;0;0
11727;2318;-0.1457076668739319;0.8314538598060608;-0.230840727686882;0;0
11731;2319;-0.1603565365076065;0.8180279135704041;-0.2266911119222641;0;0
11740;2320;-0.1675572842359543;0.8054546117782593;-0.2222972363233566;0;0
11745;2321;-0.1687786728143692;0.8044775128364563;-0.2235170602798462;0;0
11751;2322;-0.1743939369916916;0.8061874508857727;-0.2253483682870865;0;0
11751;2323;-0.1944122463464737;0.8124126195907593;-0.2294979691505432;0;0
11756;2324;-0.2151633948087692;0.821200430393219;-0.2478078901767731;0;0
11761;2325;-0.2367687225341797;0.8319423794746399;-0.2739300429821014;0;0
11766;2326;-0.2667977511882782;0.8432943224906921;-0.2967567443847656;0;0
11771;2327;-0.3007321059703827;0.8489095568656921;-0.3267857730388641;0;0
11776;2328;-0.3335679769515991;0.8482996821403503;-0.3496109545230866;0;0
11782;2329;-0.3688450753688812;0.8508622646331787;-0.3720720410346985;0;0
11789;2330;-0.4007038474082947;0.8572103381156921;-0.3879407346248627;0;0
11800;2331;-0.4238962233066559;0.8598958253860474;-0.3864750862121582;0;0
11800;2332;-0.4309755861759186;0.8681966066360474;-0.3859865069389343;0;0
11805;2333;-0.4273145496845245;0.8714920282363892;-0.3761002719402313;0;0
11807;2334;-0.4227977395057678;0.8699049949645996;-0.3569361567497253;0;0
11811;2335;-0.4262160658836365;0.8753989338874817;-0.3339865207672119;0;0
11816;2336;-0.4412290453910828;0.8879706263542175;-0.2948040962219238;0;0
11822;2337;-0.4285343885421753;0.8996897339820862;-0.2384102195501328;0;0
11830;2338;-0.392281711101532;0.9126286506652832;-0.202644556760788;0;0
11833;2339;-0.3704321086406708;0.9238576889038086;-0.1886071562767029;0;0
11843;2340;-0.3530977368354797;0.9360653162002564;-0.1655361503362656;0;0
11853;2341;-0.3546847701072693;0.9386278986930847;-0.1453949213027954;0;0
11853;2342;-0.3739717900753021;0.943144679069519;-0.1267193704843521;0;0
11853;2343;-0.4000939428806305;0.9442431926727295;-0.1104850172996521;0;0
11861;2344;-0.3939900994300842;0.9458301663398743;-0.08741401880979538;0;0
11871;2345;-0.380441278219223;0.9464401006698608;-0.07215522974729538;0;0
11871;2346;-0.3712863028049469;0.9450973868370056;-0.0649544894695282;0;0
11873;2347;-0.3515107035636902;0.9403378367424011;-0.06568576395511627;0;0
11878;2348;-0.3447969853878021;0.9338683485984802;-0.0849727988243103;0;0
11889;2349;-0.3247786462306976;0.9239805936813355;-0.1118277683854103;0;0
11890;2350;-0.2858405113220215;0.9105530977249146;-0.1313575208187103;0;0
11897;2351;-0.2465351670980454;0.9015210270881653;-0.1385598182678223;0;0
11903;2352;-0.1967321038246155;0.8989568948745728;-0.1477147787809372;0;0
11903;2353;-0.1414351463317871;0.9541309475898743;-0.180183470249176;0;0
11909;2354;-0.09358630329370499;1.045313358306885;-0.2570857703685761;0;0
11913;2355;-0.02852446027100086;1.115013360977173;-0.3276399672031403;0;0
11918;2356;0.01895873807370663;1.125145435333252;-0.3421659171581268;0;0
11923;2357;0.04251829534769058;1.119407296180725;-0.3630384206771851;0;0
11934;2358;0.06131521984934807;1.101464509963989;-0.3814712762832642;0;0
11934;2359;0.07181292772293091;1.067651510238648;-0.375488817691803;0;0
11939;2360;0.08499613404273987;1.021999716758728;-0.3557147681713104;0;0
11944;2361;0.07816103100776672;0.9764691591262817;-0.2823537290096283;0;0
11949;2362;0.1006205677986145;0.9562065601348877;-0.2093583047389984;0;0
11953;2363;0.1041602566838265;0.9088447093963623;-0.1917796581983566;0;0
11958;2364;0.07242440432310104;0.8536706566810608;-0.1561369150876999;0;0
11963;2365;0.04263965785503388;0.8241301774978638;-0.09644605964422226;0;0
11969;2366;0.02567248046398163;0.8031347393989563;-0.03822087869048119;0;0
11974;2367;0.01590760238468647;0.800937831401825;0.01878292113542557;0;0
11992;2368;-0.01680691726505756;0.8044775128364563;0.06614475697278976;0;0
11992;2369;-0.05818628892302513;0.8000836372375488;0.1032531633973122;0;0
11992;2370;-0.08662828803062439;0.8033790588378906;0.1399943679571152;0;0
12002;2371;-0.127397745847702;0.8030133843421936;0.178812712430954;0;0
12002;2372;-0.1807404905557632;0.7970324754714966;0.2118913233280182;0;0
12012;2373;-0.2675305902957916;0.7812851667404175;0.2647470533847809;0;0
12012;2374;-0.3527320921421051;0.7793324589729309;0.3343241512775421;0;0
12020;2375;-0.4137641489505768;0.7934912443161011;0.4021928608417511;0;0
12020;2376;-0.471135139465332;0.8036233186721802;0.4716485738754273;0;0
12025;2377;-0.5158115029335022;0.8014263510704041;0.5164462924003601;0;0
12030;2378;-0.5271649360656738;0.789830207824707;0.5794325470924377;0;0
12036;2379;-0.501652717590332;0.76028972864151;0.6620714664459229;0;0
12042;2380;-0.4579534828662872;0.7389286756515503;0.7016211152076721;0;0
12047;2381;-0.3419901132583618;0.7240370512008667;0.6671981811523438;0;0
12051;2382;-0.219435915350914;0.7239141464233398;0.5957897901535034;0;0
12054;2383;-0.1359427869319916;0.7355103492736816;0.5287752747535706;0;0
12060;2384;-0.1024969890713692;0.7432011961936951;0.4571226239204407;0;0
12064;2385;-0.1176328584551811;0.7518675923347473;0.3816860020160675;0;0
12069;2386;-0.1280092149972916;0.7688347697257996;0.3049066066741943;0;0
12075;2387;-0.1222710236907005;0.7944683432579041;0.2297142446041107;0;0
12080;2388;-0.1335015594959259;0.8091156482696533;0.1758829355239868;0;0
12085;2389;-0.1541313529014587;0.816196620464325;0.1397516429424286;0;0
12090;2390;-0.1649947017431259;0.8166851401329041;0.1183890327811241;0;0
12095;2391;-0.1491259932518005;0.8202248811721802;0.0988592728972435;0;0
12100;2392;-0.1430221647024155;0.8126569390296936;0.088727205991745;0;0
12105;2393;-0.1438763588666916;0.8026462197303772;0.07725238054990768;0;0
12110;2394;-0.134355753660202;0.7998393774032593;0.05869973823428154;0;0
12115;2395;-0.1342343986034393;0.8019149303436279;0.04441805928945541;0;0
12120;2396;-0.1504687368869782;0.7984966039657593;0.03355315327644348;0;0
12128;2397;-0.1654832512140274;0.806553065776825;0.01499895192682743;0;0
12133;2398;-0.1837931722402573;0.8190034627914429;0.008652403950691223;0;0
12137;2399;-0.2017359137535095;0.8429286479949951;0.006332545075565577;0;0
12142;2400;-0.2084496468305588;0.8691721558570862;0.001694383681751788;0;0
12146;2401;-0.2097924053668976;0.8911446928977966;0.002427216386422515;0;0
12150;2402;-0.20747409760952;0.9122614860534668;0.002427216386422515;0;0
12155;2403;-0.2039328515529633;0.9282531142234802;0.01084934547543526;0;0
12160;2404;-0.1870885938405991;0.9427790641784668;0.01097070705145598;0;0
12165;2405;-0.1663374453783035;0.9502241015434265;0.00279285479336977;0;0
12176;2406;-0.1413137763738632;0.9530324935913086;-0.007339217700064182;0;0
12177;2407;-0.1145817264914513;0.9492484927177429;-0.01551706995815039;0;0
12187;2408;-0.09798018634319305;0.9493699073791504;-0.02345064468681812;0;0
12188;2409;-0.08430842310190201;0.9529095888137817;-0.02296364493668079;0;0
12193;2410;-0.06526722759008408;0.9709752202033997;-0.01478423643857241;0;0
12196;2411;-0.04830005019903183;1.012234807014465;-0.005263636354357004;0;0
12201;2412;-0.02876873686909676;1.078393578529358;0.01756308786571026;0;0
12206;2413;-0.00350079289637506;1.173482894897461;0.06345926225185394;0;0
12211;2414;0.0181045439094305;1.301042437553406;0.1574500948190689;0;0
12216;2415;0.02396409399807453;1.457775235176086;0.413300484418869;0;0
12221;2416;-0.0186366643756628;1.576178312301636;0.9531989693641663;0;0
12232;2417;-0.1239809617400169;1.566901922225952;1.213320374488831;0;0
12237;2418;-0.1791534572839737;1.412366032600403;1.081855416297913;0;0
12241;2419;-0.159867987036705;1.23573625087738;0.819902777671814;0;0
12241;2420;-0.147538959980011;1.141624093055725;0.5860233902931213;0;0
12247;2421;-0.158769503235817;1.115501999855042;0.3818073570728302;0;0
12251;2422;-0.2204130291938782;1.120018720626831;0.271582156419754;0;0
12257;2423;-0.3059801757335663;1.120384335517883;0.226172998547554;0;0
12262;2424;-0.3849580585956574;1.107324123382568;0.1968783587217331;0;0
12267;2425;-0.4424504041671753;1.093529462814331;0.1569615453481674;0;0
12276;2426;-0.4791916310787201;1.066308856010437;0.09861499816179276;0;0
12281;2427;-0.487371027469635;1.026027917861939;0.02635085582733154;0;0
12286;2428;-0.4909107387065888;0.9807416796684265;-0.04591172933578491;0;0
12290;2429;-0.4728450775146484;0.9354553818702698;-0.1219582855701447;0;0
12292;2430;-0.4225534796714783;0.8921217918395996;-0.2163147628307343;0;0
12297;2431;-0.3551733195781708;0.8713706731796265;-0.3393575251102448;0;0
12302;2432;-0.3056145310401917;0.8649011850357056;-0.4761933982372284;0;0
12307;2433;-0.2672863006591797;0.8596515655517578;-0.6038743257522583;0;0
12312;2434;-0.2539801895618439;0.8454927802085877;-0.6938369274139404;0;0
12322;2435;-0.2443366646766663;0.8182706236839294;-0.766101062297821;0;0
12327;2436;-0.2384786754846573;0.7784782648086548;-0.8073590397834778;0;0
12332;2437;-0.2217557728290558;0.7256225347518921;-0.8082132339477539;0;0
12333;2438;-0.1883084177970886;0.6857072710990906;-0.7845323085784912;0;0
12338;2439;-0.167801558971405;0.6538485288619995;-0.7429086565971375;0;0
12342;2440;-0.1920923888683319;0.6247966289520264;-0.686757504940033;0;0
12348;2441;-0.2439710199832916;0.6158859133720398;-0.6385415196418762;0;0
12353;2442;-0.2916985154151917;0.6395668387413025;-0.5883728265762329;0;0
12358;2443;-0.3124496340751648;0.6943736672401428;-0.5212369561195374;0;0
12363;2444;-0.3198962211608887;0.7639523148536682;-0.4497056305408478;0;0
12372;2445;-0.3321023285388947;0.8282813429832459;-0.365358293056488;0;0
12376;2446;-0.3349107205867767;0.8797928094863892;-0.2830849885940552;0;0
12381;2447;-0.3185534775257111;0.9143370389938355;-0.1992262303829193;0;0
12386;2448;-0.2971924245357513;0.9425348043441773;-0.1392926573753357;0;0
12388;2449;-0.2718015611171722;0.970853865146637;-0.1008414998650551;0;0
12393;2450;-0.2436053901910782;0.984769880771637;-0.08350713551044464;0;0
12398;2451;-0.2372572869062424;0.9826943278312683;-0.07349798083305359;0;0
12403;2452;-0.2436053901910782;0.9746378064155579;-0.06580868363380432;0;0
12408;2453;-0.2619153261184692;0.9686568975448608;-0.06519720703363419;0;0
12413;2454;-0.2758297920227051;0.9654828906059265;-0.06178043410181999;0;0
12420;2455;-0.2777840197086334;0.9610889554023743;-0.06178043410181999;0;0
12426;2456;-0.2769282758235931;0.9563279151916504;-0.05762927234172821;0;0
12430;2457;-0.2788824737071991;0.9432675838470459;-0.05555524677038193;0;0
12434;2458;-0.2886473536491394;0.9198309779167175;-0.05787355080246925;0;0
12439;2459;-0.3004878163337708;0.898347020149231;-0.05677507817745209;0;0
12444;2460;-0.3019519448280335;0.8861393332481384;-0.06397737562656403;0;0
12449;2461;-0.2936527132987976;0.8791828751564026;-0.06751706451177597;0;0
12454;2462;-0.2842534780502319;0.8638011813163757;-0.0682499036192894;0;0
12459;2463;-0.2875488996505737;0.8547691106796265;-0.06617432087659836;0;0
12466;2464;-0.3017076551914215;0.8412202596664429;-0.06397737562656403;0;0
12475;2465;-0.3091542422771454;0.8318210244178772;-0.0632445439696312;0;0
12481;2466;-0.3103756308555603;0.8252286314964294;-0.06422165781259537;0;0
12481;2467;-0.304516077041626;0.8301110863685608;-0.0697140097618103;0;0
12485;2468;-0.2943840026855469;0.8432943224906921;-0.0678827092051506;0;0
12489;2469;-0.2824221849441528;0.8432943224906921;-0.06275598704814911;0;0
12494;2470;-0.2689946889877319;0.8398775458335877;-0.06116896495223045;0;0
12499;2471;-0.2460466027259827;0.8429286479949951;-0.06031477078795433;0;0
12504;2472;-0.2151633948087692;0.8417072892189026;-0.06666287779808044;0;0
12515;2473;-0.1885526925325394;0.8419515490531921;-0.06885981559753418;0;0
12516;2474;-0.1680458337068558;0.8435385823249817;-0.07789342105388641;0;0
12520;2475;-0.139605388045311;0.8399989008903503;-0.08350713551044464;0;0
12525;2476;-0.1112847551703453;0.8391447067260742;-0.08533843606710434;0;0
12553;2477;-0.08235576003789902;0.8356050252914429;-0.08594835549592972;0;0
12553;2478;-0.06782980263233185;0.8301110863685608;-0.08741401880979538;0;0
12553;2479;-0.05025271326303482;0.8276698589324951;-0.0915636271238327;0;0
12554;2480;-0.0407305583357811;0.813876748085022;-0.09351784735918045;0;0
12554;2481;-0.01131300628185272;0.8042332530021668;-0.09962011873722076;0;0
12558;2482;-0.009604619815945625;0.7972752451896668;-0.09534759074449539;0;0
12562;2483;-0.02034660801291466;0.7834820747375488;-0.0966903418302536;0;0
12567;2484;-0.032308429479599;0.7710317373275757;-0.1070666909217835;0;0
12591;2485;-0.04048783704638481;0.7693233489990234;-0.1084094420075417;0;0
12593;2486;-0.04012064263224602;0.7743271589279175;-0.1098735481500626;0;0
12593;2487;-0.03047712333500385;0.7799423933029175;-0.1125590428709984;0;0
12593;2488;-0.02644887752830982;0.7877545952796936;-0.1131705194711685;0;0
12593;2489;-0.02010232955217362;0.7944683432579041;-0.1184185966849327;0;0
12598;2490;-0.01973669230937958;0.8016706705093384;-0.1252536922693253;0;0
12602;2491;-0.02876873686909676;0.8193706870079041;-0.1423437893390656;0;0
12607;2492;-0.05135118588805199;0.8319423794746399;-0.1525972187519074;0;0
12612;2493;-0.06782980263233185;0.8476897478103638;-0.1655361503362656;0;0
12619;2494;-0.08272139728069305;0.8634355068206787;-0.1805506646633148;0;0
12621;2495;-0.09614888578653336;0.881745457649231;-0.1937338709831238;0;0
12626;2496;-0.1128717809915543;0.9018867015838623;-0.1976391971111298;0;0
12631;2497;-0.1309374272823334;0.9227591753005981;-0.1950766146183014;0;0
12638;2498;-0.145586296916008;0.9437546133995056;-0.1870201230049133;0;0
12643;2499;-0.1541313529014587;0.9599905014038086;-0.1739582866430283;0;0
12647;2500;-0.149614542722702;0.9822057485580444;-0.1540613323450089;0;0
12651;2501;-0.1437550038099289;1.004299640655518;-0.1340430229902268;0;0
12659;2502;-0.1394824832677841;1.017971396446228;-0.1259865313768387;0;0
12662;2503;-0.1309374272823334;1.041042447090149;-0.1140247136354446;0;0
12667;2504;-0.1233694925904274;1.05288290977478;-0.1045025512576103;0;0
12671;2505;-0.1134832575917244;1.059962272644043;-0.09791173040866852;0;0
12679;2506;-0.09676035493612289;1.063746213912964;-0.08948960155248642;0;0
12683;2507;-0.07613057643175125;1.057765364646912;-0.0832628533244133;0;0
12688;2508;-0.05891912057995796;1.049953103065491;-0.08240865916013718;0;0
12694;2509;-0.04317333176732063;1.030787467956543;-0.08704838156700134;0;0
12697;2510;-0.02681607194244862;1.020046949386597;-0.09302929043769836;0;0
12703;2511;-0.01265575457364321;1.014920234680176;-0.09827736765146256;0;0
12708;2512;0.005654169246554375;1.004055380821228;-0.1036483645439148;0;0
12714;2513;0.01871445961296558;0.9940462112426758;-0.1198827028274536;0;0
12719;2514;0.02359689958393574;0.9826943278312683;-0.127817839384079;0;0
12724;2515;0.03702438622713089;0.9783004522323608;-0.1366071552038193;0;0
12729;2516;0.0467892624437809;0.9759805798530579;-0.15308578312397;0;0
12733;2517;0.05801980569958687;0.9812286496162415;-0.1679773777723312;0;0
12740;2518;0.06766331940889359;0.9952676296234131;-0.1743254810571671;0;0
12745;2519;0.07266867905855179;1.030544757843018;-0.1899498999118805;0;0
12747;2520;0.06949462741613388;1.085230231285095;-0.2074040770530701;0;0
12752;2521;0.06509918719530106;1.149680614471436;-0.2262025624513626;0;0
12758;2522;0.05838700011372566;1.218769073486328;-0.2474422603845596;0;0
12765;2523;0.05740988999605179;1.287493586540222;-0.2721002995967865;0;0
12770;2524;0.0569213330745697;1.348037004470825;-0.2972453236579895;0;0
12775;2525;0.06448926776647568;1.383681297302246;-0.3204376697540283;0;0
12778;2526;0.07169156521558762;1.383558392524719;-0.343020111322403;0;0
12783;2527;0.07108165323734283;1.341323256492615;-0.3696308135986328;0;0
12790;2528;0.05740988999605179;1.272844672203064;-0.3912361562252045;0;0
12795;2529;0.03385033085942268;1.203877568244934;-0.4045407176017761;0;0
12798;2530;0.01395493838936091;1.153098940849304;-0.4113773703575134;0;0
12804;2531;-0.007529038470238447;1.115380644798279;-0.4095460772514343;0;0
12811;2532;-0.03328553959727287;1.097801923751831;-0.3936773836612701;0;0
12817;2533;-0.062826007604599;1.088037014007568;-0.370240718126297;0;0
12821;2534;-0.1023740693926811;1.068263053894043;-0.3447284996509552;0;0
12823;2535;-0.1367969810962677;1.041529417037964;-0.3254430294036865;0;0
12829;2536;-0.1599893420934677;1.011136293411255;-0.3031048774719238;0;0
12836;2537;-0.1753694862127304;0.9829385876655579;-0.2802781462669373;0;0
12841;2538;-0.1859901249408722;0.955595076084137;-0.2647750675678253;0;0
12844;2539;-0.1918496638536453;0.937529444694519;-0.2528132498264313;0;0
12849;2540;-0.1913611143827438;0.9248347878456116;-0.2458552271127701;0;0
12857;2541;-0.1963649094104767;0.9192194938659668;-0.2465880662202835;0;0
12862;2542;-0.1989290565252304;0.9127500057220459;-0.2489063739776611;0;0
12864;2543;-0.1991733312606812;0.905305027961731;-0.2535460889339447;0;0
12870;2544;-0.1959992796182632;0.9023752212524414;-0.255254477262497;0;0
12874;2545;-0.200271800160408;0.8928530812263489;-0.2578186094760895;0;0
12881;2546;-0.2047885954380035;0.8862622380256653;-0.2650193572044373;0;0
12886;2547;-0.2158962190151215;0.8824782967567444;-0.2714888155460358;0;0
12889;2548;-0.2410412579774857;0.884553849697113;-0.2749071419239044;0;0
12894;2549;-0.2698488831520081;0.8907790780067444;-0.2763712406158447;0;0
12901;2550;-0.3019519448280335;0.8899233341217041;-0.2757613360881805;0;0
12904;2551;-0.348825216293335;0.8950515985488892;-0.276494175195694;0;0
12909;2552;-0.3847137987613678;0.8982240557670593;-0.2707575261592865;0;0
12914;2553;-0.4080274999141693;0.9038393497467041;-0.2595269978046417;0;0
12923;2554;-0.446967214345932;0.9013981223106384;-0.252934604883194;0;0
12927;2555;-0.4755305647850037;0.8990782499313355;-0.2428040951490402;0;0
12932;2556;-0.5039710402488709;0.897004246711731;-0.2229071408510208;0;0
12936;2557;-0.5163000226020813;0.8935859203338623;-0.2099682092666626;0;0
12940;2558;-0.5155671834945679;0.8932203054428101;-0.1917796581983566;0;0
12948;2559;-0.5067794322967529;0.8889477252960205;-0.174202561378479;0;0
12950;2560;-0.4921305477619171;0.9012767672538757;-0.1477147787809372;0;0
12955;2561;-0.4838313460350037;0.917266845703125;-0.1170758455991745;0;0
12963;2562;-0.4834641516208649;0.931548535823822;-0.09632470458745956;0;0
12968;2563;-0.4707694947719574;0.9430233240127564;-0.06751706451177597;0;0
12972;2564;-0.4395206570625305;0.9492484927177429;-0.04481326043605804;0;0
12977;2565;-0.4022908806800842;0.9466843605041504;-0.02516058646142483;0;0
12981;2566;-0.3670137822628021;0.9436332583427429;-0.01734837330877781;0;0
12990;2567;-0.3415015637874603;0.9324027299880981;-0.01710409484803677;0;0
12991;2568;-0.3198962211608887;0.9115301966667175;-0.02772316709160805;0;0
12996;2569;-0.3026847541332245;0.8929759860038757;-0.04261631891131401;0;0
13001;2570;-0.2689946889877319;0.9077462553977966;-0.05897201970219612;0;0
13007;2571;-0.2202901095151901;0.9564492702484131;-0.1148789077997208;0;0
13013;2572;-0.1853802055120468;0.9939248561859131;-0.1853101849555969;0;0
13019;2573;-0.1468061357736588;0.9776889681816101;-0.2078926414251328;0;0
13024;2574;-0.1068908721208572;0.944121778011322;-0.2226628661155701;0;0
13029;2575;-0.04964279755949974;0.9264218211174011;-0.239751398563385;0;0
13031;2576;-0.004599263891577721;0.9118958115577698;-0.2413384318351746;0;0
13039;2577;-0.007773315999656916;0.8840653300285339;-0.229742243885994;0;0
13041;2578;-0.0508626289665699;0.8331637978553772;-0.206549882888794;0;0
13046;2579;-0.1222710236907005;0.7873889803886414;-0.1743254810571671;0;0
13051;2580;-0.1931924223899841;0.7458866834640503;-0.1069437712430954;0;0
13056;2581;-0.2381114810705185;0.7079240679740906;-0.01539570838212967;0;0
13062;2582;-0.236647367477417;0.6885157227516174;0.03550582006573677;0;0
13068;2583;-0.2222427725791931;0.6770408749580383;0.09470811486244202;0;0
13072;2584;-0.2171160578727722;0.6783836483955383;0.1467081159353256;0;0
13077;2585;-0.1876985132694244;0.692421019077301;0.1841821521520615;0;0
13082;2586;-0.1503458321094513;0.7098767757415772;0.2231218665838242;0;0
13087;2587;-0.1227595806121826;0.7287966012954712;0.2533935904502869;0;0
13092;2588;-0.1230038553476334;0.7308721542358398;0.2679195702075958;0;0
13102;2589;-0.1347213983535767;0.7286752462387085;0.2878165245056152;0;0
13108;2590;-0.1542527079582214;0.7307507991790772;0.302952378988266;0;0
13108;2591;-0.1822061538696289;0.737707257270813;0.3211409449577332;0;0
13113;2592;-0.2235855162143707;0.7385630607604981;0.3439676761627197;0;0
13117;2593;-0.2696046233177185;0.7319706678390503;0.3694783449172974;0;0
13124;2594;-0.2963382303714752;0.725745439529419;0.3825401961803436;0;0
13128;2595;-0.3102526962757111;0.7168347835540772;0.3909623026847839;0;0
13133;2596;-0.3109855353832245;0.7054829001426697;0.3912065923213959;0;0
13137;2597;-0.3020748496055603;0.7038958668708801;0.385835587978363;0;0
13142;2598;-0.2851076722145081;0.7062141299247742;0.3844928443431854;0;0
13149;2599;-0.2718015611171722;0.7121965885162354;0.3780233860015869;0;0
13154;2600;-0.2693603336811066;0.7233042716979981;0.3682585060596466;0;0
13158;2601;-0.2711916267871857;0.7411255836486816;0.3527554273605347;0;0
13162;2602;-0.2584969699382782;0.7645622491836548;0.3392066061496735;0;0
13170;2603;-0.246656522154808;0.7914172410964966;0.3238264322280884;0;0
13174;2604;-0.2316420078277588;0.8143653273582459;0.3020981848239899;0;0
13179;2605;-0.2222427725791931;0.8323096036911011;0.2822012305259705;0;0
13183;2606;-0.2189473658800125;0.8435385823249817;0.2632814049720764;0;0
13188;2607;-0.2005160748958588;0.8515950441360474;0.2397233992815018;0;0
13196;2608;-0.1851359307765961;0.8528164625167847;0.2167737632989883;0;0
13201;2609;-0.167801558971405;0.8496423959732056;0.1993195861577988;0;0
13203;2610;-0.1311817020177841;0.8442714214324951;0.1750271916389465;0;0
13208;2611;-0.09224355965852737;0.835482120513916;0.1546432375907898;0;0
13216;2612;-0.05879775807261467;0.829135537147522;0.138408899307251;0;0
13220;2613;-0.0356038399040699;0.826815664768219;0.1253470480442047;0;0
13226;2614;-0.008261870592832565;0.8290126323699951;0.1072814092040062;0;0
13230;2615;0.01664043590426445;0.8443927764892578;0.08994859457015991;0;0
13233;2616;0.03470608219504356;0.8645340204238892;0.06065240129828453;0;0
13241;2617;0.03348469361662865;0.8868721723556519;0.02854935452342033;0;0
13243;2618;0.02652667462825775;0.9170225858688355;-0.01136746350675821;0;0
13248;2619;0.01334346644580364;0.9461958408355713;-0.04884150624275208;0;0
13254;2620;-0.01106872875243425;0.9647500514984131;-0.07410789281129837;0;0
13258;2621;-0.04817713052034378;0.9699996709823608;-0.09229645878076553;0;0
13266;2622;-0.07710768282413483;0.9678027033805847;-0.09559187293052673;0;0
13271;2623;-0.07649621367454529;0.9702439308166504;-0.08948960155248642;0;0
13274;2624;-0.07991454005241394;0.9772019386291504;-0.07728194445371628;0;0
13279;2625;-0.1037168204784393;0.9872111082077026;-0.05347966775298119;0;0
13284;2626;-0.1421679705381393;0.9992958307266235;-0.01405296009033918;0;0
13289;2627;-0.1814733147621155;1.01565158367157;0.04978905245661736;0;0
13294;2628;-0.2143092006444931;1.040919542312622;0.1554974317550659;0;0
13299;2629;-0.2545916438102722;1.042385220527649;0.3638646304607391;0;0
13308;2630;-0.3098870515823364;1.023831009864807;0.6756203174591065;0;0
13312;2631;-0.3385717868804932;0.9940462112426758;0.869705855846405;0;0
13314;2632;-0.3126939237117767;0.9618202447891235;0.9019302725791931;0;0
13319;2633;-0.2647221684455872;0.9505912661552429;0.8506630659103394;0;0
13327;2634;-0.2202901095151901;0.9896523356437683;0.7831600308418274;0;0
13331;2635;-0.1999046057462692;1.072778224945068;0.7207852005958557;0;0
13334;2636;-0.2028343826532364;1.186421751976013;0.6614600419998169;0;0
13339;2637;-0.2086939215660095;1.306290507316589;0.6076302528381348;0;0
13348;2638;-0.2239527106285095;1.403578281402588;0.5716203451156616;0;0
13353;2639;-0.2401870638132095;1.441296577453613;0.5555073618888855;0;0
13358;2640;-0.2724130153656006;1.412366032600403;0.5279210805892944;0;0
13360;2641;-0.3150137960910797;1.330459952354431;0.4504088759422302;0;0
13365;2642;-0.3642053604125977;1.23732328414917;0.3461646139621735;0;0
13372;2643;-0.4082717895507813;1.165793538093567;0.243384450674057;0;0
13377;2644;-0.4141313433647156;1.134910345077515;0.1415814012289047;0;0
13380;2645;-0.4093702733516693;1.132957696914673;0.06150659546256065;0;0
13385;2646;-0.4032679796218872;1.143211126327515;0.01158217806369066;0;0
13393;2647;-0.4052206575870514;1.142112612724304;-0.02699189074337483;0;0
13398;2648;-0.4146198928356171;1.142601251602173;-0.06776134669780731;0;0
13401;2649;-0.4230420291423798;1.140525579452515;-0.1198827028274536;0;0
13406;2650;-0.4252389669418335;1.130516409873962;-0.1821376979351044;0;0
13414;2651;-0.4042435586452484;1.11354923248291;-0.2251040935516357;0;0
13418;2652;-0.364084005355835;1.078027963638306;-0.2335262149572372;0;0
13422;2653;-0.315379410982132;1.030056118965149;-0.2264468371868134;0;0
13427;2654;-0.2636237144470215;0.9918493032455444;-0.2334048599004746;0;0
13431;2655;-0.2163847833871841;0.9586477875709534;-0.2445124834775925;0;0
13439;2656;-0.1840374618768692;0.9298401474952698;-0.2548888325691223;0;0
13441;2657;-0.1623091995716095;0.9059149026870728;-0.2685590386390686;0;0
13446;2658;-0.142656534910202;0.8780844211578369;-0.2805224061012268;0;0
13451;2659;-0.1361870616674423;0.8479340076446533;-0.3042033314704895;0;0
13456;2660;-0.1331359297037125;0.8254729509353638;-0.3410674631595612;0;0
13463;2661;-0.1376511752605438;0.7998393774032593;-0.376465916633606;0;0
13468;2662;-0.1485160738229752;0.77554851770401;-0.3991697430610657;0;0
13473;2663;-0.1660931706428528;0.7511347532272339;-0.4223620891571045;0;0
13477;2664;-0.1905069202184677;0.731726348400116;-0.4421376883983612;0;0
13484;2665;-0.2080840170383453;0.7207400798797607;-0.4432361423969269;0;0
13486;2666;-0.2161405086517334;0.7174447178840637;-0.4475086629390717;0;0
13492;2667;-0.2246840000152588;0.7231813073158264;-0.450315535068512;0;0
13499;2668;-0.2398214191198349;0.7324591875076294;-0.4412834942340851;0;0
13504;2669;-0.2472664415836334;0.7425897121429443;-0.4238277673721314;0;0
13509;2670;-0.2377458363771439;0.752966046333313;-0.3879407346248627;0;0
13513;2671;-0.2166290581226349;0.7713973522186279;-0.3349636197090149;0;0
13517;2672;-0.2013702690601349;0.8041118979454041;-0.2963911294937134;0;0
13522;2673;-0.2121122628450394;0.8384118676185608;-0.2910201251506805;0;0
13527;2674;-0.2371359169483185;0.8601401448249817;-0.2777140140533447;0;0
13532;2675;-0.2689946889877319;0.8732004165649414;-0.2531788945198059;0;0
13537;2676;-0.283276379108429;0.8999339938163757;-0.2376773804426193;0;0
13542;2677;-0.2941397130489349;0.9204409122467041;-0.2249827235937119;0;0
13550;2678;-0.3142809569835663;0.9254446625709534;-0.2096025794744492;0;0
13554;2679;-0.3351550102233887;0.9358210563659668;-0.1895827054977417;0;0
13557;2680;-0.3530977368354797;0.9427790641784668;-0.1707842350006104;0;0
13562;2681;-0.3609099388122559;0.9461958408355713;-0.1483246982097626;0;0
13569;2682;-0.3587130010128021;0.9490042328834534;-0.1250094175338745;0;0
13574;2683;-0.3462626338005066;0.9585248231887817;-0.1088979914784432;0;0
13577;2684;-0.308421403169632;0.9687782526016235;-0.09827736765146256;0;0
13582;2685;-0.2801023125648499;0.9769576787948608;-0.07886897027492523;0;0
13591;2686;-0.2818122506141663;0.9775676131248474;-0.06287890672683716;0;0
13597;2687;-0.2873046100139618;0.9731737375259399;-0.04920714348554611;0;0
13602;2688;-0.2841305732727051;0.9613332748413086;-0.03358271718025208;0;0
13603;2689;-0.2733885645866394;0.9512012004852295;-0.01881248317658901;0;0
13608;2690;-0.2598397433757782;0.9416806101799011;-0.01258729491382837;0;0
13615;2691;-0.2389656752347946;0.9305713772773743;-0.003920888062566519;0;0
13620;2692;-0.2155290246009827;0.9154355525970459;0.00975087471306324;0;0
13623;2693;-0.1944122463464737;0.8981027007102966;0.02207988873124123;0;0
13628;2694;-0.1680458337068558;0.8893133997917175;0.03111193515360355;0;0
13636;2695;-0.1336229294538498;0.873444676399231;0.03013638034462929;0;0
13642;2696;-0.1110420376062393;0.8518393635749817;0.02635085582733154;0;0
13645;2697;-0.09151072055101395;0.832796573638916;0.02268980443477631;0;0
13650;2698;-0.0708809420466423;0.8108256459236145;0.02830507606267929;0;0
13653;2699;-0.06319164484739304;0.7910500168800354;0.03453026339411736;0;0
13661;2700;-0.05196110159158707;0.7785996794700623;0.03538445755839348;0;0
13666;2701;-0.03487256541848183;0.7722530961036682;0.04014553502202034;0;0
13670;2702;-0.02608324028551579;0.7544301748275757;0.03941270336508751;0;0
13674;2703;-0.01473133638501167;0.7367317080497742;0.0279378816485405;0;0
13681;2704;-0.0006939349113963544;0.7269653081893921;0.00975087471306324;0;0
13684;2705;0.01676179654896259;0.7241584658622742;-0.01429568137973547;0;0
13689;2706;0.03311905637383461;0.719153106212616;-0.04420178756117821;0;0
13694;2707;0.05704425275325775;0.7184218168258667;-0.07325369864702225;0;0
13702;2708;0.0721801221370697;0.728430986404419;-0.09266209602355957;0;0
13706;2709;0.09244271367788315;0.7406370639801025;-0.1147559881210327;0;0
13711;2710;0.1133152171969414;0.7600454688072205;-0.1342872977256775;0;0
13716;2711;0.1280854493379593;0.7870217561721802;-0.1595552414655685;0;0
13720;2712;0.114780880510807;0.8141210079193115;-0.1815262138843536;0;0
13727;2713;0.05801980569958687;0.8387790322303772;-0.1895827054977417;0;0
13729;2714;-0.01033745240420103;0.8583087921142578;-0.1980048418045044;0;0
13734;2715;-0.06123897805809975;0.8799141645431519;-0.2005689740180969;0;0
13739;2716;-0.1020084321498871;0.8994454741477966;-0.210578128695488;0;0
13744;2717;-0.1360641419887543;0.9156798124313355;-0.2177804261445999;0;0
13752;2718;-0.1662145256996155;0.9304500222206116;-0.2242498993873596;0;0
13756;2719;-0.1894068866968155;0.9374080896377564;-0.2299865335226059;0;0
13760;2720;-0.204177126288414;0.9420462250709534;-0.2259582877159119;0;0
13765;2721;-0.2150420248508453;0.9447317123413086;-0.2180247008800507;0;0
13770;2722;-0.2176046073436737;0.9507126212120056;-0.206672802567482;0;0
13775;2723;-0.2045443207025528;0.9663370847702026;-0.1882399618625641;0;0
13781;2724;-0.177079439163208;0.9859897494316101;-0.1710285097360611;0;0
13785;2725;-0.1501031070947647;1.003079771995544;-0.1587010473012924;0;0
13793;2726;-0.1310603469610214;1.014920234680176;-0.1429537087678909;0;0
13798;2727;-0.1222710236907005;1.02102255821228;-0.1284277439117432;0;0
13800;2728;-0.1125061437487602;1.025173664093018;-0.1168315708637238;0;0
13805;2729;-0.09773591160774231;1.022121071815491;-0.09901019930839539;0;0
13812;2730;-0.07332371920347214;1.017605781555176;-0.07911325246095657;0;0
13817;2731;-0.05672217905521393;1.010403513908386;-0.06837125867605209;0;0
13820;2732;-0.04048783704638481;1.000271439552307;-0.04945142194628716;0;0
13825;2733;-0.02791454456746578;0.9868439435958862;-0.03736668452620506;0;0
13833;2734;-0.01827102713286877;0.9746378064155579;-0.03565829619765282;0;0
13838;2735;-0.01021453551948071;0.9599905014038086;-0.03309416025876999;0;0
13841;2736;-0.007163399830460548;0.9504683613777161;-0.03931934759020805;0;0
13846;2737;-0.0008152957307174802;0.9461958408355713;-0.05555524677038193;0;0
13850;2738;0.002601478016003966;0.9427790641784668;-0.06885981559753418;0;0
13858;2739;0.005286974832415581;0.9414362907409668;-0.08753538131713867;0;0
13863;2740;0.007972472347319126;0.9476615190505981;-0.1045025512576103;0;0
13867;2741;0.01126944087445736;0.9488813281059265;-0.1270850002765656;0;0
13871;2742;0.009926692582666874;0.9533981084823608;-0.148934617638588;0;0
13879;2743;0.008828221820294857;0.9795202612876892;-0.168221652507782;0;0
13884;2744;0.0004045360547024757;1.018581390380859;-0.1870201230049133;0;0
13886;2745;-0.0024023219011724;1.08303165435791;-0.2076483517885208;0;0
13891;2746;0.0004045360547024757;1.163596630096436;-0.2263254821300507;0;0
13899;2747;0.003090033074840903;1.24989664554596;-0.246953696012497;0;0
13903;2748;0.009926692582666874;1.321183681488037;-0.2639208734035492;0;0
13908;2749;0.01371066085994244;1.365859985351563;-0.2856491208076477;0;0
13913;2750;0.005775530356913805;1.366102695465088;-0.3051788806915283;0;0
13916;2751;-0.007284760940819979;1.331681370735169;-0.3304468393325806;0;0
13924;2752;-0.02803590521216393;1.290056109428406;-0.3503437936306;0;0
13928;2753;-0.04744429886341095;1.250262260437012;-0.3664567768573761;0;0
13933;2754;-0.06697560846805573;1.227192759513855;-0.3826911151409149;0;0
13938;2755;-0.1006656885147095;1.207051515579224;-0.3968514204025269;0;0
13944;2756;-0.136552706360817;1.186300396919251;-0.3974613547325134;0;0
13949;2757;-0.1681687533855438;1.170553088188171;-0.386842280626297;0;0
13953;2758;-0.1996618807315826;1.148093581199646;-0.3728033006191254;0;0
13958;2759;-0.2220000475645065;1.115867614746094;-0.3616956770420075;0;0
13962;2760;-0.2296893447637558;1.08571720123291;-0.3420430123806;0;0
13969;2761;-0.2356702536344528;1.057886719703674;-0.3211705088615418;0;0
13972;2762;-0.2417740821838379;1.021755337715149;-0.3098185956478119;0;0
13977;2763;-0.2438496649265289;0.9890408515930176;-0.2976109385490418;0;0
13982;2764;-0.2492206543684006;0.955595076084137;-0.2843063771724701;0;0
13990;2765;-0.2465351670980454;0.9200736880302429;-0.2752727866172791;0;0
13994;2766;-0.2353046238422394;0.8905347585678101;-0.2640438079833984;0;0
13999;2767;-0.2320092022418976;0.8669752478599548;-0.2534231543540955;0;0
14003;2768;-0.2238298058509827;0.8419515490531921;-0.2429254502058029;0;0
14010;2769;-0.2160175889730454;0.8269386291503906;-0.2327949404716492;0;0
14014;2770;-0.2248069047927856;0.8147309422492981;-0.2294979691505432;0;0
14018;2771;-0.2398214191198349;0.8074072599411011;-0.2301094383001328;0;0
14023;2772;-0.2556901276111603;0.8044775128364563;-0.2293766140937805;0;0
14028;2773;-0.2816893458366394;0.8125340342521668;-0.2374331057071686;0;0
14035;2774;-0.3095198571681976;0.8240088224411011;-0.2452453225851059;0;0
14041;2775;-0.3368633985519409;0.8392660617828369;-0.2486636489629746;0;0
14045;2776;-0.3696992695331574;0.8590416312217712;-0.2561086714267731;0;0
14049;2777;-0.4060748517513275;0.8827225565910339;-0.2623338401317596;0;0
14056;2778;-0.4353710412979126;0.9059149026870728;-0.2635552287101746;0;0
14060;2779;-0.455267995595932;0.927885890007019;-0.2614796459674835;0;0
14063;2780;-0.4671084582805634;0.9427790641784668;-0.2562315762042999;0;0
14068;2781;-0.4697939455509186;0.9507126212120056;-0.2453666776418686;0;0
14074;2782;-0.4751633703708649;0.950102686882019;-0.2319391965866089;0;0
14079;2783;-0.4608817100524902;0.9525439143180847;-0.2117995172739029;0;0
14087;2784;-0.4584404826164246;0.9531538486480713;-0.1878743171691895;0;0
14091;2785;-0.4708924293518066;0.9576706290245056;-0.1688315719366074;0;0
14093;2786;-0.4955488741397858;0.9601118564605713;-0.1381926238536835;0;0
14098;2787;-0.5111733078956604;0.9512012004852295;-0.1088979914784432;0;0
14106;2788;-0.5136145353317261;0.9322813153266907;-0.07935752719640732;0;0
14111;2789;-0.4992114901542664;0.905305027961731;-0.05274683237075806;0;0
14114;2790;-0.4581961929798126;0.8788157105445862;-0.02589186280965805;0;0
14119;2791;-0.4136427938938141;0.8547691106796265;-0.01258729491382837;0;0
14124;2792;-0.3909389674663544;0.8270599842071533;-0.01002471428364515;0;0
14129;2793;-0.3689664304256439;0.8072859048843384;-0.01795828901231289;0;0
14138;2794;-0.3516336381435394;0.8030133843421936;-0.02992010861635208;0;0
14139;2795;-0.3170893490314484;0.8379232883453369;-0.04957278072834015;0;0
14144;2796;-0.2632580697536469;0.9013981223106384;-0.09510331600904465;0;0
14152;2797;-0.2043000459671021;0.9691454768180847;-0.1533300578594208;0;0
14156;2798;-0.1371641755104065;0.9806187152862549;-0.1706628650426865;0;0
14159;2799;-0.072712242603302;0.9463187456130981;-0.1608979851007462;0;0
14164;2800;-0.03084431774914265;0.913604199886322;-0.1517430245876312;0;0
14170;2801;-0.006309206597507;0.8681966066360474;-0.1389254629611969;0;0
14177;2802;0.01688315719366074;0.8302339911460877;-0.1394140124320984;0;0
14181;2803;0.007485473062843084;0.8042332530021668;-0.1412453204393387;0;0
14188;2804;-0.06123897805809975;0.7871447205543518;-0.1353857666254044;0;0
14193;2805;-0.1490030735731125;0.7900744676589966;-0.1281834691762924;0;0
14197;2806;-0.2160175889730454;0.7837263941764832;-0.1037712767720223;0;0
14201;2807;-0.2460466027259827;0.7796981334686279;-0.06934837251901627;0;0
14205;2808;-0.2151633948087692;0.7777454853057861;-0.04664456471800804;0;0
14210;2809;-0.1582809537649155;0.7604126334190369;-0.04981705918908119;0;0
14215;2810;-0.1162901148200035;0.7366088032722473;-0.02772316709160805;0;0
14220;2811;-0.09553896635770798;0.7169561386108398;-0.002943777712062001;0;0
14225;2812;-0.09248783439397812;0.6998676061630249;0.02378827519714832;0;0
14233;2813;-0.09700307995080948;0.6894912719726563;0.0580882653594017;0;0
14238;2814;-0.1236137747764587;0.6756981015205383;0.09580658376216888;0;0
14240;2815;-0.1494916379451752;0.6650790572166443;0.1415814012289047;0;0
14245;2816;-0.1773237138986588;0.672524094581604;0.1918730139732361;0;0
14252;2817;-0.1927038580179215;0.6930309534072876;0.251685231924057;0;0
14257;2818;-0.196243554353714;0.7197645306587219;0.3191882967948914;0;0
14260;2819;-0.1936794221401215;0.7453981637954712;0.4134233891963959;0;0
14266;2820;-0.1791534572839737;0.7687118649482727;0.5118080973625183;0;0
14273;2821;-0.1840374618768692;0.7728630304336548;0.5957897901535034;0;0
14279;2822;-0.1892855316400528;0.7577271461486816;0.6303340792655945;0;0
14283;2823;-0.1903840005397797;0.7302622795104981;0.6065317988395691;0;0
14286;2824;-0.1935580521821976;0.7096324563026428;0.552577555179596;0;0
14291;2825;-0.1938023269176483;0.6979149580001831;0.4930096566677094;0;0
14298;2826;-0.1940466165542603;0.7036515474319458;0.4445493519306183;0;0
14303;2827;-0.1878214180469513;0.7196416258811951;0.4039012491703033;0;0
14306;2828;-0.1792763769626617;0.739050030708313;0.370821088552475;0;0
14311;2829;-0.167801558971405;0.748327910900116;0.3383524119853973;0;0
14321;2830;-0.1595007926225662;0.7613881826400757;0.3023424744606018;0;0
14321;2831;-0.1413137763738632;0.7687118649482727;0.2682867646217346;0;0
14328;2832;-0.127397745847702;0.7743271589279175;0.2319111824035645;0;0
14331;2833;-0.1242236867547035;0.7842149138450623;0.2043233811855316;0;0
14336;2834;-0.1099420115351677;0.7971538305282593;0.175515741109848;0;0
14342;2835;-0.09578324854373932;0.8150981664657593;0.1495165228843689;0;0
14353;2836;-0.08357714861631393;0.835116446018219;0.1202203333377838;0;0
14354;2837;-0.08028017729520798;0.8605057597160339;0.09055850654840469;0;0
14359;2838;-0.07613057643175125;0.8918775320053101;0.06052948534488678;0;0
14362;2839;-0.08186720311641693;0.9305713772773743;0.03135621175169945;0;0
14368;2840;-0.0898023396730423;0.9769576787948608;-0.003555249655619264;0;0
14374;2841;-0.09566032886505127;1.031764507293701;-0.04298195615410805;0;0
14379;2842;-0.08906950056552887;1.082177519798279;-0.08973387628793716;0;0
14384;2843;-0.06502294540405273;1.1164790391922;-0.1464933902025223;0;0
14387;2844;-0.02730462700128555;1.133079051971436;-0.2115552425384522;0;0
14395;2845;0.008705304935574532;1.129662275314331;-0.2677048444747925;0;0
14398;2846;0.03592591360211372;1.1151362657547;-0.3000521659851074;0;0
14402;2847;0.04752209410071373;1.08840274810791;-0.3081086575984955;0;0
14407;2848;0.03617019206285477;1.047754645347595;-0.2876017987728119;0;0
14412;2849;-0.004843541420996189;1.027247786521912;-0.2343819737434387;0;0
14418;2850;-0.05574506893754005;1.015895843505859;-0.1488132625818253;0;0
14422;2851;-0.1098206490278244;1.02395236492157;-0.02516058646142483;0;0
14428;2852;-0.1786664575338364;1.038478255271912;0.2164081186056137;0;0
14432;2853;-0.2909672260284424;1.026393532752991;0.8498088717460632;0;0
14439;2854;-0.3537092208862305;0.9905065298080444;1.362363815307617;0;0
14442;2855;-0.2899901270866394;0.9115301966667175;1.373715758323669;0;0
14449;2856;-0.1612107306718826;0.8299897313117981;1.160589098930359;0;0
14453;2857;-0.08479698002338409;0.8130225539207459;0.9600340723991394;0;0
14457;2858;-0.06966111063957214;0.8562332391738892;0.8172172904014587;0;0
14464;2859;-0.072712242603302;0.9415576457977295;0.7227379083633423;0;0
14468;2860;-0.09041225165128708;1.070825576782227;0.6488882899284363;0;0
14473;2861;-0.1187313348054886;1.226215720176697;0.5771126747131348;0;0
14478;2862;-0.142656534910202;1.387830972671509;0.5030187964439392;0;0
14484;2863;-0.1245908811688423;1.515756130218506;0.4798264503479004;0;0
14490;2864;-0.1042053773999214;1.539437055587769;0.5257241725921631;0;0
14493;2865;-0.1433893591165543;1.454356908798218;0.5191317796707153;0;0
14498;2866;-0.2656992673873901;1.313371419906616;0.4208684265613556;0;0
14507;2867;-0.3895962238311768;1.223774433135986;0.2898921072483063;0;0
14509;2868;-0.4884695112705231;1.204975962638855;0.1912630945444107;0;0
14514;2869;-0.5701313614845276;1.216327905654907;0.133159264922142;0;0
14519;2870;-0.6109007596969605;1.227558493614197;0.07713102549314499;0;0
14524;2871;-0.6216427683830261;1.217549324035645;-0.002822416834533215;0;0
14530;2872;-0.6204229593276978;1.196675181388855;-0.0850941613316536;0;0
14536;2873;-0.6383656859397888;1.144919514656067;-0.1624850183725357;0;0
14541;2874;-0.6550885438919067;1.083643198013306;-0.251349151134491;0;0
14546;2875;-0.6449580788612366;1.028469085693359;-0.3483911156654358;0;0
14551;2876;-0.5969862937927246;0.9686568975448608;-0.4261476099491119;0;0
14555;2877;-0.5309488773345947;0.907623291015625;-0.4717995226383209;0;0
14561;2878;-0.4630801975727081;0.8368248343467712;-0.4899880588054657;0;0
14566;2879;-0.3950885832309723;0.8004492521286011;-0.5159872770309448;0;0
14571;2880;-0.3373519480228424;0.8015477657318115;-0.558343768119812;0;0
14576;2881;-0.3178206384181976;0.798130989074707;-0.5986262559890747;0;0
14581;2882;-0.3023191392421722;0.7877545952796936;-0.6114422678947449;0;0
14585;2883;-0.2815679907798767;0.7713973522186279;-0.6008231639862061;0;0
14592;2884;-0.255811482667923;0.7447882294654846;-0.5718941688537598;0;0
14597;2885;-0.2370130121707916;0.7202531099319458;-0.5362498760223389;0;0
14599;2886;-0.2218771278858185;0.7004775404930115;-0.4926735758781433;0;0
14605;2887;-0.2030786573886871;0.6953508257865906;-0.4442132711410523;0;0
14610;2888;-0.1896511763334274;0.6981576681137085;-0.4136956930160523;0;0
14618;2889;-0.1862343996763229;0.7032859325408936;-0.3830583095550537;0;0
14622;2890;-0.1868443191051483;0.7211073040962219;-0.3342308104038239;0;0
14627;2891;-0.1815946847200394;0.7441767454147339;-0.276494175195694;0;0
14630;2892;-0.1648717820644379;0.77689129114151;-0.2274239510297775;0;0
14635;2893;-0.1367969810962677;0.8157080411911011;-0.2132636308670044;0;0
14642;2894;-0.1238580495119095;0.8330408930778503;-0.2137521803379059;0;0
14647;2895;-0.1366756111383438;0.8429286479949951;-0.2003246992826462;0;0
14650;2896;-0.1569382101297379;0.8616042137145996;-0.1867758482694626;0;0
14655;2897;-0.1643847823143005;0.8921217918395996;-0.1887285113334656;0;0
14664;2898;-0.1806191205978394;0.9205622673034668;-0.1976391971111298;0;0
14665;2899;-0.2058870643377304;0.9512012004852295;-0.2091140151023865;0;0
14674;2900;-0.2283466011285782;0.9856240749359131;-0.2210758477449417;0;0
14675;2901;-0.2553229331970215;1.014187455177307;-0.2395086884498596;0;0
14680;2902;-0.2818122506141663;1.037379860877991;-0.2540346384048462;0;0
14688;2903;-0.3178206384181976;1.047267556190491;-0.2514705061912537;0;0
14692;2904;-0.3510237038135529;1.051417231559753;-0.2413384318351746;0;0
14696;2905;-0.3690893650054932;1.040919542312622;-0.2296208888292313;0;0
14701;2906;-0.3833710253238678;1.02822482585907;-0.2143620997667313;0;0
14707;2907;-0.359934389591217;1.014675974845886;-0.1981277614831924;0;0
14712;2908;-0.3106198906898499;0.9964874386787415;-0.1757895797491074;0;0
14717;2909;-0.2829107344150543;0.9659714102745056;-0.1508888304233551;0;0
14724;2910;-0.2743656933307648;0.9336240887641907;-0.1342872977256775;0;0
14729;2911;-0.2714359164237976;0.9042065143585205;-0.1193957030773163;0;0
14733;2912;-0.2604496479034424;0.877595841884613;-0.1056010276079178;0;0
14738;2913;-0.2556901276111603;0.8518393635749817;-0.09205217659473419;0;0
14741;2914;-0.2536145448684692;0.8243744373321533;-0.07935752719640732;0;0
14746;2915;-0.2398214191198349;0.8052103519439697;-0.06409873813390732;0;0
14751;2916;-0.2249282747507095;0.795445442199707;-0.05347966775298119;0;0
14756;2917;-0.2127221673727036;0.7941027283668518;-0.04517889767885208;0;0
14762;2918;-0.2032015770673752;0.7962996363639832;-0.03138577565550804;0;0
14770;2919;-0.1949008107185364;0.799595057964325;-0.01258729491382837;0;0
14774;2920;-0.1779336333274841;0.805575966835022;0.004868435673415661;0;0
14777;2921;-0.1581580340862274;0.8044775128364563;0.01866155862808228;0;0
14782;2922;-0.1377740949392319;0.8067973852157593;0.0399012565612793;0;0
14789;2923;-0.1186099722981453;0.8080171942710877;0.0632149800658226;0;0
14793;2924;-0.1013985201716423;0.8072859048843384;0.09751652926206589;0;0
14797;2925;-0.06831835955381393;0.8099714517593384;0.138408899307251;0;0
14802;2926;-0.0356038399040699;0.8091156482696533;0.1862577348947525;0;0
14810;2927;-0.009238980710506439;0.809238612651825;0.2376478165388107;0;0
14814;2928;0.001503007020801306;0.8019149303436279;0.2475356161594391;0;0
14819;2929;-0.00447790278121829;0.7783553600311279;0.2004180550575256;0;0
14822;2930;-0.01070309057831764;0.7561401128768921;0.125225692987442;0;0
14830;2931;-0.01595116779208183;0.7497920393943787;0.03819131478667259;0;0
14835;2932;-0.01106872875243425;0.75333172082901;-0.03931934759020805;0;0
14837;2933;0.0004045360547024757;0.7585813403129578;-0.1086537167429924;0;0
14842;2934;0.01615188084542751;0.7694447040557861;-0.1632162928581238;0;0
14847;2935;0.03275186195969582;0.7845805883407593;-0.193366676568985;0;0
14853;2936;0.04080835357308388;0.8020362854003906;-0.2097239345312119;0;0
14858;2937;0.04227401688694954;0.8137553930282593;-0.2199773639440537;0;0
14864;2938;0.02555111981928349;0.8274255990982056;-0.2191231846809387;0;0
14871;2939;-0.02437485381960869;0.8378019332885742;-0.2128979861736298;0;0
14876;2940;-0.09248783439397812;0.8487882018089294;-0.2116765975952148;0;0
14880;2941;-0.1487603485584259;0.8697836399078369;-0.2130193561315537;0;0
14884;2942;-0.1798862963914871;0.8976141810417175;-0.2114323228597641;0;0
14888;2943;-0.1956336349248886;0.9231263995170593;-0.208625465631485;0;0
14893;2944;-0.21540766954422;0.9414362907409668;-0.2088697403669357;0;0
14898;2945;-0.2211443036794663;0.9580363035202026;-0.2053300589323044;0;0
14903;2946;-0.2129664570093155;0.9649943113327026;-0.1980048418045044;0;0
14908;2947;-0.1866000294685364;0.970853865146637;-0.1950766146183014;0;0
14917;2948;-0.1521771252155304;0.9770790338516235;-0.1923911273479462;0;0
14921;2949;-0.1252007931470871;0.9830599427223206;-0.1843346357345581;0;0
14925;2950;-0.1078679859638214;0.9878210425376892;-0.1795735508203507;0;0
14928;2951;-0.09676035493612289;0.9939248561859131;-0.1710285097360611;0;0
14937;2952;-0.08821531385183334;0.996731698513031;-0.1580895781517029;0;0
14939;2953;-0.08540689945220947;1.003079771995544;-0.1474705040454865;0;0
14944;2954;-0.08674964308738709;1.005521059036255;-0.1327002793550491;0;0
14949;2955;-0.08040309697389603;1.008327841758728;-0.1132918745279312;0;0
14959;2956;-0.06929547339677811;1.01406455039978;-0.1012071445584297;0;0
14960;2957;-0.06343591958284378;1.024196624755859;-0.0915636271238327;0;0
14965;2958;-0.05769773200154305;1.025660753250122;-0.08997660130262375;0;0
14969;2959;-0.04890996590256691;1.024196624755859;-0.09315065294504166;0;0
14977;2960;-0.04012064263224602;1.017727136611939;-0.09070943295955658;0;0
14982;2961;-0.02791454456746578;1.010524868965149;-0.09302929043769836;0;0
14984;2962;-0.01680691726505756;1.002712607383728;-0.09681325405836105;0;0
14989;2963;-0.00350079289637506;0.991116464138031;-0.1032827198505402;0;0
14994;2964;0.006629723589867353;0.975492000579834;-0.1135361567139626;0;0
15000;2965;0.0113908015191555;0.9739049673080444;-0.1259865313768387;0;0
15006;2966;0.01297782827168703;0.9807416796684265;-0.1384368985891342;0;0
523;0;0.69775390625;0.064453125;0.76708984375;0;1
621;1;0.701416015625;0.063232421875;0.76025390625;0;1
670;2;0.695556640625;0.06396484375;0.763671875;0;1
717;3;0.708984375;0.064697265625;0.75927734375;0;1
767;4;0.697021484375;0.045166015625;0.76904296875;0;1
815;5;0.700439453125;0.0458984375;0.760009765625;0;1
864;6;0.708984375;0.0556640625;0.74755859375;0;1
912;7;0.685546875;0.05810546875;0.759033203125;0;1
1010;8;0.703369140625;0.069091796875;0.78369140625;0;1
1014;9;0.703369140625;0.069091796875;0.78369140625;0;1
1059;10;0.706298828125;0.06005859375;0.78759765625;0;1
1107;11;0.685302734375;0.07763671875;0.765380859375;0;1
1156;12;0.70654296875;0.0576171875;0.783203125;0;1
1205;13;0.696533203125;0.0302734375;0.74169921875;0;1
1254;14;0.702880859375;0.0458984375;0.77734375;0;1
1302;15;0.722412109375;0.06494140625;0.755859375;0;1
1352;16;0.70361328125;0.063232421875;0.742919921875;0;1
1400;17;0.70947265625;0.04638671875;0.745849609375;0;1
1450;18;0.720947265625;0.06640625;0.759033203125;0;1
1501;19;0.716064453125;0.054931640625;0.74853515625;0;1
1550;20;0.703125;0.045166015625;0.76171875;0;1
1646;21;0.719482421875;0.0673828125;0.72900390625;0;1
1651;22;0.719482421875;0.0673828125;0.72900390625;0;1
1695;23;0.697509765625;0.04248046875;0.771728515625;0;1
1742;24;0.69677734375;0.04638671875;0.757080078125;0;1
1840;25;0.71142578125;0.046142578125;0.767578125;0;1
1846;26;0.71142578125;0.046142578125;0.767578125;0;1
1889;27;0.740234375;0.06689453125;0.782958984375;0;1
1937;28;0.683837890625;0.079833984375;0.76953125;0;1
1985;29;0.641357421875;0.12060546875;0.757568359375;0;1
2035;30;0.722900390625;0.15234375;0.774169921875;0;1
2083;31;0.76123046875;0.12841796875;0.724853515625;0;1
2131;32;0.736328125;0.178955078125;0.705322265625;0;1
2181;33;0.71337890625;0.214111328125;0.72705078125;0;1
2228;34;0.74169921875;0.219482421875;0.74365234375;0;1
2277;35;0.72705078125;0.14892578125;0.73828125;0;1
2326;36;0.73095703125;0.11865234375;0.72509765625;0;1
2423;37;0.768310546875;0.156005859375;0.65087890625;0;1
2471;38;0.76953125;0.16162109375;0.669677734375;0;1
2520;39;0.78955078125;0.04541015625;0.678466796875;0;1
2570;40;0.906982421875;-0.028076171875;0.72314453125;0;1
2619;41;0.8037109375;-0.056640625;0.677001953125;0;1
2667;42;0.7119140625;-0.067626953125;0.67041015625;0;1
2716;43;0.78466796875;-0.007080078125;0.84130859375;0;1
2765;44;0.73681640625;0.051513671875;0.739990234375;0;1
2816;45;0.6787109375;0.03515625;0.728759765625;0;1
2866;46;0.627685546875;-0.005126953125;0.669677734375;0;1
2912;47;0.6767578125;0.000244140625;0.71923828125;0;1
2963;48;0.692138671875;-0.0224609375;0.760498046875;0;1
3010;49;0.70947265625;-0.0400390625;0.758544921875;0;1
3058;50;0.741455078125;-0.076416015625;0.803466796875;0;1
3109;51;0.7958984375;0.00146484375;0.86669921875;0;1
3157;52;0.93408203125;-0.00537109375;0.821533203125;0;1
3209;53;0.811767578125;0.074951171875;0.802734375;0;1
3253;54;0.752197265625;0.105712890625;0.5703125;0;1
3301;55;0.765380859375;0.096435546875;0.56787109375;0;1
3350;56;0.768310546875;0.0380859375;0.7890625;0;1
3399;57;0.71875;0.021728515625;0.7705078125;0;1
3448;58;0.65673828125;0.0283203125;0.644775390625;0;1
3497;59;0.62158203125;0.055419921875;0.609619140625;0;1
3545;60;0.62353515625;0.106201171875;0.68603515625;0;1
3594;61;0.71240234375;0.131103515625;0.719482421875;0;1
3642;62;0.80908203125;0.1044921875;0.76708984375;0;1
3691;63;0.673583984375;0.15234375;0.83447265625;0;1
3740;64;0.911865234375;0.183837890625;0.90966796875;0;1
3789;65;0.925048828125;-0.001953125;0.8681640625;0;1
3838;66;0.8056640625;-0.26318359375;0.420166015625;0;1
3887;67;0.748046875;-0.175537109375;0.5751953125;0;1
3935;68;0.80908203125;-0.01953125;0.897705078125;0;1
3986;69;0.76025390625;0.09912109375;0.590576171875;0;1
4033;70;0.65869140625;0.09814453125;0.648681640625;0;1
4082;71;0.581787109375;0.04296875;0.741943359375;0;1
4130;72;0.69140625;0.0908203125;0.642822265625;0;1
4179;73;0.851806640625;0.064697265625;0.76904296875;0;1
4228;74;0.760009765625;0.05810546875;0.84033203125;0;1
4276;75;0.822265625;0.133056640625;0.744140625;0;1
4327;76;0.81884765625;0.268798828125;0.650146484375;0;1
4423;77;0.7490234375;0.228271484375;0.669921875;0;1
4470;78;0.781005859375;0.23876953125;0.64794921875;0;1
4519;79;0.704345703125;0.19482421875;0.712646484375;0;1
4569;80;0.681884765625;0.189453125;0.63525390625;0;1
4618;81;0.66943359375;0.214111328125;0.58154296875;0;1
4668;82;0.67333984375;0.1826171875;0.702392578125;0;1
4719;83;0.74462890625;0.150634765625;0.728515625;0;1
4765;84;0.7724609375;0.146240234375;0.699951171875;0;1
4813;85;0.787109375;0.104736328125;0.760986328125;0;1
4862;86;1.010498046875;0.19189453125;0.8056640625;0;1
4910;87;1.02099609375;0.00537109375;0.720458984375;0;1
4959;88;0.763916015625;-0.147705078125;0.554443359375;0;1
5008;89;0.653564453125;-0.064697265625;0.545166015625;0;1
5079;90;0.773681640625;0.10546875;0.770751953125;0;1
5107;91;0.779052734375;0.03857421875;0.695556640625;0;1
5155;92;0.6845703125;-0.018310546875;0.62548828125;0;1
5204;93;0.592041015625;-0.032958984375;0.651611328125;0;1
5253;94;0.675537109375;0.017333984375;0.674072265625;0;1
5303;95;0.708251953125;0.035888671875;0.666015625;0;1
5350;96;0.68310546875;-0.111083984375;0.71826171875;0;1
5401;97;0.8310546875;-0.18408203125;0.86474609375;0;1
5452;98;0.8701171875;-0.10107421875;0.862548828125;0;1
5499;99;1.023193359375;-0.107421875;0.724853515625;0;1
5546;100;0.841796875;0.00537109375;0.550537109375;0;1
5592;101;0.8984375;0.091064453125;0.428955078125;0;1
5642;102;0.85302734375;0.127685546875;0.5625;0;1
5690;103;0.849853515625;-0.053466796875;0.7783203125;0;1
5740;104;0.760009765625;-0.205078125;0.57666015625;0;1
5791;105;0.766845703125;-0.126220703125;0.547119140625;0;1
5837;106;0.7470703125;-0.03515625;0.587890625;0;1
5886;107;0.7392578125;-0.0068359375;0.666015625;0;1
5938;108;0.72998046875;-0.042724609375;0.648193359375;0;1
5986;109;0.743896484375;0.027587890625;0.6923828125;0;1
6035;110;0.75390625;0.1318359375;0.78759765625;0;1
6081;111;0.848388671875;0.120849609375;0.888671875;0;1
6129;112;1.01611328125;-0.042236328125;0.86376953125;0;1
6181;113;0.823974609375;-0.387939453125;0.4248046875;0;1
6228;114;0.82421875;-0.316162109375;0.540771484375;0;1
6275;115;0.87744140625;0.078857421875;0.777099609375;0;1
6373;116;0.71630859375;0.156982421875;0.541748046875;0;1
6422;117;0.69384765625;0.065673828125;0.65625;0;1
6427;118;0.558349609375;-0.0205078125;0.701416015625;0;1
6569;119;0.704833984375;-0.037353515625;0.73974609375;0;1
6574;120;0.704833984375;-0.037353515625;0.73974609375;0;1
6617;121;0.7626953125;-0.101318359375;0.802490234375;0;1
6665;122;0.91845703125;0.0283203125;0.963623046875;0;1
6714;123;0.96728515625;0.028564453125;0.792236328125;0;1
6762;124;0.760498046875;0.095703125;0.547119140625;0;1
6814;125;0.84814453125;0.046630859375;0.545654296875;0;1
6860;126;0.94091796875;-0.047607421875;0.647705078125;0;1
6909;127;0.81640625;-0.110595703125;0.69091796875;0;1
6958;128;0.807861328125;-0.111083984375;0.580322265625;0;1
7007;129;0.74560546875;-0.0029296875;0.574951171875;0;1
7055;130;0.785888671875;-0.006103515625;0.615234375;0;1
7104;131;0.746337890625;0.04833984375;0.652587890625;0;1
7152;132;0.75830078125;0.059814453125;0.632568359375;0;1
7201;133;0.83203125;0.060302734375;0.660888671875;0;1
7250;134;0.81787109375;0.057861328125;0.689208984375;0;1
7299;135;0.926513671875;0.018310546875;0.930419921875;0;1
7348;136;0.8203125;-0.1259765625;0.54296875;0;1
7396;137;0.724609375;-0.06640625;0.581787109375;0;1
7446;138;0.770263671875;-0.0966796875;0.7119140625;0;1
7494;139;0.810546875;-0.033935546875;0.61865234375;0;1
7543;140;0.807373046875;-0.010498046875;0.655029296875;0;1
7592;141;0.77978515625;0.056884765625;0.640625;0;1
7640;142;0.715087890625;0.140625;0.663818359375;0;1
7690;143;0.702880859375;0.099365234375;0.777099609375;0;1
7737;144;0.7451171875;0.115966796875;0.7919921875;0;1
7786;145;0.677490234375;0.148193359375;0.61572265625;0;1
7835;146;0.607666015625;0.12158203125;0.783447265625;0;1
7886;147;0.6552734375;0.001220703125;0.828857421875;0;1
7932;148;0.790283203125;-0.002685546875;0.8779296875;0;1
7981;149;0.7080078125;-0.00244140625;0.8349609375;0;1
8030;150;0.71923828125;0.052734375;0.731689453125;0;1
8081;151;0.78759765625;0.092041015625;0.820556640625;0;1
8129;152;0.790771484375;0.11572265625;0.72412109375;0;1
8178;153;0.73388671875;0.07275390625;0.59033203125;0;1
8226;154;0.7666015625;0.120361328125;0.6328125;0;1
8274;155;0.7568359375;0.17431640625;0.72607421875;0;1
8374;156;0.7880859375;0.173828125;0.7548828125;0;1
8387;157;0.668701171875;0.172607421875;0.720458984375;0;1
8468;158;0.693115234375;0.127685546875;0.69482421875;0;1
8518;159;0.668701171875;0.12451171875;0.693603515625;0;1
8568;160;0.685791015625;0.1748046875;0.72705078125;0;1
8618;161;0.741943359375;0.170166015625;0.7890625;0;1
8664;162;0.703125;0.22119140625;0.74560546875;0;1
8717;163;0.8251953125;0.221923828125;0.773193359375;0;1
8763;164;0.8896484375;0.2744140625;0.8154296875;0;1
8811;165;0.851806640625;-0.1396484375;0.692626953125;0;1
8860;166;0.734619140625;-0.168701171875;0.435546875;0;1
8908;167;0.824951171875;0.04638671875;0.685791015625;0;1
8959;168;0.787353515625;0.19482421875;0.70556640625;0;1
9007;169;0.77880859375;0.12939453125;0.63671875;0;1
9055;170;0.6953125;0.08154296875;0.73779296875;0;1
9104;171;0.659423828125;0.050048828125;0.675048828125;0;1
9151;172;0.760986328125;0.06396484375;0.658203125;0;1
9200;173;0.746337890625;0.0966796875;0.6962890625;0;1
9250;174;0.919677734375;0.0859375;0.870849609375;0;1
9297;175;0.876953125;0.19287109375;0.6416015625;0;1
9346;176;0.73046875;0.1962890625;0.5517578125;0;1
9394;177;0.775390625;0.1181640625;0.683837890625;0;1
9444;178;0.785400390625;0.072265625;0.730224609375;0;1
9494;179;0.726318359375;0.141845703125;0.6630859375;0;1
9541;180;0.6611328125;0.165771484375;0.6083984375;0;1
9590;181;0.68359375;0.161376953125;0.717529296875;0;1
9640;182;0.704345703125;0.139892578125;0.741943359375;0;1
9689;183;0.668212890625;0.142822265625;0.70166015625;0;1
9738;184;0.657470703125;0.172119140625;0.728271484375;0;1
9786;185;0.80419921875;0.111328125;0.780029296875;0;1
9836;186;0.85107421875;0.08935546875;0.807861328125;0;1
9886;187;0.995361328125;-0.042724609375;0.749755859375;0;1
9932;188;0.837646484375;-0.088134765625;0.542724609375;0;1
9980;189;0.71826171875;-0.137939453125;0.552978515625;0;1
10030;190;0.7763671875;-0.0859375;0.6748046875;0;1
10081;191;0.796875;0.053955078125;0.704345703125;0;1
10140;192;0.77099609375;-0.04150390625;0.678955078125;0;1
10177;193;0.6728515625;-0.033935546875;0.719482421875;0;1
10225;194;0.619384765625;-0.033447265625;0.654052734375;0;1
10323;195;0.702392578125;-0.059814453125;0.756103515625;0;1
10329;196;0.702392578125;-0.059814453125;0.756103515625;0;1
10420;197;0.702392578125;-0.092041015625;0.74072265625;0;1
10469;198;0.81884765625;-0.067138671875;0.8466796875;0;1
10516;199;0.865478515625;-0.0205078125;0.81396484375;0;1
10565;200;0.908935546875;-0.0224609375;0.765625;0;1
10614;201;0.863037109375;0.05615234375;0.478515625;0;1
10663;202;0.89794921875;0.1474609375;0.52734375;0;1
10716;203;0.881591796875;0.064208984375;0.81005859375;0;1
10764;204;0.7255859375;-0.040771484375;0.685302734375;0;1
10809;205;0.677490234375;-0.0146484375;0.59375;0;1
10858;206;0.6025390625;0.109375;0.643310546875;0;1
10910;207;0.630615234375;0.191162109375;0.7509765625;0;1
10958;208;0.658447265625;0.1181640625;0.78076171875;0;1
11006;209;0.69287109375;0.073974609375;0.808349609375;0;1
11053;210;0.60546875;0.104736328125;0.779052734375;0;1
11102;211;0.7080078125;0.16162109375;0.859130859375;0;1
11150;212;0.756103515625;0.25537109375;0.949462890625;0;1
11202;213;0.8134765625;-0.006591796875;0.90869140625;0;1
11252;214;0.6650390625;-0.240966796875;0.537109375;0;1
11296;215;0.758056640625;-0.29736328125;0.628662109375;0;1
11347;216;0.8095703125;0.041015625;0.98583984375;0;1
11399;217;0.67529296875;0.1181640625;0.546875;0;1
11448;218;0.63330078125;-0.021240234375;0.77392578125;0;1
11494;219;0.489013671875;-0.043212890625;0.693359375;0;1
11541;220;0.667724609375;-0.018310546875;0.72412109375;0;1
11589;221;0.675048828125;-0.03271484375;0.827880859375;0;1
11638;222;0.78857421875;-0.128173828125;0.89208984375;0;1
11686;223;0.9306640625;-0.05126953125;0.914794921875;0;1
11736;224;0.830078125;0.06005859375;0.79248046875;0;1
11786;225;0.741943359375;0.10546875;0.478271484375;0;1
11838;226;0.87646484375;0.152099609375;0.628662109375;0;1
11884;227;0.7666015625;0.082763671875;0.76123046875;0;1
11931;228;0.7998046875;-0.0419921875;0.745361328125;0;1
11985;229;0.734375;-0.11279296875;0.5966796875;0;1
12032;230;0.673828125;0.01318359375;0.643310546875;0;1
12077;231;0.6875;0.21044921875;0.653076171875;0;1
12125;232;0.7001953125;0.233154296875;0.851318359375;0;1
12174;233;0.698974609375;0.23681640625;0.73779296875;0;1
12273;234;0.76025390625;0.156005859375;0.852294921875;0;1
12320;235;0.805419921875;0.208984375;0.989501953125;0;1
12369;236;0.774169921875;-0.200439453125;0.628173828125;0;1
12417;237;0.8173828125;-0.255126953125;0.3681640625;0;1
12468;238;0.72802734375;0.15087890625;0.813720703125;0;1
12556;239;0.69482421875;0.18994140625;0.629150390625;0;1
12596;240;0.693359375;0.096435546875;0.701416015625;0;1
12617;241;0.603759765625;0.03564453125;0.717529296875;0;1
12681;242;0.582763671875;-0.0390625;0.716064453125;0;1
12727;243;0.603515625;-0.033203125;0.72607421875;0;1
12768;244;0.759521484375;-0.0390625;0.772216796875;0;1
12814;245;0.814208984375;0.047119140625;0.984375;0;1
12860;246;0.992431640625;0.0966796875;0.871337890625;0;1
12925;247;0.824462890625;0.1767578125;0.71337890625;0;1
12971;248;0.837646484375;0.184326171875;0.5224609375;0;1
13016;249;0.836669921875;0.129638671875;0.6796875;0;1
13064;250;0.755126953125;0.111083984375;0.80859375;0;1
13105;251;0.645263671875;0.058837890625;0.59033203125;0;1
13152;252;0.6181640625;0.044189453125;0.583251953125;0;1
13198;253;0.66455078125;0.1015625;0.692626953125;0;1
13264;254;0.6767578125;0.157470703125;0.701416015625;0;1
13306;255;0.650390625;0.18115234375;0.7490234375;0;1
13351;256;0.651123046875;0.22021484375;0.86669921875;0;1
13396;257;0.896240234375;0.183349609375;1.00341796875;0;1
13461;258;0.9912109375;-0.028076171875;0.920654296875;0;1
13507;259;0.806396484375;-0.31298828125;0.420654296875;0;1
13548;260;0.76953125;-0.206787109375;0.565185546875;0;1
13594;261;0.766357421875;0.091552734375;0.769287109375;0;1
13639;262;0.6826171875;0.09033203125;0.617919921875;0;1
13704;263;0.669189453125;0.047119140625;0.672119140625;0;1
13750;264;0.562255859375;0.00244140625;0.740966796875;0;1
13791;265;0.615966796875;-0.001953125;0.724609375;0;1
13836;266;0.665771484375;0.048583984375;0.703857421875;0;1
13881;267;0.721923828125;0.00146484375;0.871826171875;0;1
13947;268;0.956787109375;0.12841796875;0.901611328125;0;1
13993;269;0.968994140625;0.13232421875;0.8662109375;0;1
14038;270;0.82861328125;0.144775390625;0.611083984375;0;1
14084;271;0.821044921875;0.18505859375;0.56494140625;0;1
14131;272;0.75390625;0.1474609375;0.755859375;0;1
14231;273;0.650634765625;0.02685546875;0.75634765625;0;1
14276;274;0.658935546875;-0.052490234375;0.538818359375;0;1
14324;275;0.623291015625;0.03857421875;0.605224609375;0;1
14377;276;0.613037109375;0.174072265625;0.70703125;0;1
14420;277;0.669921875;0.22119140625;0.776611328125;0;1
14483;278;0.7197265625;0.24462890625;0.82763671875;0;1
14533;279;0.747314453125;0.18408203125;0.957763671875;0;1
14579;280;0.8154296875;0.205322265625;0.95556640625;0;1
14621;281;0.917236328125;-0.172119140625;0.64306640625;0;1
14667;282;0.764892578125;-0.392822265625;0.4521484375;0;1
14727;283;0.819580078125;-0.078857421875;0.71630859375;0;1
14767;284;0.700927734375;0.21875;0.731689453125;0;1
14812;285;0.66943359375;0.11083984375;0.661376953125;0;1
14874;286;0.596923828125;0.04443359375;0.696533203125;0;1
14914;287;0.5712890625;0.01025390625;0.7041015625;0;1
14956;288;0.6630859375;0.006591796875;0.73193359375;0;1
525;1;-1.1953125;0.3359375;0.21875;1;1
623;2;-1.53125;-0.4140625;-2.0078125;1;1
671;3;-4.46875;-0.5;-2.0859375;1;1
719;4;-2.78125;0.9609375;0.109375;1;1
768;5;-4.375;0.6953125;-2.4375;1;1
816;6;-4.25;-0.3515625;-2.5625;1;1
865;7;0.390625;4.71875;0.609375;1;1
913;8;-4.4375;-0.1640625;-2.515625;1;1
1011;9;-1.0078125;2.96875;0.0859375;1;1
1015;10;-1.0078125;2.96875;0.0859375;1;1
1060;11;-1.609375;-1.125;-2.28125;1;1
1109;12;0.2421875;-4.5859375;-1.171875;1;1
1157;13;-1.9453125;-3.234375;-1.8125;1;1
1206;14;-3.6015625;-6.8046875;-3.1328125;1;1
1255;15;4.671875;0.4296875;-1.875;1;1
1303;16;-2.671875;1.34375;-1.609375;1;1
1353;17;-6.0078125;-4.5546875;-1.8359375;1;1
1401;18;-2.4375;-2.0625;-1.4765625;1;1
1451;19;0.3359375;-2.09375;-1.375;1;1
1503;20;0.1328125;-4.90625;-2.984375;1;1
1551;21;0.03125;-2.6484375;-2.3671875;1;1
1647;22;6.09375;-2.3125;0.640625;1;1
1652;23;6.09375;-2.3125;0.640625;1;1
1697;24;0.3125;-3.5;0.6484375;1;1
1744;25;8.578125;-5.0859375;-0.0078125;1;1
1841;26;10.46875;-10.109375;8.7109375;1;1
1848;27;10.46875;-10.109375;8.7109375;1;1
1890;28;14.1953125;-10.046875;9.2890625;1;1
1938;29;30.5390625;-5.125;17.640625;1;1
1986;30;42.203125;-6.71875;33.7109375;1;1
2037;31;52.390625;-2.625;47.328125;1;1
2084;32;44.59375;-11.359375;52.4453125;1;1
2132;33;58.3828125;-11.796875;54.8125;1;1
2183;34;58.9765625;-4.6875;58.171875;1;1
2229;35;58.6796875;-7.1953125;57.4921875;1;1
2279;36;63.671875;-17.1796875;55.28125;1;1
2327;37;63.5625;-14.3984375;51.703125;1;1
2424;38;68.125;-6.7890625;51.8359375;1;1
2472;39;58.3828125;-7.6796875;52.3125;1;1
2521;40;39.859375;-9.1796875;41.25;1;1
2570;41;34.34375;-8.546875;30.3203125;1;1
2620;42;38.203125;-18.984375;19.6171875;1;1
2669;43;30.2890625;-20.875;15.0234375;1;1
2717;44;33.1796875;17.640625;17.0859375;1;1
2766;45;48.6015625;-6.46875;17.2734375;1;1
2817;46;27.6484375;-6.90625;18.375;1;1
2867;47;24.5;-10.578125;15.125;1;1
2913;48;40.1796875;0.9296875;19.875;1;1
2965;49;30.2890625;-5.7578125;22.375;1;1
3011;50;20.34375;-6.4140625;19.765625;1;1
3059;51;6.8203125;-9.4609375;17.9296875;1;1
3111;52;12.296875;21.078125;22.46875;1;1
3159;53;-13.03125;12.40625;10.84375;1;1
3211;54;-4.375;9.90625;14.0546875;1;1
3254;55;8.734375;12.8125;14.78125;1;1
3302;56;10.671875;14.484375;9.3359375;1;1
3351;57;4.703125;-8.7109375;4.6015625;1;1
3401;58;4.90625;-17.0078125;-0.7421875;1;1
3449;59;15.6875;0.46875;2.1484375;1;1
3498;60;1.4296875;-12.75;-2.2578125;1;1
3546;61;-9.890625;-13.109375;-1.1640625;1;1
3595;62;0.2578125;-3.6796875;-3.7265625;1;1
3643;63;-9.484375;12.6796875;-5.5078125;1;1
3691;64;-1.453125;3.4921875;-2.640625;1;1
3741;65;5.640625;19.8984375;-2.390625;1;1
3790;66;-30.296875;1;-7.4375;1;1
3839;67;-44.75;-31.9140625;-22.5625;1;1
3888;68;-21.125;-8.984375;-26.0625;1;1
3936;69;16.8359375;34.8515625;-11.8046875;1;1
3987;70;-8.3828125;-10.1875;-11.9765625;1;1
4033;71;-29.484375;-19.2109375;-7.4921875;1;1
4083;72;-1.3671875;-3.28125;8.0859375;1;1
4131;73;43.6875;3.3984375;19.6796875;1;1
4180;74;21.0234375;28.3671875;33.671875;1;1
4229;75;42.4140625;-2.328125;45.7109375;1;1
4277;76;65.859375;25.765625;54.7109375;1;1
4328;77;61.53125;16.5703125;53.0859375;1;1
4424;78;54.859375;-25.46875;64.5078125;1;1
4471;79;62.96875;-15.625;68.34375;1;1
4520;80;65.921875;-15.46875;66.140625;1;1
4570;81;78.9765625;-19.046875;61.4765625;1;1
4619;82;78.109375;-20.046875;55.984375;1;1
4670;83;49.7421875;-22.1640625;46.4453125;1;1
4721;84;52.90625;-15.4453125;38.875;1;1
4766;85;55.4140625;-10.2578125;25.84375;1;1
4814;86;38.7890625;-1.671875;11.34375;1;1
4864;87;29.046875;25.34375;11.78125;1;1
4911;88;23.1640625;-3.75;11.7578125;1;1
4960;89;0.8671875;-35.6484375;2.890625;1;1
5009;90;39.0625;-2.9609375;9.828125;1;1
5081;91;77.3828125;41.4609375;33.296875;1;1
5108;92;36.2421875;-19.4140625;31.75;1;1
5157;93;23.421875;-31.421875;38.6328125;1;1
5206;94;52.1015625;-0.8046875;41.5625;1;1
5254;95;82.7578125;4.375;48.0234375;1;1
5304;96;55.203125;-4.703125;51.7578125;1;1
5351;97;28.71875;-17.8203125;50.953125;1;1
5404;98;50.859375;-7.8671875;45.5625;1;1
5456;99;58.6953125;28.5234375;49.2421875;1;1
5501;100;5.8125;-11.125;19.640625;1;1
5548;101;38.5;4.625;24.0625;1;1
5593;102;27.6875;12.0703125;17.109375;1;1
5643;103;-10.25;0.140625;7.296875;1;1
5691;104;-33.96875;-24.0234375;-15.4375;1;1
5742;105;-26.8125;-11.53125;-30.4375;1;1
5793;106;-19.640625;8.6953125;-30.5078125;1;1
5838;107;-48.3828125;10.75;-38.625;1;1
5888;108;-67.9609375;0.140625;-46.0703125;1;1
5940;109;-75.609375;8.53125;-53.09375;1;1
5988;110;-65.0390625;17.328125;-58.421875;1;1
6037;111;-62.234375;21.234375;-48.9921875;1;1
6083;112;-82.0234375;32.0078125;-52.828125;1;1
6131;113;-74.8984375;26.6875;-64.7734375;1;1
6182;114;-135.515625;-38.953125;-87.3046875;1;1
6229;115;-83.3671875;-17.625;-85.640625;1;1
6276;116;-38.296875;60.8515625;-74.0546875;1;1
6375;117;-88.2734375;-14.7421875;-72.453125;1;1
6424;118;-111.2890625;-56.65625;-65.546875;1;1
6429;119;-75.9921875;-7.671875;-53.1328125;1;1
6571;120;-50.3984375;9.328125;-27.53125;1;1
6575;121;-50.3984375;9.328125;-27.53125;1;1
6618;122;-56.203125;-12.90625;-31.546875;1;1
6666;123;-25.359375;40.7109375;-13.6640625;1;1
6715;124;-45.8046875;13.0546875;-27.7421875;1;1
6763;125;-24.453125;5.4453125;-28.1171875;1;1
6816;126;-23.328125;6.359375;-22.4296875;1;1
6861;127;-24.5390625;16.6171875;-25.1171875;1;1
6910;128;-41.28125;0.4140625;-31.421875;1;1
6959;129;-48.015625;3.0625;-41.859375;1;1
7009;130;-53.1328125;21.734375;-56.1015625;1;1
7056;131;-85.296875;2.078125;-74.3046875;1;1
7104;132;-100.0546875;3.6796875;-88.4453125;1;1
7153;133;-91.609375;8.1484375;-96.1796875;1;1
7202;134;-108.8828125;26.1484375;-95.3515625;1;1
7251;135;-121.9296875;-0.0859375;-98.90625;1;1
7299;136;-138.2421875;0.28125;-97.6796875;1;1
7349;137;-105;8.625;-93.359375;1;1
7397;138;-124.234375;7.84375;-90.4921875;1;1
7448;139;-130.1015625;31.96875;-93.9609375;1;1
7495;140;-111.40625;13.0078125;-101.8046875;1;1
7544;141;-124.2734375;-0.484375;-109.5703125;1;1
7594;142;-113.9765625;8.2578125;-103.7109375;1;1
7641;143;-99.5859375;7.0078125;-93.7421875;1;1
7691;144;-111.5546875;4.2265625;-88.640625;1;1
7738;145;-85.7578125;19.0859375;-88.5078125;1;1
7787;146;-73.3203125;-9.6328125;-73.953125;1;1
7836;147;-81.3046875;-10.5078125;-62.109375;1;1
7887;148;-71.09375;-10.546875;-52.3046875;1;1
7933;149;-42.5625;8.359375;-46.6875;1;1
7982;150;-38.2734375;-4.234375;-42.7265625;1;1
8032;151;-48.171875;1.7734375;-34.7421875;1;1
8082;152;-27.7109375;24.4375;-28.4765625;1;1
8130;153;-17.6328125;12.8359375;-21.453125;1;1
8180;154;-32.578125;3.671875;-24.7578125;1;1
8227;155;-25.4921875;18.09375;-24.5234375;1;1
8276;156;-20.0390625;7.046875;-21.5546875;1;1
8381;157;-27.609375;-6.4140625;-22.9375;1;1
8389;158;-22.8046875;-12.90625;-20.859375;1;1
8468;159;-23.9765625;-14.0625;-18.6953125;1;1
8519;160;-26.3046875;-11.9921875;-15.046875;1;1
8569;161;-20.46875;-11.890625;-13.5546875;1;1
8619;162;-22.2265625;-3.3203125;-14.8984375;1;1
8666;163;-11.6171875;3.421875;-9.09375;1;1
8719;164;-7.1875;23.2421875;-7.890625;1;1
8765;165;-4.8515625;34.6171875;-3.5859375;1;1
8812;166;-15.765625;-23.46875;-10.5546875;1;1
8862;167;-28.1015625;-24.2734375;-20.484375;1;1
8909;168;25.671875;27.2421875;-3.53125;1;1
8961;169;5.53125;16.0078125;6.5859375;1;1
9008;170;-11.5859375;-38.546875;2.2734375;1;1
9057;171;-0.34375;-2.671875;9.0078125;1;1
9105;172;34.4453125;-1.7421875;13.390625;1;1
9152;173;32.28125;17.1953125;21.71875;1;1
9201;174;28.9375;18.859375;37.4375;1;1
9252;175;26.1640625;35.1328125;39.015625;1;1
9298;176;61.7890625;-6.1328125;33.2265625;1;1
9347;177;34.6171875;-6.1796875;36.1796875;1;1
9395;178;5.140625;-7.453125;19.0703125;1;1
9445;179;29.9296875;-9.640625;18.4453125;1;1
9496;180;45.8828125;-12.21875;17.6328125;1;1
9542;181;14.796875;-11.2890625;13.8984375;1;1
9591;182;9.7265625;-8.046875;9.6328125;1;1
9641;183;25.9375;-16.484375;10.3984375;1;1
9691;184;16.59375;-14.5859375;8.921875;1;1
9740;185;10.84375;-6.5625;3.6171875;1;1
9787;186;16.359375;4.6171875;-0.28125;1;1
9837;187;8.484375;-1;0.8359375;1;1
9887;188;-4.078125;2.1796875;-3.609375;1;1
9933;189;-17.2734375;-18.6875;-18.3515625;1;1
9981;190;-25.7734375;-16.6484375;-26.2890625;1;1
10031;191;-7.8828125;7.8515625;-19.3046875;1;1
10083;192;5.953125;9.9375;-9.859375;1;1
10142;193;-34.6953125;-8.921875;-16.8828125;1;1
10179;194;-23.8125;-7.2890625;-13.2890625;1;1
10226;195;-2.109375;-2.4765625;-10.640625;1;1
10325;196;-13.2578125;1.1953125;-6.515625;1;1
10331;197;-13.2578125;1.1953125;-6.515625;1;1
10421;198;-24.25;-11.0859375;-8.6953125;1;1
10470;199;-27.921875;17.0625;-13.0703125;1;1
10517;200;-46.2578125;4.2265625;-22.34375;1;1
10566;201;-33.65625;7.71875;-30.1796875;1;1
10615;202;-23.453125;26.0390625;-26.8984375;1;1
10665;203;-44.7265625;27.203125;-28.34375;1;1
10718;204;-40.234375;11.65625;-32.1953125;1;1
10768;205;-43.1953125;-1.78125;-38.3203125;1;1
10810;206;-25.875;12.625;-36.8359375;1;1
10859;207;-41.5703125;14.703125;-31.2265625;1;1
10912;208;-36.515625;8.34375;-25.25;1;1
10960;209;-32.1875;1.9609375;-29.421875;1;1
11008;210;-37.6875;6.1875;-34.46875;1;1
11054;211;-35.484375;4.1953125;-34.4296875;1;1
11104;212;-25.703125;9.1796875;-30.15625;1;1
11151;213;-36.515625;17.015625;-29.796875;1;1
11204;214;-41.953125;-6.3359375;-27.625;1;1
11254;215;-51.671875;-45.3671875;-46.90625;1;1
11297;216;-55.4140625;-13.609375;-57.296875;1;1
11348;217;27.0859375;43.7421875;-32.9609375;1;1
11402;218;-33.4375;-35.6796875;-32.6796875;1;1
11450;219;-74.96875;-32.9453125;-36.9140625;1;1
11496;220;-19.2890625;-12.03125;-25.1328125;1;1
11542;221;11.2890625;6.3125;-12.2421875;1;1
11590;222;-34.984375;14.4609375;-14.9375;1;1
11639;223;-37.265625;0.8515625;-7.9375;1;1
11687;224;-41.3359375;25.828125;-3.703125;1;1
11738;225;-0.453125;28.3984375;-12.0703125;1;1
11788;226;-18.8046875;-9.546875;-7.4453125;1;1
11840;227;-33.265625;12.1171875;-10.96875;1;1
11887;228;-14.0703125;-26.9453125;-12.15625;1;1
11933;229;-43.71875;-25.34375;-21.46875;1;1
11988;230;-46.46875;-3.2265625;-27.7734375;1;1
12034;231;-16.921875;8.5;-21.65625;1;1
12078;232;-18.3515625;-1.9609375;-19.75;1;1
12126;233;-34.7890625;16.3984375;-20.375;1;1
12175;234;-17.359375;10.078125;-17.734375;1;1
12274;235;-29.1796875;44.265625;-15.4765625;1;1
12321;236;-18.28125;42.9453125;-16.375;1;1
12371;237;-18.65625;-29.453125;-40.6640625;1;1
12418;238;-28.9921875;-30.5546875;-37.71875;1;1
12469;239;2.15625;19.6796875;-5.4375;1;1
12556;240;-20.2265625;-8.7421875;-3.78125;1;1
12597;241;-18.828125;-0.484375;-6.1640625;1;1
12618;242;0.6484375;-5.1015625;-4.6171875;1;1
12682;243;19.234375;-17.1953125;-3.515625;1;1
12728;244;6.09375;-4.9140625;-2.9609375;1;1
12769;245;-12.9609375;-5.0390625;4.4609375;1;1
12815;246;-2.5078125;10.9140625;3.7890625;1;1
12861;247;-10.5234375;23.7265625;4.1015625;1;1
12926;248;-3.4765625;17.1796875;6.65625;1;1
12971;249;8.3359375;6.6875;1.0546875;1;1
13018;250;-4.8359375;-22.453125;-10.640625;1;1
13066;251;-12.5859375;-32.3203125;-13.1484375;1;1
13106;252;-0.8046875;-11.8828125;-11.8359375;1;1
13153;253;11.609375;2.078125;-5.7109375;1;1
13199;254;8.046875;9.1328125;-10.09375;1;1
13265;255;-10.1640625;0.8515625;-11;1;1
13307;256;3.453125;12.78125;-3.65625;1;1
13352;257;18.078125;24.1640625;6.53125;1;1
13397;258;-0.796875;34.90625;-2.8359375;1;1
13462;259;-7.125;-5.2734375;-11.0390625;1;1
13508;260;-19.5625;-32.1796875;-22.84375;1;1
13549;261;-20.453125;-15.6328125;-17.8671875;1;1
13595;262;26.78125;26.125;1.78125;1;1
13640;263;-12.734375;-10.4296875;2.28125;1;1
13705;264;-47.6796875;-21.3671875;-3.8984375;1;1
13751;265;-3.1796875;-18.6171875;-2.5;1;1
13792;266;24.640625;-3.6875;6.328125;1;1
13837;267;-12.5234375;6.609375;7.796875;1;1
13883;268;-15.203125;3.71875;9.4453125;1;1
13948;269;8.4296875;21.3828125;11.9296875;1;1
13993;270;-1.5859375;26.2421875;3.4140625;1;1
14039;271;1.984375;2.2578125;9.78125;1;1
14085;272;23.8828125;12.828125;10.796875;1;1
14132;273;17.1484375;-13.75;12.078125;1;1
14232;274;-7.265625;-32.1953125;3.25;1;1
14277;275;11.6796875;-11.7265625;2.859375;1;1
14325;276;18.609375;7.3203125;2.1640625;1;1
14378;277;-11.4140625;0.640625;-3.078125;1;1
14421;278;-15.265625;4.078125;-8.1796875;1;1
14483;279;7.4140625;19.6640625;-3.4453125;1;1
14534;280;8.2890625;20.421875;-3.3828125;1;1
14580;281;0.390625;11.671875;-7.953125;1;1
14621;282;-0.3984375;-1.1328125;-13.96875;1;1
14669;283;-45;-46.03125;-27.5546875;1;1
14728;284;33.4765625;5.6875;-15.0078125;1;1
14768;285;7.1328125;21.6875;-0.46875;1;1
14813;286;-39.40625;-29.40625;-3.8828125;1;1
14875;287;-31.078125;-20.8515625;-2.875;1;1
14916;288;26.484375;-17.2109375;6.6953125;1;1
14957;289;10.03125;5.421875;9.53125;1;1
527;1;-61.5;48.16666793823242;-128.3333282470703;2;1
624;2;-61.5;48.16666793823242;-128.3333282470703;2;1
672;3;-61.5;48.16666793823242;-128.3333282470703;2;1
720;4;-61.5;48.16666793823242;-128.3333282470703;2;1
769;5;-61.5;48.16666793823242;-128.3333282470703;2;1
817;6;-61.5;48.16666793823242;-128.3333282470703;2;1
866;7;-61.5;48.16666793823242;-128.3333282470703;2;1
914;8;-61.5;48.16666793823242;-128.3333282470703;2;1
1012;9;-61.5;48.16666793823242;-128.3333282470703;2;1
1016;10;-61.5;48.16666793823242;-128.3333282470703;2;1
1061;11;-61.5;48.16666793823242;-128.3333282470703;2;1
1110;12;-61.5;48.16666793823242;-128.3333282470703;2;1
1158;13;-61.5;48.16666793823242;-128.3333282470703;2;1
1207;14;-61.5;48.16666793823242;-128.3333282470703;2;1
1256;15;-61.5;48.16666793823242;-128.3333282470703;2;1
1304;16;-61.5;48.16666793823242;-128.3333282470703;2;1
1355;17;-61.5;48.16666793823242;-128.3333282470703;2;1
1402;18;-61.5;48.16666793823242;-128.3333282470703;2;1
1452;19;-61.5;48.16666793823242;-128.3333282470703;2;1
1506;20;-61.5;48.16666793823242;-128.3333282470703;2;1
1552;21;-61.5;48.16666793823242;-128.3333282470703;2;1
1649;22;-61.5;48.16666793823242;-128.3333282470703;2;1
1653;23;-61.5;48.16666793823242;-128.3333282470703;2;1
1699;24;-61.5;48.16666793823242;-128.3333282470703;2;1
1746;25;-61.5;48.16666793823242;-128.3333282470703;2;1
1843;26;-61.5;48.16666793823242;-128.3333282470703;2;1
1850;27;-61.5;48.16666793823242;-128.3333282470703;2;1
1892;28;-61.5;48.16666793823242;-128.3333282470703;2;1
1940;29;-61.5;48.16666793823242;-128.3333282470703;2;1
1987;30;-61.5;48.16666793823242;-128.3333282470703;2;1
2038;31;-61.5;48.16666793823242;-128.3333282470703;2;1
2086;32;-61.5;48.16666793823242;-128.3333282470703;2;1
2133;33;-61.5;48.16666793823242;-128.3333282470703;2;1
2184;34;-61.5;48.16666793823242;-128.3333282470703;2;1
2230;35;-61.5;48.16666793823242;-128.3333282470703;2;1
2280;36;-61.5;48.16666793823242;-128.3333282470703;2;1
2328;37;-61.5;48.16666793823242;-128.3333282470703;2;1
2425;38;-61.5;48.16666793823242;-128.3333282470703;2;1
2473;39;-61.5;48.16666793823242;-128.3333282470703;2;1
2522;40;-61.5;48.16666793823242;-128.3333282470703;2;1
2572;41;-61.5;48.16666793823242;-128.3333282470703;2;1
2622;42;-61.5;48.16666793823242;-128.3333282470703;2;1
2670;43;-61.5;48.16666793823242;-128.3333282470703;2;1
2718;44;-61.5;48.16666793823242;-128.3333282470703;2;1
2767;45;-61.5;48.16666793823242;-128.3333282470703;2;1
2819;46;-61.5;48.16666793823242;-128.3333282470703;2;1
2869;47;-61.5;48.16666793823242;-128.3333282470703;2;1
2915;48;-61.5;48.16666793823242;-128.3333282470703;2;1
2967;49;-61.5;48.16666793823242;-128.3333282470703;2;1
3012;50;-61.5;48.16666793823242;-128.3333282470703;2;1
3060;51;-61.5;48.16666793823242;-128.3333282470703;2;1
3112;52;-61.5;48.16666793823242;-128.3333282470703;2;1
3161;53;-61.5;48.16666793823242;-128.3333282470703;2;1
3213;54;-61.5;48.16666793823242;-128.3333282470703;2;1
3256;55;-61.5;48.16666793823242;-128.3333282470703;2;1
3303;56;-61.5;48.16666793823242;-128.3333282470703;2;1
3352;57;-61.5;48.16666793823242;-128.3333282470703;2;1
3402;58;-61.5;48.16666793823242;-128.3333282470703;2;1
3450;59;-61.5;48.16666793823242;-128.3333282470703;2;1
3499;60;-61.5;48.16666793823242;-128.3333282470703;2;1
3547;61;-61.5;48.16666793823242;-128.3333282470703;2;1
3596;62;-61.5;48.16666793823242;-128.3333282470703;2;1
3645;63;-61.5;48.16666793823242;-128.3333282470703;2;1
3692;64;-61.5;48.16666793823242;-128.3333282470703;2;1
3742;65;-61.5;48.16666793823242;-128.3333282470703;2;1
3791;66;-61.5;48.16666793823242;-128.3333282470703;2;1
3840;67;-61.5;48.16666793823242;-128.3333282470703;2;1
3889;68;-61.5;48.16666793823242;-128.3333282470703;2;1
3936;69;-61.5;48.16666793823242;-128.3333282470703;2;1
3989;70;-61.5;48.16666793823242;-128.3333282470703;2;1
4035;71;-61.5;48.16666793823242;-128.3333282470703;2;1
4084;72;-61.5;48.16666793823242;-128.3333282470703;2;1
4132;73;-61.5;48.16666793823242;-128.3333282470703;2;1
4181;74;-61.5;48.16666793823242;-128.3333282470703;2;1
4230;75;-61.5;48.16666793823242;-128.3333282470703;2;1
4278;76;-61.5;48.16666793823242;-128.3333282470703;2;1
4330;77;-61.5;48.16666793823242;-128.3333282470703;2;1
4425;78;-61.5;48.16666793823242;-128.3333282470703;2;1
4472;79;-61.5;48.16666793823242;-128.3333282470703;2;1
4520;80;-61.5;48.16666793823242;-128.3333282470703;2;1
4571;81;-61.5;48.16666793823242;-128.3333282470703;2;1
4621;82;-61.5;48.16666793823242;-128.3333282470703;2;1
4672;83;-61.5;48.16666793823242;-128.3333282470703;2;1
4723;84;-61.5;48.16666793823242;-128.3333282470703;2;1
4768;85;-61.5;48.16666793823242;-128.3333282470703;2;1
4815;86;-61.5;48.16666793823242;-128.3333282470703;2;1
4865;87;-61.5;48.16666793823242;-128.3333282470703;2;1
4912;88;-61.5;48.16666793823242;-128.3333282470703;2;1
4961;89;-61.5;48.16666793823242;-128.3333282470703;2;1
5010;90;-61.5;48.16666793823242;-128.3333282470703;2;1
5082;91;-61.5;48.16666793823242;-128.3333282470703;2;1
5110;92;-61.5;48.16666793823242;-128.3333282470703;2;1
5159;93;-61.5;48.16666793823242;-128.3333282470703;2;1
5208;94;-61.5;48.16666793823242;-128.3333282470703;2;1
5257;95;-61.5;48.16666793823242;-128.3333282470703;2;1
5307;96;-61.5;48.16666793823242;-128.3333282470703;2;1
5352;97;-61.5;48.16666793823242;-128.3333282470703;2;1
5406;98;-61.5;48.16666793823242;-128.3333282470703;2;1
5458;99;-61.5;48.16666793823242;-128.3333282470703;2;1
5503;100;-61.5;48.16666793823242;-128.3333282470703;2;1
5549;101;-61.5;48.16666793823242;-128.3333282470703;2;1
5594;102;-61.5;48.16666793823242;-128.3333282470703;2;1
5644;103;-61.5;48.16666793823242;-128.3333282470703;2;1
5692;104;-61.5;48.16666793823242;-128.3333282470703;2;1
5744;105;-61.5;48.16666793823242;-128.3333282470703;2;1
5795;106;-61.5;48.16666793823242;-128.3333282470703;2;1
5840;107;-61.5;48.16666793823242;-128.3333282470703;2;1
5889;108;-61.5;48.16666793823242;-128.3333282470703;2;1
5943;109;-61.5;48.16666793823242;-128.3333282470703;2;1
5990;110;-61.5;48.16666793823242;-128.3333282470703;2;1
6038;111;-61.5;48.16666793823242;-128.3333282470703;2;1
6084;112;-61.5;48.16666793823242;-128.3333282470703;2;1
6132;113;-61.5;48.16666793823242;-128.3333282470703;2;1
6184;114;-61.5;48.16666793823242;-128.3333282470703;2;1
6231;115;-61.5;48.16666793823242;-128.3333282470703;2;1
6277;116;-61.5;48.16666793823242;-128.3333282470703;2;1
6376;117;-61.5;48.16666793823242;-128.3333282470703;2;1
6425;118;-61.5;48.16666793823242;-128.3333282470703;2;1
6430;119;-45.33333206176758;26.83333396911621;-37.16666793823242;2;1
6572;120;-45.33333206176758;26.83333396911621;-37.16666793823242;2;1
6576;121;-45.33333206176758;26.83333396911621;-37.16666793823242;2;1
6619;122;-45.33333206176758;26.83333396911621;-37.16666793823242;2;1
6667;123;-45.33333206176758;26.83333396911621;-37.16666793823242;2;1
6716;124;-45.33333206176758;26.83333396911621;-37.16666793823242;2;1
6764;125;-45.33333206176758;26.83333396911621;-37.16666793823242;2;1
6818;126;-45.33333206176758;26.83333396911621;-37.16666793823242;2;1
6863;127;-45.33333206176758;26.83333396911621;-37.16666793823242;2;1
6911;128;-45.33333206176758;26.83333396911621;-37.16666793823242;2;1
6960;129;-45.33333206176758;26.83333396911621;-37.16666793823242;2;1
7011;130;-45.33333206176758;26.83333396911621;-37.16666793823242;2;1
7057;131;-45.33333206176758;26.83333396911621;-37.16666793823242;2;1
7105;132;-45.33333206176758;26.83333396911621;-37.16666793823242;2;1
7154;133;-45.33333206176758;26.83333396911621;-37.16666793823242;2;1
7203;134;-45.33333206176758;26.83333396911621;-37.16666793823242;2;1
7251;135;-45.33333206176758;26.83333396911621;-37.16666793823242;2;1
7300;136;-45.33333206176758;26.83333396911621;-37.16666793823242;2;1
7350;137;-45.33333206176758;26.83333396911621;-37.16666793823242;2;1
7398;138;-45.33333206176758;26.83333396911621;-37.16666793823242;2;1
7449;139;-45.33333206176758;26.83333396911621;-37.16666793823242;2;1
7496;140;-45.33333206176758;26.83333396911621;-37.16666793823242;2;1
7545;141;-45.33333206176758;26.83333396911621;-37.16666793823242;2;1
7595;142;-45.33333206176758;26.83333396911621;-37.16666793823242;2;1
7642;143;-45.33333206176758;26.83333396911621;-37.16666793823242;2;1
7692;144;-45.33333206176758;26.83333396911621;-37.16666793823242;2;1
7739;145;-45.33333206176758;26.83333396911621;-37.16666793823242;2;1
7788;146;-45.33333206176758;26.83333396911621;-37.16666793823242;2;1
7836;147;-45.33333206176758;26.83333396911621;-37.16666793823242;2;1
7888;148;-45.33333206176758;26.83333396911621;-37.16666793823242;2;1
7934;149;-45.33333206176758;26.83333396911621;-37.16666793823242;2;1
7983;150;-45.33333206176758;26.83333396911621;-37.16666793823242;2;1
8033;151;-45.33333206176758;26.83333396911621;-37.16666793823242;2;1
8084;152;-45.33333206176758;26.83333396911621;-37.16666793823242;2;1
8131;153;-45.33333206176758;26.83333396911621;-37.16666793823242;2;1
8182;154;-45.33333206176758;26.83333396911621;-37.16666793823242;2;1
8229;155;-45.33333206176758;26.83333396911621;-37.16666793823242;2;1
8277;156;-45.33333206176758;26.83333396911621;-37.16666793823242;2;1
8383;157;-45.33333206176758;26.83333396911621;-37.16666793823242;2;1
8390;158;-92;51.83333206176758;-137.8333282470703;2;1
8469;159;-92;51.83333206176758;-137.8333282470703;2;1
8520;160;-92;51.83333206176758;-137.8333282470703;2;1
8571;161;-92;51.83333206176758;-137.8333282470703;2;1
8621;162;-92;51.83333206176758;-137.8333282470703;2;1
8667;163;-92;51.83333206176758;-137.8333282470703;2;1
8721;164;-92;51.83333206176758;-137.8333282470703;2;1
8767;165;-92;51.83333206176758;-137.8333282470703;2;1
8813;166;-92;51.83333206176758;-137.8333282470703;2;1
8863;167;-92;51.83333206176758;-137.8333282470703;2;1
8910;168;-92;51.83333206176758;-137.8333282470703;2;1
8963;169;-92;51.83333206176758;-137.8333282470703;2;1
9010;170;-92;51.83333206176758;-137.8333282470703;2;1
9058;171;-92;51.83333206176758;-137.8333282470703;2;1
9107;172;-92;51.83333206176758;-137.8333282470703;2;1
9153;173;-92;51.83333206176758;-137.8333282470703;2;1
9202;174;-92;51.83333206176758;-137.8333282470703;2;1
9253;175;-92;51.83333206176758;-137.8333282470703;2;1
9299;176;-92;51.83333206176758;-137.8333282470703;2;1
9348;177;-92;51.83333206176758;-137.8333282470703;2;1
9396;178;-92;51.83333206176758;-137.8333282470703;2;1
9446;179;-92;51.83333206176758;-137.8333282470703;2;1
9497;180;-92;51.83333206176758;-137.8333282470703;2;1
9543;181;-92;51.83333206176758;-137.8333282470703;2;1
9592;182;-92;51.83333206176758;-137.8333282470703;2;1
9642;183;-92;51.83333206176758;-137.8333282470703;2;1
9692;184;-92;51.83333206176758;-137.8333282470703;2;1
9741;185;-92;51.83333206176758;-137.8333282470703;2;1
9788;186;-92;51.83333206176758;-137.8333282470703;2;1
9839;187;-92;51.83333206176758;-137.8333282470703;2;1
9890;188;-92;51.83333206176758;-137.8333282470703;2;1
9935;189;-92;51.83333206176758;-137.8333282470703;2;1
9982;190;-92;51.83333206176758;-137.8333282470703;2;1
10032;191;-92;51.83333206176758;-137.8333282470703;2;1
10085;192;-92;51.83333206176758;-137.8333282470703;2;1
10143;193;-92;51.83333206176758;-137.8333282470703;2;1
10180;194;-92;51.83333206176758;-137.8333282470703;2;1
10228;195;-92;51.83333206176758;-137.8333282470703;2;1
10327;196;-92.16666412353516;50.16666793823242;-141;2;1
10332;197;-92.16666412353516;50.16666793823242;-141;2;1
10422;198;-92.16666412353516;50.16666793823242;-141;2;1
10471;199;-92.16666412353516;50.16666793823242;-141;2;1
10519;200;-92.16666412353516;50.16666793823242;-141;2;1
10567;201;-92.16666412353516;50.16666793823242;-141;2;1
10616;202;-92.16666412353516;50.16666793823242;-141;2;1
10666;203;-92.16666412353516;50.16666793823242;-141;2;1
10720;204;-92.16666412353516;50.16666793823242;-141;2;1
10769;205;-92.16666412353516;50.16666793823242;-141;2;1
10811;206;-92.16666412353516;50.16666793823242;-141;2;1
10860;207;-92.16666412353516;50.16666793823242;-141;2;1
10914;208;-92.16666412353516;50.16666793823242;-141;2;1
10962;209;-92.16666412353516;50.16666793823242;-141;2;1
11009;210;-92.16666412353516;50.16666793823242;-141;2;1
11055;211;-92.16666412353516;50.16666793823242;-141;2;1
11105;212;-92.16666412353516;50.16666793823242;-141;2;1
11152;213;-92.16666412353516;50.16666793823242;-141;2;1
11208;214;-92.16666412353516;50.16666793823242;-141;2;1
11255;215;-92.16666412353516;50.16666793823242;-141;2;1
11298;216;-92.16666412353516;50.16666793823242;-141;2;1
11349;217;-92.16666412353516;50.16666793823242;-141;2;1
11407;218;-92.16666412353516;50.16666793823242;-141;2;1
11452;219;-92.16666412353516;50.16666793823242;-141;2;1
11498;220;-92.16666412353516;50.16666793823242;-141;2;1
11543;221;-92.16666412353516;50.16666793823242;-141;2;1
11591;222;-92.16666412353516;50.16666793823242;-141;2;1
11640;223;-92.16666412353516;50.16666793823242;-141;2;1
11688;224;-92.16666412353516;50.16666793823242;-141;2;1
11739;225;-92.16666412353516;50.16666793823242;-141;2;1
11789;226;-92.16666412353516;50.16666793823242;-141;2;1
11843;227;-92.16666412353516;50.16666793823242;-141;2;1
11889;228;-92.16666412353516;50.16666793823242;-141;2;1
11934;229;-92.16666412353516;50.16666793823242;-141;2;1
11991;230;-92.16666412353516;50.16666793823242;-141;2;1
12036;231;-92.16666412353516;50.16666793823242;-141;2;1
12080;232;-92.16666412353516;50.16666793823242;-141;2;1
12127;233;-92.16666412353516;50.16666793823242;-141;2;1
12176;234;-92.16666412353516;50.16666793823242;-141;2;1
12275;235;-92.16666412353516;50.16666793823242;-141;2;1
12322;236;-92.16666412353516;50.16666793823242;-141;2;1
12372;237;-92.16666412353516;50.16666793823242;-141;2;1
12419;238;-92.16666412353516;50.16666793823242;-141;2;1
12470;239;-92.16666412353516;50.16666793823242;-141;2;1
12557;240;-92.16666412353516;50.16666793823242;-141;2;1
12598;241;-92.16666412353516;50.16666793823242;-141;2;1
12619;242;-92.16666412353516;50.16666793823242;-141;2;1
12683;243;-92.16666412353516;50.16666793823242;-141;2;1
12729;244;-92.16666412353516;50.16666793823242;-141;2;1
12770;245;-92.16666412353516;50.16666793823242;-141;2;1
12816;246;-92.16666412353516;50.16666793823242;-141;2;1
12862;247;-92.16666412353516;50.16666793823242;-141;2;1
12927;248;-92.16666412353516;50.16666793823242;-141;2;1
12972;249;-92.16666412353516;50.16666793823242;-141;2;1
13019;250;-92.16666412353516;50.16666793823242;-141;2;1
13067;251;-92.16666412353516;50.16666793823242;-141;2;1
13107;252;-92.16666412353516;50.16666793823242;-141;2;1
13154;253;-92.16666412353516;50.16666793823242;-141;2;1
13201;254;-92.16666412353516;50.16666793823242;-141;2;1
13266;255;-92.16666412353516;50.16666793823242;-141;2;1
13308;256;-92.16666412353516;50.16666793823242;-141;2;1
13353;257;-92.16666412353516;50.16666793823242;-141;2;1
13398;258;-92.16666412353516;50.16666793823242;-141;2;1
13463;259;-92.16666412353516;50.16666793823242;-141;2;1
13509;260;-92.16666412353516;50.16666793823242;-141;2;1
13550;261;-92.16666412353516;50.16666793823242;-141;2;1
13596;262;-92.16666412353516;50.16666793823242;-141;2;1
13641;263;-92.16666412353516;50.16666793823242;-141;2;1
13706;264;-92.16666412353516;50.16666793823242;-141;2;1
13752;265;-92.16666412353516;50.16666793823242;-141;2;1
13793;266;-92.16666412353516;50.16666793823242;-141;2;1
13838;267;-92.16666412353516;50.16666793823242;-141;2;1
13884;268;-92.16666412353516;50.16666793823242;-141;2;1
13948;269;-92.16666412353516;50.16666793823242;-141;2;1
13994;270;-92.16666412353516;50.16666793823242;-141;2;1
14040;271;-92.16666412353516;50.16666793823242;-141;2;1
14086;272;-92.16666412353516;50.16666793823242;-141;2;1
14133;273;-92.16666412353516;50.16666793823242;-141;2;1
14233;274;-92.16666412353516;50.16666793823242;-141;2;1
14278;275;-92.16666412353516;50.16666793823242;-141;2;1
14326;276;-92.16666412353516;50.16666793823242;-141;2;1
14379;277;-92.16666412353516;50.16666793823242;-141;2;1
14422;278;-92.16666412353516;50.16666793823242;-141;2;1
14484;279;-92.16666412353516;50.16666793823242;-141;2;1
14535;280;-92.16666412353516;50.16666793823242;-141;2;1
14580;281;-92.16666412353516;50.16666793823242;-141;2;1
14622;282;-92.16666412353516;50.16666793823242;-141;2;1
14669;283;-92.16666412353516;50.16666793823242;-141;2;1
14729;284;-92.16666412353516;50.16666793823242;-141;2;1
14770;285;-92.16666412353516;50.16666793823242;-141;2;1
14814;286;-92.16666412353516;50.16666793823242;-141;2;1
14876;287;-92.16666412353516;50.16666793823242;-141;2;1
14917;288;-92.16666412353516;50.16666793823242;-141;2;1
14959;289;-92.16666412353516;50.16666793823242;-141;2;1
341;0;0.978759765625;-0.1484375;0.21728515625;0;2
390;1;0.971435546875;-0.14501953125;0.21826171875;0;2
437;2;0.982177734375;-0.15185546875;0.162109375;0;2
488;3;0.98779296875;-0.144287109375;0.216796875;0;2
534;4;0.974609375;-0.145263671875;0.21630859375;0;2
581;5;0.984375;-0.146240234375;0.16064453125;0;2
635;6;0.98193359375;-0.150146484375;0.217041015625;0;2
679;7;0.973876953125;-0.14453125;0.157958984375;0;2
728;8;0.97509765625;-0.14599609375;0.1572265625;0;2
776;9;0.983154296875;-0.14111328125;0.1630859375;0;2
826;10;0.979736328125;-0.138671875;0.16259765625;0;2
873;11;0.97216796875;-0.14501953125;0.156982421875;0;2
922;12;0.972900390625;-0.139892578125;0.21533203125;0;2
972;13;0.985107421875;-0.135498046875;0.16064453125;0;2
1022;14;0.976806640625;-0.1376953125;0.1591796875;0;2
1069;15;0.97509765625;-0.133544921875;0.2177734375;0;2
1166;16;0.975830078125;-0.144287109375;0.208740234375;0;2
1215;17;0.978759765625;-0.154296875;0.156982421875;0;2
1265;18;0.99462890625;-0.14697265625;0.176513671875;0;2
1312;19;0.978515625;-0.140380859375;0.204345703125;0;2
1363;20;1.030029296875;-0.139892578125;0.20751953125;0;2
1411;21;0.9755859375;-0.136962890625;0.216796875;0;2
1460;22;0.98876953125;-0.131591796875;0.207763671875;0;2
1516;23;0.988037109375;-0.133544921875;0.202880859375;0;2
1560;24;0.98193359375;-0.13818359375;0.211181640625;0;2
1607;25;0.975830078125;-0.135986328125;0.197265625;0;2
1659;26;0.977783203125;-0.13525390625;0.189697265625;0;2
1708;27;0.970947265625;-0.134033203125;0.192626953125;0;2
1753;28;0.971435546875;-0.05078125;0.124267578125;0;2
1800;29;0.9912109375;-0.1298828125;0.117919921875;0;2
1861;30;0.996826171875;-0.096435546875;0.19921875;0;2
1899;31;1.078369140625;-0.049560546875;0.216796875;0;2
1947;32;0.97119140625;-0.014892578125;0.2021484375;0;2
1995;33;0.930908203125;-0.009521484375;0.13232421875;0;2
2046;34;1.0673828125;-0.0380859375;0.136962890625;0;2
2093;35;1.084228515625;-0.066162109375;0.1005859375;0;2
2141;36;1.02880859375;0.090576171875;0.117431640625;0;2
2192;37;0.9970703125;-0.000244140625;0.14208984375;0;2
2238;38;0.992431640625;-0.07373046875;0.13671875;0;2
2303;39;0.985595703125;-0.081298828125;0.144287109375;0;2
2336;40;0.986328125;-0.010986328125;0.1103515625;0;2
2406;41;1.064453125;-0.013427734375;0.033203125;0;2
2432;42;0.9736328125;-0.13134765625;0.077880859375;0;2
2481;43;0.990478515625;-0.2763671875;0.046630859375;0;2
2530;44;1.117431640625;-0.27685546875;-0.0048828125;0;2
2580;45;0.923828125;-0.186767578125;0.12939453125;0;2
2630;46;1.001220703125;-0.193115234375;0.21484375;0;2
2678;47;1.1474609375;-0.12158203125;0.1083984375;0;2
2726;48;1.02099609375;-0.15771484375;0.216552734375;0;2
2775;49;0.905029296875;-0.119384765625;0.188720703125;0;2
2828;50;0.908203125;-0.14404296875;0.212890625;0;2
2878;51;0.92138671875;-0.19921875;0.2109375;0;2
2922;52;1.015625;-0.197021484375;0.25048828125;0;2
2976;53;1.070068359375;-0.2646484375;0.181884765625;0;2
3020;54;1.084228515625;-0.2021484375;0.3193359375;0;2
3121;55;1.16455078125;-0.278076171875;0.10546875;0;2
3223;56;0.9970703125;-0.0546875;0.0693359375;0;2
3230;57;0.9970703125;-0.0546875;0.0693359375;0;2
3264;58;0.852783203125;-0.060546875;-0.052001953125;0;2
3311;59;0.907958984375;-0.177734375;-0.017822265625;0;2
3360;60;1.07080078125;-0.17138671875;0.154296875;0;2
3409;61;1.06787109375;-0.046630859375;0.098388671875;0;2
3457;62;0.891845703125;-0.05078125;0.103759765625;0;2
3506;63;0.8798828125;-0.093017578125;0.10546875;0;2
3555;64;0.95361328125;-0.086181640625;0.192626953125;0;2
3604;65;1.040283203125;-0.14208984375;0.31884765625;0;2
3652;66;1.1318359375;-0.024169921875;0.181640625;0;2
3701;67;1.0703125;0.0732421875;0.327392578125;0;2
3750;68;1.360595703125;-0.12353515625;0.01904296875;0;2
3798;69;1.126708984375;-0.333984375;0.064697265625;0;2
3848;70;0.796875;-0.294677734375;-0.071044921875;0;2
3897;71;0.915771484375;-0.232177734375;0.06640625;0;2
3945;72;1.122802734375;-0.076904296875;0.10302734375;0;2
3996;73;0.97802734375;-0.0947265625;0.1337890625;0;2
4042;74;0.84375;-0.1396484375;0.20263671875;0;2
4091;75;0.8056640625;-0.087158203125;0.20703125;0;2
4140;76;1.10009765625;0.004638671875;0.152587890625;0;2
4189;77;1.15283203125;-0.190673828125;0.119384765625;0;2
4238;78;1.064453125;-0.040283203125;0.2109375;0;2
4287;79;1.176025390625;0.02880859375;-0.2802734375;0;2
4337;80;1.0029296875;0.07666015625;0.0048828125;0;2
4383;81;0.969482421875;0.052001953125;0.1298828125;0;2
4448;82;1.084228515625;-0.065185546875;0.0771484375;0;2
4480;83;0.930908203125;0.004150390625;-0.009521484375;0;2
4530;84;0.8701171875;-0.00634765625;0.11181640625;0;2
4579;85;0.940673828125;0.011474609375;0.140625;0;2
4628;86;1.02197265625;-0.0419921875;0.135986328125;0;2
4683;87;1.07568359375;-0.14453125;0.173828125;0;2
4733;88;0.985595703125;-0.152099609375;0.269287109375;0;2
4775;89;1.11328125;-0.007568359375;0.111572265625;0;2
4824;90;1.45654296875;-0.03955078125;-0.054931640625;0;2
4872;91;1.09716796875;-0.236328125;0.02880859375;0;2
4920;92;0.828125;-0.25634765625;-0.020263671875;0;2
4970;93;0.958251953125;0.024169921875;0.01953125;0;2
5091;94;1.1357421875;-0.123779296875;0.018310546875;0;2
5118;95;0.983154296875;-0.162353515625;0.2001953125;0;2
5167;96;0.809326171875;-0.112548828125;0.193359375;0;2
5218;97;0.782470703125;-0.111083984375;0.09716796875;0;2
5266;98;1.010009765625;-0.10498046875;0.124755859375;0;2
5316;99;0.96337890625;-0.192138671875;0.1015625;0;2
5360;100;0.92822265625;-0.3974609375;0.218505859375;0;2
5418;101;1.1376953125;-0.235107421875;0.302978515625;0;2
5473;102;1.32275390625;-0.50244140625;0.079345703125;0;2
5514;103;1.15185546875;-0.24951171875;0.03369140625;0;2
5556;104;0.928466796875;-0.06201171875;-0.043212890625;0;2
5602;105;1.08154296875;-0.130126953125;-0.19482421875;0;2
5651;106;0.92333984375;-0.361572265625;0.057373046875;0;2
5700;107;0.984375;-0.31689453125;0.07568359375;0;2
5753;108;0.853515625;-0.119873046875;0.124755859375;0;2
5808;109;0.96826171875;-0.229736328125;0.077880859375;0;2
5848;110;0.92724609375;-0.173583984375;0.09521484375;0;2
5898;111;0.87060546875;-0.230224609375;0.259521484375;0;2
5954;112;0.9130859375;-0.223876953125;0.192626953125;0;2
5997;113;1.080322265625;-0.023193359375;0.2001953125;0;2
6046;114;1.080322265625;-0.107177734375;0.325927734375;0;2
6093;115;1.2705078125;-0.243896484375;0.113037109375;0;2
6139;116;1.218994140625;-0.4345703125;-0.13623046875;0;2
6193;117;0.656494140625;-0.435546875;-0.038330078125;0;2
6237;118;0.9365234375;-0.220947265625;0.091796875;0;2
6289;119;1.1162109375;0.001953125;-0.012451171875;0;2
6334;120;0.936279296875;-0.216064453125;0.1337890625;0;2
6383;121;0.724609375;-0.20703125;0.181640625;0;2
6436;122;0.800048828125;-0.0595703125;0.26025390625;0;2
6480;123;0.968505859375;-0.190185546875;0.216552734375;0;2
6530;124;0.98095703125;-0.3203125;0.17529296875;0;2
6581;125;1.058837890625;-0.259033203125;0.344970703125;0;2
6628;126;1.46142578125;-0.29833984375;-0.000732421875;0;2
6674;127;1.114013671875;-0.177490234375;0.01513671875;0;2
6723;128;0.8388671875;-0.055419921875;-0.042236328125;0;2
6772;129;1.084228515625;-0.196044921875;-0.078369140625;0;2
6827;130;1.0595703125;-0.220458984375;-0.070068359375;0;2
6870;131;1.0185546875;-0.32373046875;0.01220703125;0;2
6919;132;1.017822265625;-0.202392578125;0.07275390625;0;2
7022;133;0.8564453125;-0.20654296875;-0.02392578125;0;2
7065;134;0.92724609375;-0.22412109375;0.071533203125;0;2
7114;135;0.9306640625;-0.25439453125;0.03466796875;0;2
7162;136;0.970458984375;-0.041015625;0.054931640625;0;2
7211;137;1.04296875;0.011962890625;0.019287109375;0;2
7260;138;1.143798828125;-0.3388671875;-0.0830078125;0;2
7308;139;1.097412109375;-0.260986328125;0.1064453125;0;2
7357;140;1.00830078125;-0.21533203125;-0.01904296875;0;2
7406;141;0.850341796875;-0.3046875;0.0634765625;0;2
7456;142;1.0263671875;-0.294189453125;-0.027587890625;0;2
7504;143;0.97314453125;-0.29052734375;0.005615234375;0;2
7553;144;0.98486328125;-0.183837890625;-0.029296875;0;2
7602;145;1.062744140625;0.015625;-0.00341796875;0;2
7650;146;0.947509765625;-0.19921875;0.1396484375;0;2
7700;147;1.08837890625;-0.26904296875;0.137939453125;0;2
7748;148;0.99072265625;0.065185546875;0.078857421875;0;2
7796;149;0.959716796875;0.006591796875;0.087646484375;0;2
7845;150;0.95849609375;-0.146728515625;0.17822265625;0;2
7896;151;1.091552734375;-0.251708984375;0.183349609375;0;2
7942;152;1.1123046875;-0.2587890625;0.233154296875;0;2
7991;153;1.016845703125;-0.199951171875;0.161865234375;0;2
8040;154;1.067138671875;-0.192626953125;0.2548828125;0;2
8092;155;1.14111328125;-0.188720703125;0.128173828125;0;2
8139;156;0.9912109375;-0.09912109375;0.127197265625;0;2
8191;157;0.906494140625;-0.088623046875;0.0205078125;0;2
8236;158;0.97314453125;-0.033447265625;0.03076171875;0;2
8284;159;1.080322265625;0.01123046875;0.0390625;0;2
8333;160;1.083740234375;-0.0263671875;0.048095703125;0;2
8399;161;0.9638671875;-0.069091796875;0.139892578125;0;2
8431;162;0.9306640625;0.003173828125;0.05810546875;0;2
8478;163;0.9326171875;0.0224609375;0.124267578125;0;2
8527;164;0.992919921875;-0.08203125;0.157470703125;0;2
8579;165;1.089599609375;0.0068359375;0.274658203125;0;2
8630;166;1.08203125;0.065673828125;0.226318359375;0;2
8680;167;1.25537109375;0.07861328125;0.0244140625;0;2
8726;168;1.165283203125;-0.248779296875;-0.0234375;0;2
8775;169;0.809814453125;-0.185302734375;0.00634765625;0;2
8821;170;0.946533203125;-0.115478515625;-0.05810546875;0;2
8871;171;1.15234375;-0.05029296875;0.016845703125;0;2
8918;172;0.96923828125;-0.033447265625;0.05859375;0;2
9017;173;0.9931640625;-0.124755859375;0.152099609375;0;2
9066;174;0.859619140625;-0.11572265625;0.137451171875;0;2
9114;175;0.9150390625;-0.040771484375;0.1923828125;0;2
9161;176;1.0390625;-0.021484375;0.188232421875;0;2
9210;177;1.067626953125;-0.202880859375;0.05419921875;0;2
9261;178;1.28076171875;-0.105712890625;-0.192626953125;0;2
9307;179;0.978515625;-0.00439453125;0.005615234375;0;2
9357;180;0.85595703125;-0.0576171875;0.06640625;0;2
9405;181;1.046630859375;-0.189208984375;-0.0048828125;0;2
9454;182;1.063720703125;0.001708984375;0.05615234375;0;2
9505;183;0.9453125;-0.012939453125;0.10888671875;0;2
9551;184;0.94970703125;-0.087646484375;0.09619140625;0;2
9600;185;1.010986328125;0.0087890625;0.1103515625;0;2
9649;186;0.98681640625;-0.088623046875;0.172607421875;0;2
9700;187;0.913818359375;-0.078125;0.25927734375;0;2
9750;188;0.974365234375;-0.077392578125;0.15771484375;0;2
9795;189;1.11572265625;-0.136962890625;0.05810546875;0;2
9846;190;1.195068359375;-0.20703125;0.041748046875;0;2
9900;191;1.218505859375;-0.24462890625;-0.019775390625;0;2
9942;192;0.944091796875;-0.2392578125;-0.08349609375;0;2
9990;193;0.877685546875;-0.245361328125;-0.01123046875;0;2
10040;194;1.06982421875;-0.105712890625;0.070556640625;0;2
10094;195;1.058349609375;-0.261474609375;0.05615234375;0;2
10146;196;0.923095703125;-0.230712890625;0.1396484375;0;2
10189;197;0.889404296875;-0.1142578125;0.14501953125;0;2
10235;198;0.939453125;-0.16455078125;0.11767578125;0;2
10285;199;1.022216796875;-0.25146484375;0.10888671875;0;2
10340;200;1.021728515625;-0.2568359375;0.12060546875;0;2
10384;201;1.010009765625;-0.283447265625;0.26171875;0;2
10430;202;1.20263671875;-0.22509765625;0.09619140625;0;2
10477;203;1.199951171875;-0.294189453125;0.062255859375;0;2
10527;204;1.125732421875;-0.122314453125;0.072509765625;0;2
10574;205;1.004638671875;-0.05615234375;-0.15234375;0;2
10627;206;1.082763671875;-0.172607421875;-0.084228515625;0;2
10674;207;1.03857421875;-0.315673828125;0.06787109375;0;2
10731;208;0.933837890625;-0.127685546875;0.072998046875;0;2
10778;209;0.88623046875;0.023681640625;0.057373046875;0;2
10818;210;0.951171875;-0.028076171875;0.03662109375;0;2
10924;211;0.91162109375;-0.0341796875;0.162841796875;0;2
10973;212;1.030517578125;-0.14892578125;0.2451171875;0;2
11017;213;0.9931640625;-0.1494140625;0.21728515625;0;2
11062;214;1.0048828125;0.0107421875;0.246337890625;0;2
11112;215;1.153564453125;0.02490234375;0.21826171875;0;2
11161;216;1.256591796875;-0.118896484375;0.143310546875;0;2
11221;217;1.06982421875;-0.334228515625;-0.0185546875;0;2
11264;218;0.77978515625;-0.427490234375;-0.063232421875;0;2
11306;219;0.98681640625;-0.315673828125;0.120361328125;0;2
11357;220;1.213134765625;0.0712890625;0.072998046875;0;2
11422;221;0.93798828125;-0.166259765625;0.191650390625;0;2
11461;222;0.812744140625;-0.2080078125;0.185302734375;0;2
11508;223;0.898193359375;-0.1015625;0.184814453125;0;2
11551;224;0.98828125;-0.109130859375;0.120849609375;0;2
11599;225;1.085205078125;-0.17822265625;0.24755859375;0;2
11648;226;1.186767578125;-0.3271484375;0.24609375;0;2
11697;227;1.222900390625;-0.328857421875;0.0888671875;0;2
11747;228;1.0224609375;-0.1474609375;0.018310546875;0;2
11796;229;0.858154296875;-0.059326171875;-0.209716796875;0;2
11857;230;1.070556640625;-0.154296875;-0.0625;0;2
11899;231;1.091796875;-0.271484375;0.08642578125;0;2
11941;232;0.9912109375;-0.245361328125;-0.0048828125;0;2
12006;233;0.94140625;-0.049560546875;0.0439453125;0;2
12044;234;0.8564453125;0.021484375;0.048095703125;0;2
12087;235;0.997802734375;-0.033447265625;0.176513671875;0;2
12134;236;0.97265625;0.00244140625;0.22607421875;0;2
12184;237;1.0654296875;-0.018798828125;0.231689453125;0;2
12234;238;1.271728515625;-0.080810546875;0.1552734375;0;2
12283;239;1.138916015625;-0.40185546875;-0.078125;0;2
12330;240;0.892578125;-0.275390625;-0.03564453125;0;2
12379;241;0.970458984375;-0.092529296875;-0.012451171875;0;2
12428;242;0.99755859375;-0.0224609375;0.12939453125;0;2
12477;243;0.9267578125;-0.08935546875;0.15087890625;0;2
12564;244;0.851318359375;-0.205810546875;0.176025390625;0;2
12604;245;0.834716796875;-0.173095703125;0.1845703125;0;2
12641;246;0.893310546875;-0.129638671875;0.159912109375;0;2
12689;247;0.996826171875;-0.19921875;0.192138671875;0;2
12735;248;1.035888671875;-0.335693359375;0.234619140625;0;2
12788;249;1.301513671875;-0.248046875;0.212158203125;0;2
12834;250;1.281005859375;-0.109375;0.050537109375;0;2
12934;251;0.971435546875;-0.088623046875;-0.199951171875;0;2
12979;252;1.06982421875;-0.05029296875;-0.1044921875;0;2
13026;253;0.990478515625;-0.124755859375;0.1513671875;0;2
13075;254;0.9091796875;-0.0673828125;0.0947265625;0;2
13131;255;0.90625;-0.04931640625;0.10595703125;0;2
13177;256;0.7978515625;0.0205078125;0.216796875;0;2
13223;257;1.011962890625;-0.030517578125;0.162841796875;0;2
13272;258;0.917724609375;-0.089599609375;0.280029296875;0;2
13324;259;0.982666015625;-0.02294921875;0.2783203125;0;2
13370;260;1.134521484375;0.01025390625;0.3271484375;0;2
13420;261;1.347900390625;-0.15380859375;0.06005859375;0;2
13470;262;1.164794921875;-0.24609375;0.001220703125;0;2
13515;263;0.7890625;-0.33251953125;-0.143310546875;0;2
13567;264;0.935546875;-0.12646484375;0.0625;0;2
13613;265;1.036376953125;-0.011474609375;0.056396484375;0;2
13663;266;0.96630859375;-0.1640625;0.127685546875;0;2
13713;267;0.840087890625;-0.26953125;0.2080078125;0;2
13754;268;0.803955078125;-0.14111328125;0.181396484375;0;2
13810;269;1.004150390625;-0.13671875;0.1201171875;0;2
13861;270;0.97607421875;-0.198974609375;0.173095703125;0;2
13907;271;1.08154296875;-0.162109375;0.315185546875;0;2
13955;272;1.50341796875;-0.269287109375;-0.00341796875;0;2
14000;273;1.122314453125;-0.14453125;-0.010986328125;0;2
14047;274;0.9189453125;0.031005859375;-0.1962890625;0;2
14104;275;0.982421875;-0.070556640625;0.0029296875;0;2
14150;276;1.019775390625;-0.20703125;0.04931640625;0;2
14194;277;0.9423828125;-0.09619140625;0.08837890625;0;2
14250;278;0.85009765625;-0.03466796875;0.1240234375;0;2
14296;279;0.885009765625;0.018310546875;0.208251953125;0;2
14348;280;0.944580078125;-0.074462890625;0.117919921875;0;2
14396;281;1.0390625;-0.0380859375;0.240966796875;0;2
14445;282;1.062255859375;0.0849609375;0.24951171875;0;2
14491;283;1.25927734375;-0.10498046875;0.166748046875;0;2
14543;284;1.254638671875;-0.2138671875;0.017578125;0;2
14587;285;1.028076171875;-0.2822265625;-0.11962890625;0;2
14640;286;0.875244140625;-0.33935546875;-0.06689453125;0;2
14687;287;1.142333984375;-0.017578125;0.050048828125;0;2
14735;288;1.09033203125;-0.054443359375;-0.009033203125;0;2
14787;289;0.90625;-0.098388671875;0.192138671875;0;2
14882;290;0.820556640625;-0.212646484375;0.2548828125;0;2
14923;291;0.863037109375;-0.129150390625;0.1689453125;0;2
342;1;-2.5;-0.6875;-0.609375;1;2
392;2;-2.0546875;-0.6640625;-0.59375;1;2
438;3;-1.5234375;0.28125;-0.7890625;1;2
489;4;-2.15625;-0.7265625;-0.6953125;1;2
535;5;-1.2421875;-0.40625;-0.765625;1;2
582;6;-1.3671875;2.15625;0.390625;1;2
637;7;-1.984375;-0.4296875;0.8515625;1;2
680;8;-1.5625;-0.1015625;0.8125;1;2
729;9;-4.0703125;-0.46875;-0.5390625;1;2
777;10;-4.046875;-0.296875;-0.6640625;1;2
827;11;-2.9375;2.140625;-0.6875;1;2
874;12;-1.7890625;-0.5234375;-0.8359375;1;2
923;13;-1.2421875;0.65625;0.515625;1;2
973;14;-1.34375;0.8046875;-0.8125;1;2
1024;15;-2.1640625;0.734375;-0.59375;1;2
1070;16;0.1953125;-1.1640625;-2.1015625;1;2
1167;17;-4.9375;-1.34375;-2.5546875;1;2
1216;18;-1.1953125;0.5390625;-0.546875;1;2
1266;19;0.4140625;-0.7421875;-0.4609375;1;2
1313;20;-4.9609375;-0.1875;0.625;1;2
1364;21;-4.859375;0.2421875;0.3125;1;2
1412;22;-2.609375;-1.28125;-0.890625;1;2
1461;23;-0.390625;-1.4921875;-0.4296875;1;2
1518;24;0.2890625;-2.0859375;0.96875;1;2
1561;25;-0.890625;-2.5390625;0.578125;1;2
1609;26;2.6953125;-2.65625;0.0390625;1;2
1660;27;2.7734375;-4.3515625;-2.0703125;1;2
1709;28;1.5546875;-6.4765625;-2.2734375;1;2
1755;29;8.7734375;-5.7578125;-2.2421875;1;2
1801;30;9.8671875;-6.8203125;0.7265625;1;2
1863;31;14.5625;-6.7265625;-2.578125;1;2
1900;32;26.375;-3;-4.515625;1;2
1948;33;47.921875;7.1171875;-0.1796875;1;2
1996;34;59.9375;0.9609375;9.0078125;1;2
2048;35;62.4453125;-9.59375;9.09375;1;2
2094;36;78.0078125;-1.71875;5.1015625;1;2
2142;37;86.3046875;2.40625;1.9765625;1;2
2194;38;80.9375;-0.546875;2.8359375;1;2
2239;39;81.1875;2.421875;0.859375;1;2
2304;40;88.21875;0.8828125;-3.0859375;1;2
2337;41;89.515625;3.84375;0.015625;1;2
2407;42;79.8828125;5.1484375;1.84375;1;2
2433;43;67.84375;3.9765625;2.5234375;1;2
2482;44;56.65625;1.140625;-4.359375;1;2
2531;45;46.6796875;6.5;-10.03125;1;2
2581;46;33.1171875;6.828125;-12.6484375;1;2
2631;47;27.6015625;6.25;-5.2109375;1;2
2679;48;43.296875;3.5390625;-5.0625;1;2
2727;49;44.25;14.828125;-8.1328125;1;2
2776;50;35.4140625;1.2265625;-9.0078125;1;2
2830;51;42.53125;0.546875;-6.890625;1;2
2879;52;42.1875;3.921875;0.484375;1;2
2923;53;38.921875;-0.2890625;-0.9765625;1;2
2978;54;29.09375;1.8515625;3.8203125;1;2
3021;55;23.1875;7.0234375;7.6015625;1;2
3122;56;13.84375;-2.5859375;9.421875;1;2
3226;57;14.2578125;11.546875;5.96875;1;2
3232;58;14.2578125;11.546875;5.96875;1;2
3266;59;23.8671875;15.2265625;4.3359375;1;2
3312;60;1.625;1.140625;-1.3828125;1;2
3361;61;-7.7265625;-7.2734375;1.2421875;1;2
3410;62;-0.703125;-0.859375;3.8203125;1;2
3458;63;-4.5625;2.46875;7.984375;1;2
3507;64;-7.5;-12.8046875;11.125;1;2
3556;65;-13.5390625;-15.6484375;-2.0390625;1;2
3605;66;-10.9765625;-4.84375;-12.203125;1;2
3653;67;-7.125;15.6640625;-7.1875;1;2
3702;68;4.53125;8.6796875;-4.828125;1;2
3751;69;-30.515625;-13.7265625;-1.6171875;1;2
3799;70;4.4765625;20.1484375;3.28125;1;2
3849;71;-27.25;-3.9140625;-5.2265625;1;2
3898;72;-46.40625;5.6953125;-1.953125;1;2
3946;73;-0.3125;-15.5390625;-6.015625;1;2
3997;74;-5.640625;4.7890625;-4.9765625;1;2
4043;75;-16.6484375;10.7265625;3.359375;1;2
4092;76;12.953125;-13.4921875;-4.21875;1;2
4141;77;48.5859375;-8.2109375;-4.59375;1;2
4190;78;54.9765625;36.796875;10.9296875;1;2
4239;79;70.8203125;17.1796875;11.828125;1;2
4288;80;91.1015625;4.2421875;-10.8984375;1;2
4339;81;74.6015625;10.296875;2.2109375;1;2
4385;82;87.65625;0.75;12.2265625;1;2
4449;83;92.3203125;1.7734375;10.609375;1;2
4481;84;82.625;-5.328125;9.1875;1;2
4531;85;98.234375;-3.7265625;0.796875;1;2
4579;86;81.9140625;-0.7578125;-1.0078125;1;2
4629;87;72.375;-14.90625;-0.8203125;1;2
4685;88;58.3046875;-3.03125;-10.109375;1;2
4735;89;35.046875;3.546875;-18.40625;1;2
4776;90;27.5390625;4.734375;-15.4296875;1;2
4826;91;26.8359375;1.5234375;-7.5546875;1;2
4873;92;18.359375;21.3828125;-6.328125;1;2
4921;93;9.7265625;17.5;-7.6171875;1;2
4971;94;42.7734375;11.8984375;-8.5;1;2
5093;95;61.7890625;4.125;-10.4296875;1;2
5119;96;53.328125;18.1796875;-1;1;2
5169;97;56.328125;19.703125;-4.3046875;1;2
5219;98;68.8828125;10.4296875;-8.0703125;1;2
5268;99;77.625;9.171875;1.6015625;1;2
5318;100;71.359375;18.171875;10.75;1;2
5361;101;56.0546875;4.765625;9.203125;1;2
5420;102;61.28125;7.765625;4.8671875;1;2
5476;103;44.234375;-6.28125;3.421875;1;2
5515;104;29.7890625;10.7265625;3.7109375;1;2
5558;105;42.859375;2.1328125;4.7421875;1;2
5603;106;27.609375;22.1875;6.1171875;1;2
5652;107;-29.2890625;1.3515625;-1.8984375;1;2
5701;108;-40.4921875;-4.7421875;-1.1953125;1;2
5755;109;-18.3046875;3.1015625;-8.203125;1;2
5810;110;-60.28125;-4.515625;6.609375;1;2
5849;111;-86.8046875;-11.03125;9.203125;1;2
5899;112;-83.40625;-8.9296875;2.171875;1;2
5956;113;-90.21875;-4.25;-13.1640625;1;2
5998;114;-79.9765625;-6.34375;-7.8359375;1;2
6048;115;-83.078125;0.9453125;2.171875;1;2
6094;116;-90.9609375;-26.5390625;-11.328125;1;2
6140;117;-87.90625;-1.0859375;-12.6796875;1;2
6194;118;-114.7734375;-14.3359375;6.0234375;1;2
6238;119;-128.3984375;-21.75;-2.6015625;1;2
6290;120;-98.71875;-42.53125;-7.1796875;1;2
6335;121;-89.90625;1.484375;0.3671875;1;2
6384;122;-86.796875;-12.6015625;-8.1015625;1;2
6437;123;-62.546875;-20.3359375;-5.3828125;1;2
6480;124;-41.7890625;-15.59375;2.71875;1;2
6531;125;-45.015625;-19.2890625;11.078125;1;2
6582;126;-33.5546875;-6.4140625;15.125;1;2
6629;127;-22.359375;-18.265625;5.390625;1;2
6676;128;-39.6171875;22.0546875;-0.0546875;1;2
6724;129;-31.03125;-3.0859375;-10.671875;1;2
6773;130;-29.2734375;2.6484375;-3.0703125;1;2
6829;131;-45.453125;8.078125;-0.8984375;1;2
6872;132;-66.5546875;-7.6328125;3.078125;1;2
6920;133;-79.5546875;4.28125;-4.828125;1;2
7023;134;-101.765625;-6.640625;-2.6953125;1;2
7066;135;-120.9453125;-11.578125;-3.0390625;1;2
7115;136;-128.609375;-12.015625;-19.328125;1;2
7163;137;-142.0234375;-15.0625;-22.953125;1;2
7212;138;-140.75;-1.671875;-12.46875;1;2
7261;139;-188.703125;-31.40625;-2.9375;1;2
7309;140;-136.8671875;-19.8125;1.5859375;1;2
7358;141;-123.8671875;-2.8671875;2.09375;1;2
7407;142;-166.3984375;-13.1796875;6.34375;1;2
7458;143;-148.7265625;-22.96875;3.09375;1;2
7505;144;-154.390625;-12.78125;-4.1171875;1;2
7553;145;-159.734375;-18.5078125;-8.6328125;1;2
7604;146;-144.640625;-14.9765625;-10.1171875;1;2
7651;147;-144.6015625;-7.1328125;-1.953125;1;2
7702;148;-147.609375;-28.1796875;-8.625;1;2
7749;149;-88.7421875;-14.3984375;-20.59375;1;2
7797;150;-118.7578125;-11.671875;-13.171875;1;2
7846;151;-103;-34.9453125;-2.4609375;1;2
7897;152;-69.3046875;-20.8984375;2.296875;1;2
7943;153;-56.453125;-11.0859375;-3.609375;1;2
7992;154;-43.0546875;2.6953125;-0.84375;1;2
8041;155;-43.6015625;-12.65625;1.953125;1;2
8094;156;-33.7890625;-5.5703125;-1.8828125;1;2
8140;157;-28.1640625;6.1328125;-8.390625;1;2
8193;158;-34.15625;1.5546875;-6.6953125;1;2
8237;159;-43.859375;-0.984375;0.8984375;1;2
8285;160;-45.5546875;-7.7734375;1.9140625;1;2
8334;161;-39.3046875;-3.25;4.0546875;1;2
8407;162;-34.3671875;-10.0859375;3.2421875;1;2
8432;163;-36.421875;-15.359375;6.3203125;1;2
8478;164;-28.9140625;-14.390625;5.0546875;1;2
8528;165;-25.828125;-11.7109375;3.125;1;2
8581;166;-21.984375;-6.2265625;-2.734375;1;2
8631;167;-11.0234375;7.796875;-3.015625;1;2
8681;168;-21.453125;0.0078125;-13.9609375;1;2
8728;169;-7.484375;21.8671875;-4.1875;1;2
8776;170;-5.640625;10.9140625;0.2265625;1;2
8822;171;-12.53125;-15.953125;-1.640625;1;2
8873;172;-7.0859375;-0.6640625;4.2265625;1;2
8919;173;5.3671875;2.1875;2.640625;1;2
9018;174;12.6484375;6.9296875;0.828125;1;2
9068;175;18.671875;9.59375;-5.203125;1;2
9115;176;31.4140625;5.46875;-6.9296875;1;2
9162;177;44.4765625;20.5625;6.109375;1;2
9210;178;41.7265625;23.984375;19.1171875;1;2
9262;179;53.1953125;7.015625;8.109375;1;2
9308;180;64.234375;21.5078125;-5.7109375;1;2
9358;181;29.0859375;0.109375;0.9765625;1;2
9406;182;16.4609375;1.4609375;-0.140625;1;2
9455;183;27.9296875;-2.0546875;2.6953125;1;2
9506;184;31.15625;0.8984375;-4.109375;1;2
9552;185;15.9921875;-4.125;-4.5390625;1;2
9601;186;9.734375;-3.890625;-1.4609375;1;2
9651;187;18.6484375;-3.53125;-8.546875;1;2
9701;188;9.8359375;-0.2890625;-9.28125;1;2
9752;189;9.71875;-4.5;-8.34375;1;2
9796;190;7.7890625;-11.34375;-6.78125;1;2
9848;191;12.71875;-11.15625;-2.59375;1;2
9901;192;5.75;-6.7421875;-7.4609375;1;2
9943;193;-23.0234375;-2.359375;-5.0625;1;2
9991;194;-36.171875;-2.703125;-4.296875;1;2
10041;195;-7.8671875;-7.1640625;-6.671875;1;2
10097;196;-18.1953125;-5.7109375;-3.6953125;1;2
10147;197;-28.546875;8.53125;0.9765625;1;2
10190;198;-11.7734375;2.2734375;-3.640625;1;2
10236;199;-7.5390625;-5.78125;-0.4921875;1;2
10286;200;-5.8359375;-2.078125;7.1171875;1;2
10342;201;-3.625;-0.4609375;14.703125;1;2
10386;202;-24.4296875;-3.4609375;14;1;2
10432;203;-27.8828125;-8.859375;7.1875;1;2
10478;204;-45.484375;-4.328125;7.6328125;1;2
10529;205;-27.9921875;3.3671875;3.0546875;1;2
10575;206;-30.7890625;12.171875;0.75;1;2
10628;207;-62.46875;15.7890625;-4.875;1;2
10675;208;-78.9296875;-2.4375;-2.671875;1;2
10733;209;-59.625;8.5703125;0.53125;1;2
10779;210;-62.9921875;10.8515625;1.3359375;1;2
10819;211;-51.640625;-6.328125;9.1484375;1;2
10926;212;-54.1875;-14.640625;7.296875;1;2
10974;213;-37.578125;-3.078125;1.703125;1;2
11018;214;-43.5625;4.40625;-3.6875;1;2
11063;215;-35.9375;4.7890625;-3.671875;1;2
11113;216;-50.0390625;-3.3984375;-8.890625;1;2
11162;217;-39.7734375;-10.0078125;-6.6484375;1;2
11223;218;-37.15625;5.9375;-6.8046875;1;2
11265;219;-63.8515625;-20.9453125;-5.59375;1;2
11307;220;-56.671875;-22.7734375;-9.1484375;1;2
11359;221;-35.1640625;-23.1484375;-17.4453125;1;2
11425;222;-52.1328125;2.3125;-1.578125;1;2
11462;223;-48.2578125;-14.8359375;-1.296875;1;2
11510;224;-19.171875;-16.125;-3.046875;1;2
11552;225;-16.4375;-16.3671875;2.5625;1;2
11600;226;-13.5703125;-9.71875;12.0703125;1;2
11649;227;-19.109375;-10.8203125;22.8515625;1;2
11698;228;-21.328125;15.0078125;9.8125;1;2
11749;229;-6.0703125;20.328125;1.3203125;1;2
11797;230;-20.5390625;-11.859375;6.3828125;1;2
11859;231;-22.859375;9.8046875;-6.8671875;1;2
11901;232;-42.8125;-24.5546875;-2.25;1;2
11942;233;-48.0234375;-3.984375;-6.359375;1;2
12009;234;-50.953125;6.7734375;0.7265625;1;2
12045;235;-64.2890625;-5.515625;16.71875;1;2
12089;236;-63.4765625;-5.3828125;14.09375;1;2
12136;237;-32.984375;20.78125;0.796875;1;2
12185;238;-25.8359375;35.9453125;-12.8046875;1;2
12235;239;-38.015625;12.109375;-22.0234375;1;2
12284;240;-20.75;16.140625;-5.4453125;1;2
12331;241;-26.9296875;-8.4375;-3.984375;1;2
12380;242;-37.75;1.515625;-1.4140625;1;2
12429;243;-25.515625;-18.0546875;-3.4921875;1;2
12479;244;-4.8125;-2.265625;-7.4296875;1;2
12566;245;11.0859375;12.046875;-10.6328125;1;2
12605;246;9.84375;-1.2109375;-10.3671875;1;2
12642;247;28.796875;-7.546875;-4.671875;1;2
12690;248;4.8203125;-12.640625;14.2421875;1;2
12736;249;4.7890625;1.5625;24.0078125;1;2
12789;250;5.453125;-19.4296875;11.6484375;1;2
12835;251;-4.90625;15.96875;-0.125;1;2
12935;252;4.21875;-3.9140625;-0.640625;1;2
12979;253;-1.1015625;4.0703125;-5.4453125;1;2
13027;254;-27.203125;-2.28125;-5.828125;1;2
13076;255;-18.0703125;-2.2421875;-2.890625;1;2
13132;256;-11.375;3.7421875;0.140625;1;2
13178;257;-15.859375;4.3125;4.5859375;1;2
13224;258;-14.9375;-1.5234375;1.0703125;1;2
13273;259;-12.5234375;13.5390625;-3.5546875;1;2
13326;260;-4.7734375;5.5859375;-16.46875;1;2
13371;261;14.46875;7.8515625;-10.3359375;1;2
13421;262;-8.9765625;-17.453125;-7.1171875;1;2
13472;263;5.9296875;4.4375;-4.390625;1;2
13516;264;-13.90625;-5.2421875;2.375;1;2
13568;265;-16.140625;-5.703125;6.890625;1;2
13614;266;13.3828125;-17.65625;-2;1;2
13664;267;9.5234375;1.0859375;4.4140625;1;2
13714;268;6.3046875;5.828125;1.3984375;1;2
13755;269;9.59375;-7.578125;-6.8046875;1;2
13811;270;17.3828125;-4.1328125;5.2734375;1;2
13862;271;1.015625;1.578125;17.6640625;1;2
13907;272;2.984375;1.8359375;19.796875;1;2
13956;273;-1.6171875;-16.484375;-2.3125;1;2
14001;274;9.8515625;23.4375;0.140625;1;2
14048;275;5.265625;2.09375;-3.9921875;1;2
14105;276;14.125;20.1171875;-7.6953125;1;2
14151;277;-3.984375;-10.7265625;0.1953125;1;2
14196;278;-0.3046875;-1.4375;0.9765625;1;2
14251;279;-2.09375;-0.796875;2.609375;1;2
14297;280;-10.203125;-2.359375;6.296875;1;2
14352;281;-26.46875;-10.953125;2.4453125;1;2
14397;282;-7.703125;-6.6328125;-11.7265625;1;2
14446;283;1.9765625;16.4375;-18.6484375;1;2
14492;284;-11.453125;-3.59375;-18.03125;1;2
14544;285;-20.921875;-4.8046875;-12.53125;1;2
14588;286;2.796875;11.328125;3.5703125;1;2
14641;287;-17.203125;-4.578125;9.0703125;1;2
14687;288;-7.3203125;-11.9453125;2.84375;1;2
14736;289;2.1484375;4.9140625;6.703125;1;2
14788;290;10.859375;11.2109375;2.6953125;1;2
14883;291;2.890625;2.0703125;-1.7265625;1;2
14923;292;15.8125;6.4375;-3.1484375;1;2
343;1;-76.5;-9.333333015441895;64.66666412353516;2;2
392;2;-74.5;-11.3333330154419;64.66666412353516;2;2
439;3;-76.33333587646484;-10.8333330154419;64.83333587646484;2;2
490;4;-75;-11.3333330154419;106.5;2;2
536;5;-75.5;-10;64;2;2
584;6;-77.66666412353516;-12.16666698455811;65;2;2
638;7;-76.66666412353516;-10.8333330154419;106;2;2
681;8;-77.16666412353516;-10.8333330154419;106.3333358764648;2;2
730;9;-76;-11.5;64.83333587646484;2;2
778;10;-76.16666412353516;-10.16666698455811;64.16666412353516;2;2
828;11;-76.16666412353516;-10.16666698455811;64.16666412353516;2;2
875;12;-77;-11;106.5;2;2
924;13;-78;-12.3333330154419;64.5;2;2
974;14;-76.33333587646484;-12.8333330154419;65.5;2;2
1025;15;-78;-10.8333330154419;66.33333587646484;2;2
1071;16;-79.33333587646484;-10.16666698455811;105.6666641235352;2;2
1168;17;-77.16666412353516;-9.5;65.5;2;2
1217;18;-76;-11.5;106;2;2
1267;19;-75.16666412353516;-11.5;65.5;2;2
1314;20;-76.5;-11;64.16666412353516;2;2
1366;21;-77.16666412353516;-11.5;64.5;2;2
1413;22;-77.5;-12.3333330154419;64.5;2;2
1463;23;-78.16666412353516;-11.8333330154419;106.1666641235352;2;2
1519;24;-79.33333587646484;-11;65;2;2
1562;25;-75.5;-10.8333330154419;64;2;2
1610;26;-76.5;-11.3333330154419;65;2;2
1662;27;-78;-10.8333330154419;64.83333587646484;2;2
1711;28;-77.5;-11.16666698455811;106.3333358764648;2;2
1756;29;-75.5;-10;64.83333587646484;2;2
1803;30;-77.5;-10.8333330154419;65.5;2;2
1865;31;-76.66666412353516;-11.16666698455811;66;2;2
1902;32;-77.33333587646484;-10.5;67.33333587646484;2;2
1950;33;-75.66666412353516;-8.5;67.66666412353516;2;2
1997;34;-75.33333587646484;-9.333333015441895;69.66666412353516;2;2
2049;35;-73.16666412353516;-10.3333330154419;71.66666412353516;2;2
2095;36;-73.16666412353516;-10.8333330154419;73.33333587646484;2;2
2143;37;-71;-10.16666698455811;76.5;2;2
2195;38;-69.83333587646484;-10.5;80.66666412353516;2;2
2240;39;-67.16666412353516;-9.5;82.83333587646484;2;2
2305;40;-64.66666412353516;-9.333333015441895;130;2;2
2338;41;-105.5;-9.166666984558106;133.1666717529297;2;2
2408;42;-105.6666641235352;-9.333333015441895;136.1666717529297;2;2
2434;43;-103.5;-10;138.5;2;2
2483;44;-103.3333358764648;-9;143;2;2
2532;45;-101.6666641235352;-9;145;2;2
2582;46;-102.8333358764648;-7.333333492279053;146;2;2
2633;47;-101.5;-9.5;147;2;2
2680;48;-100;-10;107.5;2;2
2728;49;-100.6666641235352;-10.8333330154419;108.1666641235352;2;2
2777;50;-100.3333358764648;-10.8333330154419;108.1666641235352;2;2
2832;51;-100.5;-10.16666698455811;109.5;2;2
2881;52;-101.1666641235352;-10.3333330154419;112;2;2
2926;53;-100.1666641235352;-11.8333330154419;115.6666641235352;2;2
2980;54;-100.5;-11.8333330154419;115.6666641235352;2;2
3022;55;-100;-10.3333330154419;117.8333358764648;2;2
3123;56;-100;-11.5;118.5;2;2
3227;57;-100;-11.16666698455811;117.8333358764648;2;2
3233;58;-100;-11.16666698455811;117.8333358764648;2;2
3267;59;-99.66666412353516;-8.5;117.6666641235352;2;2
3313;60;-101.1666641235352;-9.5;117.5;2;2
3362;61;-101.6666641235352;-10.5;116.8333358764648;2;2
3411;62;-101.3333358764648;-9.833333015441895;118.8333358764648;2;2
3460;63;-100.1666641235352;-10.16666698455811;117.6666641235352;2;2
3508;64;-102.8333358764648;-11.8333330154419;117.6666641235352;2;2
3557;65;-101.3333358764648;-9.333333015441895;116;2;2
3606;66;-102.3333358764648;-9.166666984558106;115.8333358764648;2;2
3655;67;-101.3333358764648;-10.16666698455811;116.8333358764648;2;2
3703;68;-101.6666641235352;-10.16666698455811;117.6666641235352;2;2
3752;69;-101.5;-9.5;118.1666641235352;2;2
3800;70;-102.1666641235352;-9.333333015441895;116;2;2
3850;71;-101.3333358764648;-7.333333492279053;115.6666641235352;2;2
3900;72;-101.6666641235352;-8.166666984558106;116;2;2
3948;73;-99.5;-10;114.3333358764648;2;2
3999;74;-101.1666641235352;-12.3333330154419;112.8333358764648;2;2
4044;75;-102.1666641235352;-10.16666698455811;115;2;2
4093;76;-102.5;-9.333333015441895;113;2;2
4142;77;-102.8333358764648;-10.16666698455811;113.8333358764648;2;2
4191;78;-101;-9.333333015441895;115.6666641235352;2;2
4240;79;-102.1666641235352;-9.333333015441895;116;2;2
4289;80;-103.6666641235352;-9;119.1666641235352;2;2
4340;81;-102.5;-9;118.8333358764648;2;2
4386;82;-103.5;-8.833333015441895;121.6666641235352;2;2
4451;83;-105.6666641235352;-9.833333015441895;123;2;2
4481;84;-103.8333358764648;-10;126.6666641235352;2;2
4532;85;-106.1666641235352;-9.833333015441895;126.5;2;2
4580;86;-65.33333587646484;-9;172.5;2;2
4630;87;-66.16666412353516;-7.833333492279053;171.8333282470703;2;2
4687;88;-67;-9.833333015441895;174.8333282470703;2;2
4737;89;-67.16666412353516;-10.3333330154419;176.1666717529297;2;2
4778;90;-69;-10.16666698455811;175.6666717529297;2;2
4827;91;-67.33333587646484;-10.16666698455811;176;2;2
4875;92;-70;-10;177;2;2
4922;93;-69;-11;176.5;2;2
4972;94;-68;-9.166666984558106;175.5;2;2
5094;95;-70;-9.166666984558106;175.5;2;2
5121;96;-70.16666412353516;-10.16666698455811;175.6666717529297;2;2
5170;97;-71.33333587646484;-9.833333015441895;176;2;2
5221;98;-74;-8.333333015441895;174;2;2
5269;99;-75;-10.16666698455811;175.3333282470703;2;2
5319;100;-76.66666412353516;-8.333333015441895;172.8333282470703;2;2
5363;101;-78.83333587646484;-9.333333015441895;173.6666717529297;2;2
5422;102;-80.16666412353516;-9;174.1666717529297;2;2
5478;103;-82.16666412353516;-11;127.6666641235352;2;2
5517;104;-83.66666412353516;-10.16666698455811;171;2;2
5559;105;-82.83333587646484;-9;127.1666641235352;2;2
5604;106;-128.6666717529297;-9.833333015441895;126.8333358764648;2;2
5652;107;-84.83333587646484;-9.333333015441895;127.1666641235352;2;2
5702;108;-128.3333282470703;-9.833333015441895;125.3333358764648;2;2
5757;109;-128.5;-8;127;2;2
5813;110;-84.33333587646484;-10.8333330154419;126.3333358764648;2;2
5850;111;-83.16666412353516;-10.3333330154419;127.8333358764648;2;2
5901;112;-80.16666412353516;-7.833333492279053;126.8333358764648;2;2
5957;113;-81.5;-10.3333330154419;172;2;2
5999;114;-79.16666412353516;-10.3333330154419;171.6666717529297;2;2
6049;115;-76.33333587646484;-9.166666984558106;170.8333282470703;2;2
6096;116;-75.16666412353516;-8.833333015441895;171.1666717529297;2;2
6142;117;-73.5;-10;171.6666717529297;2;2
6196;118;-72.33333587646484;-8.833333015441895;127;2;2
6240;119;-70.5;-9;127.6666641235352;2;2
6291;120;-68.33333587646484;-10.8333330154419;127.3333358764648;2;2
6336;121;-67;-9;127.1666641235352;2;2
6386;122;-65.66666412353516;-9.5;124.3333358764648;2;2
6438;123;-64.16666412353516;-11.3333330154419;122.6666641235352;2;2
6481;124;-105.6666641235352;-11;122.6666641235352;2;2
6532;125;-65.16666412353516;-10.3333330154419;120.8333358764648;2;2
6583;126;-105.6666641235352;-12.16666698455811;121.5;2;2
6631;127;-105.1666641235352;-12.8333330154419;120.8333358764648;2;2
6677;128;-106.5;-11.3333330154419;120.6666641235352;2;2
6725;129;-106.3333358764648;-13.5;118.5;2;2
6774;130;-104.3333358764648;-11.16666698455811;116.6666641235352;2;2
6830;131;-106.6666641235352;-12.8333330154419;117.5;2;2
6873;132;-106.5;-12.16666698455811;115.3333358764648;2;2
6921;133;-105.8333358764648;-10.8333330154419;113.1666641235352;2;2
7023;134;-106.6666641235352;-10.3333330154419;112.5;2;2
7067;135;-105.8333358764648;-11.5;108.6666641235352;2;2
7116;136;-105.5;-12;148.5;2;2
7164;137;-64.83333587646484;-12.3333330154419;145.5;2;2
7213;138;-65.83333587646484;-10.5;141.5;2;2
7262;139;-66.33333587646484;-12;136.3333282470703;2;2
7310;140;-67.83333587646484;-11.3333330154419;130.3333282470703;2;2
7359;141;-71.33333587646484;-11.8333330154419;83.83333587646484;2;2
7408;142;-72.83333587646484;-10.3333330154419;78.16666412353516;2;2
7459;143;-76.5;-11.3333330154419;75;2;2
7506;144;-79.33333587646484;-11.8333330154419;70;2;2
7554;145;-83.66666412353516;-12.16666698455811;66.5;2;2
7605;146;-130.3333282470703;-11.8333330154419;65;2;2
7652;147;-130.6666717529297;-12.5;105;2;2
7703;148;-134.6666717529297;-12.5;100;2;2
7750;149;-138.3333282470703;-12.16666698455811;100;2;2
7798;150;-141.5;-11;100;2;2
7847;151;-140.8333282470703;-11.5;99.83333587646484;2;2
7899;152;-144.3333282470703;-10;100.1666641235352;2;2
7944;153;-146.3333282470703;-11.5;98.66666412353516;2;2
7993;154;-147;-8.5;99.16666412353516;2;2
8042;155;-147.1666717529297;-10;99;2;2
8095;156;-148.8333282470703;-8.833333015441895;100.5;2;2
8141;157;-107.1666641235352;-10.5;100.6666641235352;2;2
8195;158;-149;-10.5;100;2;2
8238;159;-148.1666717529297;-9.833333015441895;99.66666412353516;2;2
8286;160;-149;-11.3333330154419;98;2;2
8335;161;-108.1666641235352;-9.5;100.5;2;2
8411;162;-108.5;-10;101;2;2
8434;163;-109.6666641235352;-10;99.33333587646484;2;2
8479;164;-109.6666641235352;-9.166666984558106;103.1666641235352;2;2
8529;165;-111.3333358764648;-10.3333330154419;103.6666641235352;2;2
8582;166;-111.8333358764648;-9.833333015441895;103.5;2;2
8632;167;-111.3333358764648;-10.3333330154419;104.3333358764648;2;2
8682;168;-110.6666641235352;-9.833333015441895;103;2;2
8731;169;-109.6666641235352;-8.333333015441895;104.8333358764648;2;2
8778;170;-112.8333358764648;-8.833333015441895;104.8333358764648;2;2
8823;171;-112;-10.3333330154419;103.6666641235352;2;2
8874;172;-111.8333358764648;-9.833333015441895;103;2;2
8920;173;-111;-7.833333492279053;103;2;2
9019;174;-111.6666641235352;-9.5;104.8333358764648;2;2
9070;175;-111;-8.5;105;2;2
9117;176;-112.6666641235352;-9;101.8333358764648;2;2
9163;177;-111.5;-10.5;101.5;2;2
9212;178;-111.5;-10.5;101.1666641235352;2;2
9263;179;-110.1666641235352;-8.833333015441895;100.1666641235352;2;2
9309;180;-109.6666641235352;-10;99.83333587646484;2;2
9359;181;-110.3333358764648;-9.333333015441895;98;2;2
9407;182;-108.1666641235352;-10;97.16666412353516;2;2
9456;183;-149.1666717529297;-10.3333330154419;97.83333587646484;2;2
9507;184;-107.3333358764648;-10.8333330154419;98.33333587646484;2;2
9553;185;-107.3333358764648;-9.5;97.83333587646484;2;2
9602;186;-147.8333282470703;-11;96.16666412353516;2;2
9652;187;-146.6666717529297;-9.833333015441895;96.5;2;2
9703;188;-148;-11.16666698455811;98.33333587646484;2;2
9754;189;-146.6666717529297;-10.5;97.66666412353516;2;2
9797;190;-146.6666717529297;-9.333333015441895;98.5;2;2
9850;191;-146;-9.166666984558106;98.66666412353516;2;2
9903;192;-145.8333282470703;-9.333333015441895;97.66666412353516;2;2
9944;193;-145.8333282470703;-9.833333015441895;100.3333358764648;2;2
9992;194;-144;-9.166666984558106;99.83333587646484;2;2
10042;195;-147.3333282470703;-9;97.33333587646484;2;2
10099;196;-146;-8.833333015441895;99.33333587646484;2;2
10149;197;-145.3333282470703;-7.333333492279053;99.16666412353516;2;2
10191;198;-146.8333282470703;-8;98.66666412353516;2;2
10238;199;-147.1666717529297;-7.166666507720947;99.33333587646484;2;2
10287;200;-146.1666717529297;-7.333333492279053;100.3333358764648;2;2
10343;201;-146;-9.5;100.1666641235352;2;2
10389;202;-148;-8;98.33333587646484;2;2
10434;203;-148.8333282470703;-8.333333015441895;99;2;2
10478;204;-148.6666717529297;-8.5;96.83333587646484;2;2
10530;205;-107.3333358764648;-9.166666984558106;98.33333587646484;2;2
10576;206;-108.3333358764648;-7.833333492279053;97.66666412353516;2;2
10629;207;-110.1666641235352;-7.5;97.5;2;2
10677;208;-109.5;-8.166666984558106;98;2;2
10735;209;-110.1666641235352;-8.333333015441895;97.83333587646484;2;2
10780;210;-111.5;-9.333333015441895;97.33333587646484;2;2
10820;211;-113;-8.5;98.83333587646484;2;2
10928;212;-114.8333358764648;-8.333333015441895;98.33333587646484;2;2
10976;213;-114.8333358764648;-10.3333330154419;99;2;2
11019;214;-114.6666641235352;-9.833333015441895;98.5;2;2
11065;215;-117.8333358764648;-7.833333492279053;101.1666641235352;2;2
11115;216;-116.6666641235352;-6.166666507720947;100.6666641235352;2;2
11163;217;-116;-9.5;102.5;2;2
11227;218;-117.6666641235352;-9.166666984558106;103.1666641235352;2;2
11266;219;-116.1666641235352;-9.333333015441895;102.6666641235352;2;2
11308;220;-117.5;-10.5;105;2;2
11360;221;-118.1666641235352;-9.333333015441895;65.83333587646484;2;2
11428;222;-118.6666641235352;-8.5;67.66666412353516;2;2
11463;223;-116;-8.833333015441895;69.33333587646484;2;2
11511;224;-117.8333358764648;-7;68;2;2
11553;225;-116.6666641235352;-8.166666984558106;69.66666412353516;2;2
11601;226;-116.1666641235352;-7;73;2;2
11650;227;-117.6666641235352;-7.166666507720947;72.83333587646484;2;2
11699;228;-118.6666641235352;-7;74.16666412353516;2;2
11750;229;-119.5;-8.5;74.16666412353516;2;2
11799;230;-118;-7.166666507720947;72.16666412353516;2;2
11861;231;-118.8333358764648;-10.3333330154419;72.83333587646484;2;2
11902;232;-118.1666641235352;-7.833333492279053;74.16666412353516;2;2
11944;233;-119.8333358764648;-8.5;76.5;2;2
12011;234;-118.1666641235352;-7.333333492279053;77.66666412353516;2;2
12046;235;-118.1666641235352;-10.16666698455811;80;2;2
12090;236;-117.8333358764648;-7.833333492279053;81.5;2;2
12137;237;-117.5;-9;83.5;2;2
12187;238;-118.6666641235352;-10.5;128;2;2
12236;239;-117.5;-9.333333015441895;84.16666412353516;2;2
12285;240;-117.1666641235352;-7.166666507720947;83.66666412353516;2;2
12331;241;-115;-7.833333492279053;129.1666717529297;2;2
12381;242;-116.1666641235352;-8.5;128;2;2
12430;243;-113.3333358764648;-9.5;130.5;2;2
12480;244;-114.6666641235352;-8.5;131.8333282470703;2;2
12567;245;-115.8333358764648;-7.333333492279053;133.3333282470703;2;2
12606;246;-113.5;-7.833333492279053;131.8333282470703;2;2
12642;247;-115;-8.166666984558106;133;2;2
12691;248;-113.6666641235352;-7.5;132.5;2;2
12737;249;-114;-8.333333015441895;132.5;2;2
12790;250;-117.5;-9;131.8333282470703;2;2
12835;251;-116.6666641235352;-8.166666984558106;133.8333282470703;2;2
12936;252;-117.1666641235352;-8.833333015441895;132;2;2
12980;253;-116.5;-8.333333015441895;131.6666717529297;2;2
13028;254;-116.5;-8;132;2;2
13077;255;-115.5;-7.833333492279053;133.3333282470703;2;2
13133;256;-116.6666641235352;-7.833333492279053;133.3333282470703;2;2
13179;257;-117.1666641235352;-9.166666984558106;134.6666717529297;2;2
13225;258;-115.6666641235352;-10;135.5;2;2
13274;259;-115.6666641235352;-7.5;134.6666717529297;2;2
13326;260;-113.8333358764648;-6.5;136.1666717529297;2;2
13372;261;-114.3333358764648;-7.833333492279053;135.6666717529297;2;2
13422;262;-115;-7.833333492279053;134.5;2;2
13472;263;-113.5;-8.5;136.5;2;2
13517;264;-114.6666641235352;-7.333333492279053;137.1666717529297;2;2
13569;265;-115.3333358764648;-6;134.3333282470703;2;2
13615;266;-114.5;-7.166666507720947;136.3333282470703;2;2
13665;267;-116;-8;137.5;2;2
13715;268;-116.1666641235352;-7.333333492279053;137.1666717529297;2;2
13756;269;-116.8333358764648;-7.166666507720947;134.6666717529297;2;2
13812;270;-116.1666641235352;-8.166666984558106;136.8333282470703;2;2
13862;271;-117.1666641235352;-6.833333492279053;134;2;2
13908;272;-119;-10.16666698455811;133.3333282470703;2;2
13957;273;-119.8333358764648;-7.333333492279053;133;2;2
14002;274;-119.5;-10.5;134.5;2;2
14049;275;-119.6666641235352;-7.5;131.6666717529297;2;2
14106;276;-121;-7.333333492279053;132.6666717529297;2;2
14152;277;-120.1666641235352;-8.5;130.3333282470703;2;2
14196;278;-120.6666641235352;-7.333333492279053;131.1666717529297;2;2
14252;279;-120;-8.333333015441895;131.3333282470703;2;2
14298;280;-120.8333358764648;-9.166666984558106;131.3333282470703;2;2
14353;281;-121.1666641235352;-6.333333492279053;131.6666717529297;2;2
14398;282;-120;-9.166666984558106;132;2;2
14446;283;-121;-10.5;132.6666717529297;2;2
14493;284;-120;-7.166666507720947;131.3333282470703;2;2
14546;285;-120;-8.333333015441895;132.8333282470703;2;2
14588;286;-118.8333358764648;-8.333333015441895;134.3333282470703;2;2
14642;287;-119.6666641235352;-7.5;134.6666717529297;2;2
14688;288;-122.1666641235352;-7.333333492279053;133;2;2
14737;289;-122.6666641235352;-8.166666984558106;135.6666717529297;2;2
14788;290;-121.1666641235352;-7.166666507720947;135.5;2;2
14884;291;-119.8333358764648;-7.833333492279053;132.1666717529297;2;2
14924;292;-122;-9.166666984558106;131.6666717529297;2;2
781;0;-0.740234375;0.5712890625;0.24951171875;0;3
830;1;-0.84228515625;0.59814453125;0.297119140625;0;3
878;2;-0.833251953125;0.42578125;0.33203125;0;3
928;3;-0.72119140625;0.518310546875;0.116455078125;0;3
977;4;-0.74169921875;0.651611328125;0.380126953125;0;3
1027;5;-0.780029296875;0.576904296875;0.183837890625;0;3
1074;6;-0.734375;0.531494140625;0.224609375;0;3
1122;7;-0.767578125;0.46875;0.31396484375;0;3
1171;8;-0.729736328125;0.531982421875;0.27587890625;0;3
1220;9;-0.7353515625;0.422607421875;0.248779296875;0;3
1269;10;-0.81396484375;0.483642578125;0.33203125;0;3
1318;11;-0.731201171875;0.6455078125;0.24072265625;0;3
1368;12;-0.7490234375;0.51904296875;0.327392578125;0;3
1416;13;-0.74755859375;0.565673828125;0.23974609375;0;3
1465;14;-0.732421875;0.5859375;0.234130859375;0;3
1523;15;-0.749755859375;0.4755859375;0.315185546875;0;3
1564;16;-0.742919921875;0.591064453125;0.314697265625;0;3
1613;17;-0.7470703125;0.563720703125;0.23583984375;0;3
1663;18;-0.812744140625;0.47021484375;0.25;0;3
1713;19;-0.73828125;0.56396484375;0.246337890625;0;3
1759;20;-0.738525390625;0.59326171875;0.241943359375;0;3
1806;21;-0.7890625;0.514892578125;0.277587890625;0;3
1868;22;-0.825439453125;0.57568359375;0.234619140625;0;3
1904;23;-0.837890625;0.585205078125;0.171875;0;3
1952;24;-0.81591796875;0.59228515625;0.22216796875;0;3
2000;25;-0.821044921875;0.504150390625;0.270751953125;0;3
2052;26;-0.808837890625;0.531005859375;0.211669921875;0;3
2098;27;-0.784423828125;0.471435546875;0.2568359375;0;3
2146;28;-0.822265625;0.568359375;0.317138671875;0;3
2198;29;-0.7802734375;0.517822265625;0.310791015625;0;3
2243;30;-0.7255859375;0.42138671875;0.400634765625;0;3
2307;31;-0.723876953125;0.565673828125;0.309814453125;0;3
2341;32;-0.661376953125;0.572998046875;0.28759765625;0;3
2398;33;-0.713623046875;0.55078125;0.33251953125;0;3
2438;34;-0.75;0.639892578125;0.341796875;0;3
2487;35;-0.66259765625;0.616943359375;0.29296875;0;3
2536;36;-0.751220703125;0.700927734375;0.229248046875;0;3
2586;37;-0.70556640625;0.698486328125;0.2236328125;0;3
2635;38;-0.61962890625;0.70703125;0.236083984375;0;3
2731;39;-0.765625;0.68505859375;0.2529296875;0;3
2780;40;-0.68017578125;0.60888671875;0.25341796875;0;3
2834;41;-0.712646484375;0.64892578125;0.25830078125;0;3
2883;42;-0.6474609375;0.6396484375;0.275634765625;0;3
2929;43;-0.61328125;0.55224609375;0.2734375;0;3
2983;44;-0.622314453125;0.70849609375;0.289306640625;0;3
3025;45;-0.668212890625;0.71484375;0.30517578125;0;3
3073;46;-0.6669921875;0.67236328125;0.343994140625;0;3
3126;47;-0.790771484375;0.765625;0.29052734375;0;3
3173;48;-0.7998046875;0.734619140625;0.342529296875;0;3
3237;49;-0.8427734375;0.623291015625;0.31884765625;0;3
3269;50;-0.7197265625;0.567626953125;0.226806640625;0;3
3316;51;-0.77001953125;0.50439453125;0.25830078125;0;3
3365;52;-0.74072265625;0.505615234375;0.174072265625;0;3
3414;53;-0.732666015625;0.490478515625;0.2255859375;0;3
3463;54;-0.684326171875;0.519775390625;0.23779296875;0;3
3511;55;-0.691162109375;0.502685546875;0.24072265625;0;3
3560;56;-0.61474609375;0.487060546875;0.353271484375;0;3
3609;57;-0.531494140625;0.52734375;0.40185546875;0;3
3658;58;-0.634765625;0.63330078125;0.46044921875;0;3
3706;59;-0.757080078125;0.703857421875;0.406982421875;0;3
3756;60;-0.866455078125;0.780517578125;0.46240234375;0;3
3804;61;-0.89794921875;0.760986328125;0.33154296875;0;3
3852;62;-0.710693359375;0.628173828125;0.27001953125;0;3
3902;63;-0.764892578125;0.48828125;0.13037109375;0;3
3951;64;-0.827392578125;0.53173828125;0.034912109375;0;3
4001;65;-0.772705078125;0.598388671875;0.19384765625;0;3
4048;66;-0.68505859375;0.47900390625;0.189208984375;0;3
4096;67;-0.686279296875;0.570068359375;0.1240234375;0;3
4145;68;-0.7236328125;0.48583984375;0.203369140625;0;3
4193;69;-0.7353515625;0.483642578125;0.20703125;0;3
4243;70;-0.873291015625;0.6318359375;0.121826171875;0;3
4291;71;-1.00244140625;0.557861328125;0.217041015625;0;3
4342;72;-0.8447265625;0.5654296875;0.264404296875;0;3
4388;73;-0.877197265625;0.471923828125;0.24072265625;0;3
4444;74;-0.88232421875;0.478759765625;0.286865234375;0;3
4485;75;-0.834228515625;0.353515625;0.357177734375;0;3
4535;76;-0.6943359375;0.34228515625;0.368408203125;0;3
4584;77;-0.673583984375;0.374755859375;0.363525390625;0;3
4690;78;-0.610107421875;0.467529296875;0.507080078125;0;3
4740;79;-0.574462890625;0.64208984375;0.482421875;0;3
4780;80;-0.51708984375;0.633544921875;0.5888671875;0;3
4830;81;-0.591064453125;0.6806640625;0.55517578125;0;3
4877;82;-0.837158203125;0.824951171875;0.53271484375;0;3
4925;83;-0.903076171875;0.705322265625;0.45703125;0;3
4975;84;-0.56201171875;0.637451171875;0.34521484375;0;3
5023;85;-0.760986328125;0.5361328125;0.181396484375;0;3
5097;86;-0.843505859375;0.553466796875;0.0751953125;0;3
5123;87;-0.6630859375;0.59228515625;0.2724609375;0;3
5173;88;-0.7587890625;0.562744140625;0.2236328125;0;3
5224;89;-0.6025390625;0.586669921875;0.172607421875;0;3
5272;90;-0.64599609375;0.498291015625;0.228759765625;0;3
5322;91;-0.666015625;0.58251953125;0.238525390625;0;3
5365;92;-0.67919921875;0.69091796875;0.232421875;0;3
5426;93;-0.72119140625;0.67529296875;0.35302734375;0;3
5483;94;-0.9521484375;0.763671875;0.189697265625;0;3
5520;95;-0.834228515625;0.7666015625;0.2216796875;0;3
5561;96;-0.74658203125;0.6298828125;0.27392578125;0;3
5607;97;-0.78466796875;0.583740234375;0.2509765625;0;3
5656;98;-0.8359375;0.47265625;0.284423828125;0;3
5705;99;-0.75341796875;0.577392578125;0.30224609375;0;3
5761;100;-0.758544921875;0.68505859375;0.229736328125;0;3
5817;101;-0.680908203125;0.64111328125;0.176513671875;0;3
5852;102;-0.7138671875;0.491943359375;0.246826171875;0;3
5905;103;-0.671142578125;0.6533203125;0.10986328125;0;3
5961;104;-0.557861328125;0.60888671875;0.125;0;3
6001;105;-0.666015625;0.643310546875;0.138427734375;0;3
6052;106;-0.685791015625;0.658203125;0.126220703125;0;3
6099;107;-0.89111328125;0.7724609375;0.095458984375;0;3
6144;108;-0.927978515625;0.761474609375;0.0634765625;0;3
6199;109;-0.768310546875;0.66015625;0.03857421875;0;3
6242;110;-0.740966796875;0.650146484375;-0.063232421875;0;3
6292;111;-0.885009765625;0.611083984375;-0.03857421875;0;3
6340;112;-0.73779296875;0.591552734375;-0.080322265625;0;3
6389;113;-0.659423828125;0.525390625;-0.008544921875;0;3
6440;114;-0.658935546875;0.499755859375;-0.017578125;0;3
6485;115;-0.705810546875;0.56787109375;-0.015869140625;0;3
6535;116;-0.691162109375;0.56396484375;0.0576171875;0;3
6633;117;-0.77099609375;0.562255859375;0.189453125;0;3
6680;118;-1.057861328125;0.77490234375;0.2041015625;0;3
6729;119;-0.946044921875;0.583251953125;0.26171875;0;3
6777;120;-0.740966796875;0.435546875;0.34375;0;3
6833;121;-0.897216796875;0.625732421875;0.171630859375;0;3
6876;122;-0.785888671875;0.63671875;0.23779296875;0;3
6923;123;-0.72021484375;0.4345703125;0.276123046875;0;3
6928;124;-0.66015625;0.5615234375;0.317626953125;0;3
7025;125;-0.688720703125;0.5458984375;0.284912109375;0;3
7070;126;-0.646484375;0.541748046875;0.33056640625;0;3
7119;127;-0.551513671875;0.771484375;0.29345703125;0;3
7167;128;-0.611328125;0.633056640625;0.205322265625;0;3
7216;129;-0.70654296875;0.717529296875;0.268310546875;0;3
7264;130;-0.739013671875;0.734619140625;0.117431640625;0;3
7313;131;-0.87646484375;0.816650390625;0.1455078125;0;3
7363;132;-0.774169921875;0.737060546875;0.091064453125;0;3
7411;133;-0.712158203125;0.71142578125;0.022705078125;0;3
7461;134;-0.6220703125;0.559326171875;-0.00048828125;0;3
7509;135;-0.762451171875;0.7119140625;-0.03076171875;0;3
7557;136;-0.663818359375;0.662109375;0.0673828125;0;3
7608;137;-0.766845703125;0.622802734375;0.086669921875;0;3
7656;138;-0.75634765625;0.700439453125;0.080078125;0;3
7706;139;-0.838623046875;0.62353515625;0.061279296875;0;3
7753;140;-0.73876953125;0.59326171875;0.131591796875;0;3
7801;141;-0.776611328125;0.57763671875;0.048828125;0;3
7850;142;-0.772216796875;0.62744140625;0.138427734375;0;3
7901;143;-0.67236328125;0.46923828125;0.10009765625;0;3
7948;144;-0.7724609375;0.6328125;0.111572265625;0;3
7996;145;-0.767578125;0.67529296875;0.214599609375;0;3
8045;146;-0.729248046875;0.604736328125;0.179931640625;0;3
8098;147;-0.88671875;0.620849609375;0.275390625;0;3
8144;148;-0.783447265625;0.4951171875;0.226806640625;0;3
8198;149;-0.74169921875;0.419189453125;0.229736328125;0;3
8241;150;-0.783447265625;0.568359375;0.329833984375;0;3
8290;151;-0.787353515625;0.52392578125;0.32861328125;0;3
8338;152;-0.9033203125;0.52001953125;0.30029296875;0;3
8413;153;-0.795166015625;0.50537109375;0.347900390625;0;3
8436;154;-0.720458984375;0.445556640625;0.347412109375;0;3
8482;155;-0.657958984375;0.431396484375;0.29248046875;0;3
8584;156;-0.702880859375;0.527587890625;0.4453125;0;3
8590;157;-0.702880859375;0.527587890625;0.4453125;0;3
8684;158;-0.70068359375;0.58740234375;0.359619140625;0;3
8735;159;-0.813232421875;0.58056640625;0.349365234375;0;3
8780;160;-1.070556640625;0.60888671875;0.248046875;0;3
8826;161;-0.787841796875;0.494873046875;0.26611328125;0;3
8877;162;-0.830078125;0.42138671875;0.1845703125;0;3
8922;163;-0.877197265625;0.501708984375;0.20068359375;0;3
8972;164;-0.895263671875;0.577880859375;0.25341796875;0;3
9021;165;-0.832275390625;0.52587890625;0.219482421875;0;3
9073;166;-0.763916015625;0.455322265625;0.182861328125;0;3
9119;167;-0.6787109375;0.472900390625;0.187255859375;0;3
9166;168;-0.75146484375;0.5146484375;0.248046875;0;3
9215;169;-0.7880859375;0.563720703125;0.22412109375;0;3
9266;170;-0.990234375;0.6083984375;0.22119140625;0;3
9312;171;-0.809326171875;0.480712890625;0.309326171875;0;3
9362;172;-0.818359375;0.452880859375;0.2861328125;0;3
9410;173;-0.73583984375;0.5166015625;0.312255859375;0;3
9459;174;-0.780517578125;0.3583984375;0.361083984375;0;3
9509;175;-0.735107421875;0.449462890625;0.366455078125;0;3
9556;176;-0.674072265625;0.51318359375;0.4501953125;0;3
9605;177;-0.656494140625;0.45947265625;0.35791015625;0;3
9654;178;-0.711181640625;0.49755859375;0.368896484375;0;3
9705;179;-0.60791015625;0.524658203125;0.503173828125;0;3
9757;180;-0.66552734375;0.43408203125;0.50732421875;0;3
9801;181;-0.682373046875;0.54736328125;0.4375;0;3
9853;182;-0.895263671875;0.613037109375;0.38720703125;0;3
9906;183;-0.916259765625;0.697998046875;0.341796875;0;3
9947;184;-0.683837890625;0.5556640625;0.24853515625;0;3
9995;185;-0.6474609375;0.568359375;0.260009765625;0;3
10045;186;-0.775146484375;0.644775390625;0.169677734375;0;3
10102;187;-0.810546875;0.647216796875;0.214111328125;0;3
10151;188;-0.7392578125;0.534423828125;0.1875;0;3
10194;189;-0.704345703125;0.562744140625;0.170654296875;0;3
10240;190;-0.594970703125;0.53369140625;0.174560546875;0;3
10290;191;-0.6005859375;0.544921875;0.254638671875;0;3
10345;192;-0.677734375;0.594482421875;0.2197265625;0;3
10394;193;-0.66650390625;0.682373046875;0.385498046875;0;3
10439;194;-0.781982421875;0.75244140625;0.392822265625;0;3
10532;195;-0.77978515625;0.681640625;0.31591796875;0;3
10537;196;-0.77978515625;0.681640625;0.31591796875;0;3
10631;197;-0.72900390625;0.64501953125;0.178955078125;0;3
10680;198;-0.903076171875;0.63232421875;0.280029296875;0;3
10738;199;-0.80810546875;0.49853515625;0.262451171875;0;3
10782;200;-0.74609375;0.517822265625;0.1728515625;0;3
10824;201;-0.7529296875;0.47021484375;0.173583984375;0;3
10872;202;-0.68310546875;0.47021484375;0.22021484375;0;3
10931;203;-0.666015625;0.507568359375;0.240966796875;0;3
10980;204;-0.690185546875;0.492919921875;0.377685546875;0;3
11021;205;-0.61083984375;0.51318359375;0.40625;0;3
11067;206;-0.653564453125;0.556884765625;0.36279296875;0;3
11117;207;-0.68701171875;0.619873046875;0.462158203125;0;3
11165;208;-0.89990234375;0.681884765625;0.403076171875;0;3
11232;209;-0.791015625;0.7607421875;0.375732421875;0;3
11268;210;-0.701171875;0.588134765625;0.170166015625;0;3
11312;211;-0.709716796875;0.63623046875;0.204345703125;0;3
11362;212;-0.72607421875;0.605712890625;0.138671875;0;3
11432;213;-0.76220703125;0.633544921875;0.177001953125;0;3
11465;214;-0.603271484375;0.5419921875;0.2255859375;0;3
11514;215;-0.620849609375;0.59130859375;0.274658203125;0;3
11556;216;-0.60009765625;0.5859375;0.232666015625;0;3
11604;217;-0.692138671875;0.653076171875;0.281982421875;0;3
11653;218;-0.838134765625;0.673828125;0.304931640625;0;3
11701;219;-1.080810546875;0.746826171875;0.32177734375;0;3
11753;220;-0.822509765625;0.6015625;0.28466796875;0;3
11802;221;-0.719970703125;0.578125;0.256103515625;0;3
11866;222;-0.864013671875;0.6328125;0.18017578125;0;3
11906;223;-0.875;0.51611328125;0.2333984375;0;3
11946;224;-0.81689453125;0.40625;0.23876953125;0;3
12015;225;-0.715087890625;0.478515625;0.304931640625;0;3
12049;226;-0.636474609375;0.4677734375;0.396240234375;0;3
12092;227;-0.640625;0.511474609375;0.3896484375;0;3
12140;228;-0.634033203125;0.588623046875;0.4384765625;0;3
12190;229;-0.594482421875;0.573486328125;0.364013671875;0;3
12239;230;-0.757568359375;0.5341796875;0.393310546875;0;3
12288;231;-0.955322265625;0.677734375;0.319091796875;0;3
12335;232;-0.74853515625;0.701171875;0.23974609375;0;3
12384;233;-0.81005859375;0.6083984375;0.214599609375;0;3
12482;234;-0.897216796875;0.541015625;0.166748046875;0;3
12487;235;-0.772216796875;0.468017578125;0.258056640625;0;3
12609;236;-0.615478515625;0.516845703125;0.15771484375;0;3
12644;237;-0.560302734375;0.506591796875;0.26611328125;0;3
12692;238;-0.65380859375;0.47705078125;0.25341796875;0;3
12738;239;-0.59375;0.690673828125;0.301513671875;0;3
12793;240;-0.766357421875;0.70166015625;0.33984375;0;3
12839;241;-0.92333984375;0.6806640625;0.25;0;3
12884;242;-0.922607421875;0.550537109375;0.31982421875;0;3
12938;243;-0.9033203125;0.572265625;0.278564453125;0;3
12983;244;-0.861328125;0.47705078125;0.178955078125;0;3
13037;245;-0.857666015625;0.576904296875;0.22705078125;0;3
13085;246;-0.74658203125;0.45458984375;0.282958984375;0;3
13135;247;-0.7158203125;0.3525390625;0.33837890625;0;3
13181;248;-0.61669921875;0.485107421875;0.337890625;0;3
13228;249;-0.639892578125;0.518798828125;0.358154296875;0;3
13277;250;-0.608642578125;0.474853515625;0.343994140625;0;3
13330;251;-0.60498046875;0.561767578125;0.40380859375;0;3
13375;252;-0.722900390625;0.653076171875;0.50048828125;0;3
13424;253;-0.871826171875;0.772705078125;0.40966796875;0;3
13475;254;-0.948486328125;0.80078125;0.371826171875;0;3
13519;255;-0.75537109375;0.61962890625;0.417724609375;0;3
13572;256;-0.67041015625;0.7099609375;0.380859375;0;3
13618;257;-0.728515625;0.644775390625;0.296875;0;3
13668;258;-0.605224609375;0.518798828125;0.302734375;0;3
13718;259;-0.56103515625;0.426025390625;0.33544921875;0;3
13758;260;-0.476318359375;0.444091796875;0.333740234375;0;3
13815;261;-0.52734375;0.44140625;0.31640625;0;3
13865;262;-0.587158203125;0.490966796875;0.293212890625;0;3
13910;263;-0.6396484375;0.48779296875;0.4501953125;0;3
13960;264;-0.95458984375;0.5322265625;0.294677734375;0;3
14013;265;-0.9267578125;0.5966796875;0.45068359375;0;3
14058;266;-0.851806640625;0.488525390625;0.377197265625;0;3
14110;267;-0.967041015625;0.560302734375;0.393310546875;0;3
14154;268;-0.890625;0.470703125;0.40966796875;0;3
14199;269;-0.775146484375;0.416748046875;0.308349609375;0;3
14255;270;-0.671142578125;0.52001953125;0.4052734375;0;3
14301;271;-0.61962890625;0.420654296875;0.365478515625;0;3
14356;272;-0.61083984375;0.504150390625;0.4404296875;0;3
14448;273;-0.700927734375;0.59326171875;0.365478515625;0;3
14496;274;-0.760498046875;0.578857421875;0.355224609375;0;3
14548;275;-0.9482421875;0.520263671875;0.3896484375;0;3
14590;276;-0.987548828125;0.572998046875;0.308837890625;0;3
14645;277;-0.976318359375;0.60205078125;0.27587890625;0;3
14690;278;-0.791259765625;0.6337890625;0.18017578125;0;3
14740;279;-0.899169921875;0.504638671875;0.209716796875;0;3
14791;280;-0.878662109375;0.50341796875;0.118896484375;0;3
14833;281;-0.7607421875;0.463623046875;0.1708984375;0;3
14886;282;-0.702392578125;0.350341796875;0.25830078125;0;3
14935;283;-0.60009765625;0.412841796875;0.16845703125;0;3
14980;284;-0.60986328125;0.5322265625;0.22412109375;0;3
782;1;-10.125;1.078125;18.3046875;1;3
831;2;87.328125;14.671875;36.5546875;1;3
879;3;-17.3828125;-11.0859375;12.5078125;1;3
929;4;-63.015625;-28.7734375;-11.2109375;1;3
978;5;2.4140625;-19.28125;-0.8125;1;3
1028;6;-21.2421875;-10.3046875;-6.7421875;1;3
1075;7;1.0546875;-11.5078125;-5.375;1;3
1123;8;4.15625;11.3203125;-2.9609375;1;3
1172;9;-15.4453125;11.9140625;-8.921875;1;3
1221;10;14.15625;2.71875;0.2578125;1;3
1270;11;3.90625;10.34375;-1.2109375;1;3
1318;12;-7.4609375;8.9375;-3.125;1;3
1369;13;4.421875;-0.546875;0.84375;1;3
1417;14;-9.265625;-1.9296875;-6.5078125;1;3
1467;15;-0.453125;-1.734375;-4.28125;1;3
1524;16;-0.78125;-2.9375;-4.9140625;1;3
1566;17;-14.8359375;1.046875;-6.84375;1;3
1614;18;0.828125;2.9375;-1.5;1;3
1664;19;-5.8203125;-4.203125;-3.2421875;1;3
1715;20;-13.40625;-1.859375;-6.0234375;1;3
1760;21;-7.859375;0.9921875;0.015625;1;3
1807;22;-8.5546875;-6.0078125;2.7578125;1;3
1869;23;-22.9375;-14.3828125;-1.2421875;1;3
1906;24;-29.5390625;-12.9921875;1.984375;1;3
1953;25;-12.3359375;-18.8828125;4.921875;1;3
2001;26;-31.40625;-25.6484375;4.34375;1;3
2052;27;-48.8828125;-32.515625;9.5;1;3
2098;28;-57.3515625;-45.1015625;3.90625;1;3
2147;29;-67.6484375;-42.828125;4.390625;1;3
2199;30;-48.765625;-32.015625;9.3671875;1;3
2244;31;-68.9296875;-37.0078125;16.1484375;1;3
2308;32;-78.9140625;-53.8671875;17.8359375;1;3
2345;33;-77.421875;-64.6328125;20.8125;1;3
2399;34;-82.7421875;-55.734375;19.15625;1;3
2439;35;-83.796875;-49.2890625;18.8203125;1;3
2488;36;-69.828125;-39.6328125;13.2578125;1;3
2537;37;-51.1796875;-36.046875;15.328125;1;3
2588;38;-62.1796875;-40.046875;11.703125;1;3
2636;39;-48.4140625;-30.7265625;3.640625;1;3
2732;40;-31.21875;-21.359375;7.2734375;1;3
2781;41;-30.625;-21.3828125;1.2265625;1;3
2836;42;-43.4140625;-22.390625;-4.34375;1;3
2886;43;-34.203125;-13.6484375;-3.640625;1;3
2930;44;-31.3046875;-13.3984375;0.0390625;1;3
2984;45;-27.6875;-7.0859375;4.4453125;1;3
3026;46;-14.53125;-4.9921875;7.9296875;1;3
3074;47;-14.1875;-14.578125;14.09375;1;3
3127;48;-20.7109375;-20.0625;20.15625;1;3
3174;49;-7.6171875;-10.640625;19.1015625;1;3
3238;50;12.796875;0.3984375;11.2265625;1;3
3270;51;15.5546875;-10.875;-8.328125;1;3
3317;52;5.5859375;-24.984375;-16.0390625;1;3
3366;53;-1.65625;-25.53125;-8.921875;1;3
3415;54;-8.265625;-27.8359375;-1.3828125;1;3
3464;55;-7.2421875;-30.5078125;-4.78125;1;3
3512;56;-23.2890625;-34.359375;-6.3046875;1;3
3561;57;-11.2890625;-24.1015625;-1.421875;1;3
3610;58;-19.3984375;-5.421875;0.6171875;1;3
3659;59;-7.1015625;10.2265625;-1.5234375;1;3
3707;60;0.96875;11.3828125;-8.1640625;1;3
3757;61;-20.734375;8.7734375;-4.046875;1;3
3805;62;-35.203125;-2.6640625;0.9140625;1;3
3853;63;1.7578125;21.1484375;-10.3515625;1;3
3903;64;16.5;30.2109375;-10.7109375;1;3
3952;65;-19.6015625;7.65625;3.1171875;1;3
4001;66;-4.34375;18.96875;10.8359375;1;3
4049;67;4.9453125;26.0078125;2.609375;1;3
4097;68;-8.09375;5.25;-4.4296875;1;3
4146;69;-1.6875;-9.078125;2.2734375;1;3
4194;70;-27.34375;-21.2578125;3.0703125;1;3
4244;71;-30.5390625;-35.65625;8.8984375;1;3
4292;72;-41.4453125;-52.3828125;20.4375;1;3
4343;73;-70.0703125;-56.6953125;12.90625;1;3
4390;74;-63;-56.8203125;-4.03125;1;3
4446;75;-35.75;-45.75;4.6484375;1;3
4486;76;40.7890625;-57.8671875;25.046875;1;3
4536;77;-38.6640625;-66.2578125;28.8046875;1;3
4585;78;-69.6484375;-62.8671875;28.4609375;1;3
4692;79;-99.71875;-113.9296875;21.2109375;1;3
4741;80;-132.546875;-110.390625;26.0546875;1;3
4781;81;-107.8515625;-85.109375;12.9140625;1;3
4831;82;-65.859375;-81.53125;14.703125;1;3
4877;83;-51.3984375;-80.75;33.7578125;1;3
4926;84;-103.703125;-60.65625;32.6953125;1;3
4976;85;-83.78125;-50.40625;7.578125;1;3
5024;86;12.4296875;-31.7734375;11.125;1;3
5098;87;-34.7265625;-30.703125;28.6171875;1;3
5124;88;-25.1328125;-7.9765625;32.0703125;1;3
5174;89;-35.734375;7.7265625;21.34375;1;3
5225;90;-35.6015625;-5.265625;23.734375;1;3
5274;91;-15.71875;1.71875;31.1484375;1;3
5324;92;-37.3046875;12.609375;33.84375;1;3
5366;93;-62.953125;-6.8828125;46.109375;1;3
5428;94;-60.703125;-3.4296875;53.75;1;3
5486;95;-81.03125;-3.8359375;61.375;1;3
5522;96;-87.5625;-6.03125;67.984375;1;3
5563;97;-69.703125;2.5;45.5859375;1;3
5608;98;-68.5;-5.2265625;5.6796875;1;3
5657;99;-52.0390625;-3.0546875;-11.4921875;1;3
5706;100;-56.09375;-2.8828125;-17.0625;1;3
5763;101;28.9375;6.296875;-19.03125;1;3
5820;102;78.3984375;2.8046875;-17.609375;1;3
5853;103;68.4296875;18.78125;-30.9453125;1;3
5906;104;35.328125;10.6328125;-35.3046875;1;3
5963;105;52.65625;11.3046875;-36.640625;1;3
6002;106;75.46875;36.1796875;-31.0625;1;3
6053;107;76.734375;51.9765625;-27.703125;1;3
6100;108;87.9609375;67.1015625;-16.71875;1;3
6146;109;77.1328125;66.1953125;-5.8125;1;3
6200;110;100.609375;73.828125;-26.4375;1;3
6243;111;135.9375;84.9375;-34.4296875;1;3
6293;112;122.265625;74.3828125;-20.4921875;1;3
6341;113;104.3359375;58.1796875;-18.5625;1;3
6389;114;77.5;54.9921875;-27.3203125;1;3
6440;115;69.3046875;58.8359375;-38.265625;1;3
6486;116;74.96875;50.703125;-36.953125;1;3
6536;117;95.7578125;51.1328125;-24.1640625;1;3
6634;118;86.578125;50.0625;-14.1640625;1;3
6681;119;67.1640625;27.4375;3.328125;1;3
6730;120;23.328125;23.0859375;2.4375;1;3
6778;121;30.5703125;39.734375;-23.1171875;1;3
6835;122;32.8515625;19.1953125;-29.0234375;1;3
6877;123;57.6171875;19.1640625;-27.0703125;1;3
6925;124;45.9140625;24.9921875;-32.3984375;1;3
6928;125;36.0390625;30.3359375;-26.078125;1;3
7026;126;63.375;42.828125;-23.0859375;1;3
7071;127;42.90625;44.484375;-36.1796875;1;3
7120;128;79.5859375;50.65625;-29.8125;1;3
7168;129;108.15625;69.09375;-34.140625;1;3
7217;130;81.3828125;91.9453125;-37.2265625;1;3
7266;131;96.5625;103.3203125;-36.484375;1;3
7314;132;117.171875;106.6640625;-20.765625;1;3
7364;133;123.9140625;107.6796875;-29.3359375;1;3
7412;134;127.3203125;97.8828125;-37.8515625;1;3
7462;135;132.921875;100.046875;-33.3828125;1;3
7510;136;119.21875;98.0234375;-32.5625;1;3
7558;137;107.1484375;87.84375;-27.1796875;1;3
7609;138;110.1484375;94.171875;-27.78125;1;3
7657;139;112.5859375;84.9765625;-37.96875;1;3
7707;140;102.421875;76.6796875;-33.4140625;1;3
7754;141;103.4453125;75.484375;-30.625;1;3
7802;142;75.140625;69.5625;-34.265625;1;3
7851;143;76.859375;67.234375;-17.84375;1;3
7902;144;79.5703125;62.46875;-14.40625;1;3
7949;145;49.5703125;46.7890625;-2.0234375;1;3
7997;146;34.5625;31.8984375;10.0234375;1;3
8047;147;28.5703125;32.421875;-2.4140625;1;3
8099;148;27.5703125;23.515625;-8.1484375;1;3
8145;149;33.125;13.234375;-9.375;1;3
8200;150;22.8046875;11.8828125;-22.328125;1;3
8242;151;28.3125;12.9921875;-22.2421875;1;3
8291;152;48.8125;15.53125;-17.2421875;1;3
8339;153;44.6328125;14.546875;-18.9765625;1;3
8414;154;38.8671875;2.7265625;-15.4296875;1;3
8437;155;21.0625;0.7421875;-9.1953125;1;3
8483;156;12.296875;4.4453125;-3.8203125;1;3
8585;157;-2.171875;10.890625;1.0625;1;3
8592;158;-2.171875;10.890625;1.0625;1;3
8685;159;-4.8046875;5.0234375;-3.296875;1;3
8737;160;0.7109375;10.765625;-10.15625;1;3
8781;161;-2.5078125;17.4921875;-3.421875;1;3
8827;162;-3.28125;6.03125;-10.2109375;1;3
8878;163;20.6875;7.8828125;0.6640625;1;3
8923;164;9.3203125;9.0625;12.125;1;3
8974;165;-16.125;2.8046875;9.2109375;1;3
9022;166;-4.8125;2.515625;3.09375;1;3
9074;167;-19.0390625;-1.4765625;-4.40625;1;3
9121;168;-24.3125;-16.15625;2.59375;1;3
9167;169;-13.640625;-16.4921875;8.4921875;1;3
9216;170;-24.3984375;-24.4375;1.265625;1;3
9268;171;-37.0546875;-34.171875;14.1015625;1;3
9313;172;-27.4921875;-27.0546875;1.4140625;1;3
9362;173;-44.0703125;-32.140625;-19.1953125;1;3
9411;174;-28.5546875;-23.921875;-9.9609375;1;3
9460;175;27.8671875;-19.484375;10.6640625;1;3
9511;176;-33.015625;-25.8671875;1.6171875;1;3
9557;177;-24.1640625;-26.7421875;8.3515625;1;3
9607;178;-20.46875;-12.3984375;5.5546875;1;3
9655;179;-20.9453125;-5.890625;3.515625;1;3
9706;180;-5.7578125;1;7.1796875;1;3
9758;181;-22.3203125;-8.6875;3;1;3
9801;182;-45.515625;-18.484375;6.8203125;1;3
9855;183;-36.9921875;-10.0859375;5.96875;1;3
9907;184;-43.0390625;3.3203125;4.1796875;1;3
9948;185;-14.671875;20.96875;0.875;1;3
9996;186;-9.5234375;21.5859375;-3.78125;1;3
10046;187;9.15625;24.7265625;-1.46875;1;3
10104;188;29.2890625;19.8515625;-3.9921875;1;3
10152;189;5.5625;19.4140625;-10.7890625;1;3
10195;190;1.6875;18.359375;-11.1875;1;3
10241;191;15.5234375;15.109375;-7.59375;1;3
10291;192;20.078125;21.25;0.546875;1;3
10347;193;16.9453125;24.40625;2.15625;1;3
10397;194;22.7578125;12.0390625;-2.640625;1;3
10440;195;27.28125;9.8125;8.65625;1;3
10534;196;28.4296875;25.03125;6.796875;1;3
10537;197;28.4296875;25.03125;6.796875;1;3
10631;198;55.25;21.6796875;-10.7109375;1;3
10682;199;51.4375;9.7578125;-29.078125;1;3
10740;200;52.421875;4.9765625;-40.375;1;3
10783;201;37.0078125;-4.3828125;-34.875;1;3
10825;202;37.921875;6.8125;-27.9140625;1;3
10873;203;48.890625;18.5859375;-27;1;3
10932;204;42.4609375;28.1875;-22.984375;1;3
10981;205;51.828125;32.15625;-18.4453125;1;3
11023;206;37.015625;28.3046875;-8.96875;1;3
11068;207;15.296875;32.8203125;-5.3125;1;3
11118;208;26.640625;32.375;-12.703125;1;3
11166;209;12.921875;23.4296875;-6.5390625;1;3
11234;210;6.390625;28.0859375;-11.078125;1;3
11270;211;15.2734375;32.9375;-25.4375;1;3
11313;212;5.1015625;38.4921875;-18.0546875;1;3
11364;213;30.7265625;41.6484375;1.9140625;1;3
11434;214;38.28125;43.625;2.59375;1;3
11466;215;24.9765625;43.546875;-7.6015625;1;3
11516;216;34.0625;29.5234375;-7.2734375;1;3
11557;217;22.5234375;14.21875;-1.7265625;1;3
11605;218;12.5546875;16.4453125;3.703125;1;3
11654;219;24.0234375;13.515625;15.390625;1;3
11702;220;9.4140625;-0.0859375;27.46875;1;3
11754;221;11.5546875;5.4375;2.96875;1;3
11804;222;20.703125;2.78125;-17.6640625;1;3
11868;223;34.65625;-7.4375;-20.7265625;1;3
11907;224;40.09375;0.796875;-28.8671875;1;3
11947;225;10.234375;8.0703125;-29.421875;1;3
12017;226;36.9296875;-8.734375;-21.03125;1;3
12050;227;34.8046875;1.1796875;-12.1640625;1;3
12093;228;13.171875;16;-11.3671875;1;3
12141;229;22.9609375;4.9921875;-7.5078125;1;3
12191;230;6.734375;5.0703125;-16.0390625;1;3
12240;231;-11.7890625;7.390625;-23.8046875;1;3
12289;232;-27.015625;9.4765625;-9.203125;1;3
12336;233;-23.640625;17.4375;-7;1;3
12385;234;-10.53125;20.140625;-16.4296875;1;3
12484;235;35.3671875;22.5;-6.6875;1;3
12487;236;15.7109375;31.1015625;-7.8671875;1;3
12610;237;-2.5078125;27.40625;-1.6328125;1;3
12645;238;5.8046875;22.3515625;7.921875;1;3
12693;239;-11.9453125;19.75;9.7265625;1;3
12739;240;8.125;15.7421875;11.9453125;1;3
12794;241;-3.671875;12.5078125;22.7265625;1;3
12840;242;-18.234375;5.59375;23.953125;1;3
12885;243;-28.3828125;0.6328125;32.796875;1;3
12939;244;-11.8046875;2.3984375;21.09375;1;3
12983;245;2.46875;-7.875;4.9375;1;3
13038;246;10.6484375;-1.609375;-8.3828125;1;3
13086;247;30.75;-3.46875;-13.7109375;1;3
13136;248;-2.796875;-24.03125;-22.015625;1;3
13182;249;-23.09375;-26.109375;-24.625;1;3
13229;250;7.9453125;-17.578125;-19.453125;1;3
13277;251;11.2890625;-12.8984375;-19.421875;1;3
13331;252;-8.921875;-13.75;-21.734375;1;3
13376;253;-0.078125;-13.453125;-26.7890625;1;3
13425;254;-10.484375;-11.828125;-27.0234375;1;3
13476;255;-10.640625;-10.171875;-14.3125;1;3
13520;256;32.1171875;3.34375;-31.203125;1;3
13573;257;54.65625;2.46875;-44.828125;1;3
13619;258;52.609375;-12.6953125;-34.8984375;1;3
13668;259;34.2265625;-14.078125;-42.359375;1;3
13718;260;18.625;-16.2421875;-35.1875;1;3
13759;261;7.3984375;-11.5703125;-23.75;1;3
13816;262;-2.9453125;-6.8671875;-4.03125;1;3
13866;263;2.109375;3.2421875;28;1;3
13911;264;0.296875;22.9296875;50.734375;1;3
13960;265;-31.9296875;36.1875;74.921875;1;3
14013;266;-41.2734375;53.078125;88.3203125;1;3
14059;267;-42.0078125;50.4296875;72.859375;1;3
14111;268;-43.78125;18.390625;51.6484375;1;3
14156;269;-26.078125;13.4296875;37.6875;1;3
14200;270;-47.890625;2.046875;19.3671875;1;3
14256;271;-43.1015625;-14.546875;9.875;1;3
14302;272;-30.5703125;-9.390625;7.9296875;1;3
14357;273;-28.265625;-6.3515625;3.4375;1;3
14449;274;-18.125;-4.6640625;-4.3125;1;3
14496;275;15.6171875;1.8203125;-11.6328125;1;3
14550;276;-4.734375;-16.078125;-11.40625;1;3
14591;277;-40.6796875;-13.296875;-10.1484375;1;3
14646;278;-60.7109375;-5.6015625;-17.5;1;3
14691;279;12.90625;4.4609375;-30.5546875;1;3
14740;280;61.1015625;12.4375;-27.3203125;1;3
14792;281;28.7109375;8.4140625;-19.0234375;1;3
14834;282;10.2109375;-3.21875;-15.34375;1;3
14887;283;-0.6640625;1.828125;-23.9453125;1;3
14936;284;-30.9375;6.1015625;-35.2421875;1;3
14981;285;18.6875;5.0546875;-14.28125;1;3
783;1;0;0;0;2;3
832;2;0;0;0;2;3
880;3;0;0;0;2;3
929;4;0;0;0;2;3
979;5;0;0;0;2;3
1029;6;0;0;0;2;3
1076;7;0;0;0;2;3
1124;8;0;0;0;2;3
1172;9;0;0;0;2;3
1222;10;0;0;0;2;3
1271;11;0;0;0;2;3
1319;12;0;0;0;2;3
1370;13;0;0;0;2;3
1417;14;0;0;0;2;3
1467;15;0;0;0;2;3
1526;16;0;0;0;2;3
1567;17;0;0;0;2;3
1615;18;0;0;0;2;3
1665;19;0;0;0;2;3
1716;20;0;0;0;2;3
1761;21;0;0;0;2;3
1808;22;0;0;0;2;3
1870;23;0;0;0;2;3
1907;24;0;0;0;2;3
1955;25;0;0;0;2;3
2001;26;0;0;0;2;3
2053;27;0;0;0;2;3
2099;28;0;0;0;2;3
2148;29;0;0;0;2;3
2200;30;0;0;0;2;3
2245;31;0;0;0;2;3
2309;32;0;0;0;2;3
2346;33;0;0;0;2;3
2400;34;0;0;0;2;3
2440;35;0;0;0;2;3
2489;36;0;0;0;2;3
2538;37;0;0;0;2;3
2589;38;0;0;0;2;3
2637;39;0;0;0;2;3
2733;40;0;0;0;2;3
2782;41;0;0;0;2;3
2838;42;0;0;0;2;3
2887;43;0;0;0;2;3
2932;44;0;0;0;2;3
2986;45;0;0;0;2;3
3027;46;0;0;0;2;3
3075;47;0;0;0;2;3
3129;48;0;0;0;2;3
3176;49;0;0;0;2;3
3240;50;0;0;0;2;3
3271;51;0;0;0;2;3
3318;52;0;0;0;2;3
3367;53;0;0;0;2;3
3416;54;0;0;0;2;3
3465;55;0;0;0;2;3
3513;56;0;0;0;2;3
3561;57;0;0;0;2;3
3611;58;0;0;0;2;3
3659;59;0;0;0;2;3
3707;60;0;0;0;2;3
3757;61;0;0;0;2;3
3806;62;0;0;0;2;3
3854;63;0;0;0;2;3
3904;64;0;0;0;2;3
3953;65;0;0;0;2;3
4002;66;0;0;0;2;3
4050;67;0;0;0;2;3
4098;68;0;0;0;2;3
4147;69;0;0;0;2;3
4195;70;0;0;0;2;3
4244;71;0;0;0;2;3
4293;72;0;0;0;2;3
4345;73;0;0;0;2;3
4399;74;0;0;0;2;3
4446;75;0;0;0;2;3
4486;76;0;0;0;2;3
4537;77;0;0;0;2;3
4586;78;0;0;0;2;3
4694;79;0;0;0;2;3
4743;80;0;0;0;2;3
4782;81;0;0;0;2;3
4832;82;0;0;0;2;3
4878;83;0;0;0;2;3
4927;84;0;0;0;2;3
4977;85;0;0;0;2;3
5024;86;0;0;0;2;3
5099;87;0;0;0;2;3
5125;88;0;0;0;2;3
5176;89;0;0;0;2;3
5227;90;0;0;0;2;3
5276;91;0;0;0;2;3
5325;92;0;0;0;2;3
5367;93;0;0;0;2;3
5430;94;0;0;0;2;3
5488;95;0;0;0;2;3
5523;96;0;0;0;2;3
5564;97;0;0;0;2;3
5609;98;0;0;0;2;3
5658;99;0;0;0;2;3
5706;100;0;0;0;2;3
5764;101;0;0;0;2;3
5822;102;0;0;0;2;3
5854;103;0;0;0;2;3
5908;104;0;0;0;2;3
5964;105;0;0;0;2;3
6003;106;0;0;0;2;3
6055;107;0;0;0;2;3
6101;108;0;0;0;2;3
6147;109;0;0;0;2;3
6202;110;0;0;0;2;3
6244;111;0;0;0;2;3
6294;112;0;0;0;2;3
6342;113;0;0;0;2;3
6390;114;0;0;0;2;3
6441;115;0;0;0;2;3
6486;116;0;0;0;2;3
6537;117;0;0;0;2;3
6635;118;0;0;0;2;3
6682;119;0;0;0;2;3
6730;120;0;0;0;2;3
6779;121;0;0;0;2;3
6836;122;0;0;0;2;3
6878;123;0;0;0;2;3
6926;124;0;0;0;2;3
6929;125;-2.666666746139526;-59.16666793823242;-107.8333358764648;2;3
7027;126;-2.666666746139526;-59.16666793823242;-107.8333358764648;2;3
7071;127;-2.666666746139526;-59.16666793823242;-107.8333358764648;2;3
7121;128;-2.666666746139526;-59.16666793823242;-107.8333358764648;2;3
7169;129;-2.666666746139526;-59.16666793823242;-107.8333358764648;2;3
7218;130;-2.666666746139526;-59.16666793823242;-107.8333358764648;2;3
7266;131;-2.666666746139526;-59.16666793823242;-107.8333358764648;2;3
7315;132;-2.666666746139526;-59.16666793823242;-107.8333358764648;2;3
7365;133;-2.666666746139526;-59.16666793823242;-107.8333358764648;2;3
7413;134;-2.666666746139526;-59.16666793823242;-107.8333358764648;2;3
7463;135;-2.666666746139526;-59.16666793823242;-107.8333358764648;2;3
7511;136;-2.666666746139526;-59.16666793823242;-107.8333358764648;2;3
7559;137;-2.666666746139526;-59.16666793823242;-107.8333358764648;2;3
7609;138;-2.666666746139526;-59.16666793823242;-107.8333358764648;2;3
7658;139;-2.666666746139526;-59.16666793823242;-107.8333358764648;2;3
7708;140;-2.666666746139526;-59.16666793823242;-107.8333358764648;2;3
7755;141;-2.666666746139526;-59.16666793823242;-107.8333358764648;2;3
7803;142;-2.666666746139526;-59.16666793823242;-107.8333358764648;2;3
7851;143;-2.666666746139526;-59.16666793823242;-107.8333358764648;2;3
7902;144;-2.666666746139526;-59.16666793823242;-107.8333358764648;2;3
7950;145;-2.666666746139526;-59.16666793823242;-107.8333358764648;2;3
7998;146;-2.666666746139526;-59.16666793823242;-107.8333358764648;2;3
8048;147;-2.666666746139526;-59.16666793823242;-107.8333358764648;2;3
8100;148;-2.666666746139526;-59.16666793823242;-107.8333358764648;2;3
8146;149;-2.666666746139526;-59.16666793823242;-107.8333358764648;2;3
8201;150;-2.666666746139526;-59.16666793823242;-107.8333358764648;2;3
8243;151;-2.666666746139526;-59.16666793823242;-107.8333358764648;2;3
8292;152;-2.666666746139526;-59.16666793823242;-107.8333358764648;2;3
8339;153;-2.666666746139526;-59.16666793823242;-107.8333358764648;2;3
8416;154;-2.666666746139526;-59.16666793823242;-107.8333358764648;2;3
8438;155;-2.666666746139526;-59.16666793823242;-107.8333358764648;2;3
8484;156;-2.666666746139526;-59.16666793823242;-107.8333358764648;2;3
8587;157;56.16666793823242;-58.83333206176758;-153.3333282470703;2;3
8593;158;56.16666793823242;-58.83333206176758;-153.3333282470703;2;3
8686;159;56.16666793823242;-58.83333206176758;-153.3333282470703;2;3
8739;160;56.16666793823242;-58.83333206176758;-153.3333282470703;2;3
8782;161;56.16666793823242;-58.83333206176758;-153.3333282470703;2;3
8828;162;56.16666793823242;-58.83333206176758;-153.3333282470703;2;3
8879;163;56.16666793823242;-58.83333206176758;-153.3333282470703;2;3
8924;164;56.16666793823242;-58.83333206176758;-153.3333282470703;2;3
8975;165;56.16666793823242;-58.83333206176758;-153.3333282470703;2;3
9023;166;56.16666793823242;-58.83333206176758;-153.3333282470703;2;3
9076;167;56.16666793823242;-58.83333206176758;-153.3333282470703;2;3
9122;168;56.16666793823242;-58.83333206176758;-153.3333282470703;2;3
9168;169;56.16666793823242;-58.83333206176758;-153.3333282470703;2;3
9217;170;56.16666793823242;-58.83333206176758;-153.3333282470703;2;3
9268;171;56.16666793823242;-58.83333206176758;-153.3333282470703;2;3
9314;172;56.16666793823242;-58.83333206176758;-153.3333282470703;2;3
9363;173;56.16666793823242;-58.83333206176758;-153.3333282470703;2;3
9412;174;56.16666793823242;-58.83333206176758;-153.3333282470703;2;3
9460;175;56.16666793823242;-58.83333206176758;-153.3333282470703;2;3
9511;176;56.16666793823242;-58.83333206176758;-153.3333282470703;2;3
9557;177;56.16666793823242;-58.83333206176758;-153.3333282470703;2;3
9609;178;56.16666793823242;-58.83333206176758;-153.3333282470703;2;3
9657;179;56.16666793823242;-58.83333206176758;-153.3333282470703;2;3
9708;180;56.16666793823242;-58.83333206176758;-153.3333282470703;2;3
9759;181;56.16666793823242;-58.83333206176758;-153.3333282470703;2;3
9802;182;56.16666793823242;-58.83333206176758;-153.3333282470703;2;3
9857;183;56.16666793823242;-58.83333206176758;-153.3333282470703;2;3
9908;184;56.16666793823242;-58.83333206176758;-153.3333282470703;2;3
9949;185;56.16666793823242;-58.83333206176758;-153.3333282470703;2;3
9997;186;56.16666793823242;-58.83333206176758;-153.3333282470703;2;3
10047;187;56.16666793823242;-58.83333206176758;-153.3333282470703;2;3
10106;188;56.16666793823242;-58.83333206176758;-153.3333282470703;2;3
10153;189;56.16666793823242;-58.83333206176758;-153.3333282470703;2;3
10196;190;56.16666793823242;-58.83333206176758;-153.3333282470703;2;3
10242;191;56.16666793823242;-58.83333206176758;-153.3333282470703;2;3
10292;192;56.16666793823242;-58.83333206176758;-153.3333282470703;2;3
10348;193;56.16666793823242;-58.83333206176758;-153.3333282470703;2;3
10399;194;56.16666793823242;-58.83333206176758;-153.3333282470703;2;3
10441;195;56.16666793823242;-58.83333206176758;-153.3333282470703;2;3
10535;196;50.16666793823242;-59.66666793823242;-158.8333282470703;2;3
10538;197;50.16666793823242;-59.66666793823242;-158.8333282470703;2;3
10632;198;50.16666793823242;-59.66666793823242;-158.8333282470703;2;3
10683;199;50.16666793823242;-59.66666793823242;-158.8333282470703;2;3
10742;200;50.16666793823242;-59.66666793823242;-158.8333282470703;2;3
10784;201;50.16666793823242;-59.66666793823242;-158.8333282470703;2;3
10826;202;50.16666793823242;-59.66666793823242;-158.8333282470703;2;3
10874;203;50.16666793823242;-59.66666793823242;-158.8333282470703;2;3
10934;204;50.16666793823242;-59.66666793823242;-158.8333282470703;2;3
10983;205;50.16666793823242;-59.66666793823242;-158.8333282470703;2;3
11024;206;50.16666793823242;-59.66666793823242;-158.8333282470703;2;3
11069;207;50.16666793823242;-59.66666793823242;-158.8333282470703;2;3
11119;208;50.16666793823242;-59.66666793823242;-158.8333282470703;2;3
11167;209;50.16666793823242;-59.66666793823242;-158.8333282470703;2;3
11237;210;50.16666793823242;-59.66666793823242;-158.8333282470703;2;3
11271;211;50.16666793823242;-59.66666793823242;-158.8333282470703;2;3
11313;212;50.16666793823242;-59.66666793823242;-158.8333282470703;2;3
11365;213;50.16666793823242;-59.66666793823242;-158.8333282470703;2;3
11436;214;50.16666793823242;-59.66666793823242;-158.8333282470703;2;3
11467;215;50.16666793823242;-59.66666793823242;-158.8333282470703;2;3
11517;216;50.16666793823242;-59.66666793823242;-158.8333282470703;2;3
11558;217;50.16666793823242;-59.66666793823242;-158.8333282470703;2;3
11606;218;50.16666793823242;-59.66666793823242;-158.8333282470703;2;3
11655;219;50.16666793823242;-59.66666793823242;-158.8333282470703;2;3
11703;220;50.16666793823242;-59.66666793823242;-158.8333282470703;2;3
11755;221;50.16666793823242;-59.66666793823242;-158.8333282470703;2;3
11805;222;50.16666793823242;-59.66666793823242;-158.8333282470703;2;3
11870;223;50.16666793823242;-59.66666793823242;-158.8333282470703;2;3
11909;224;50.16666793823242;-59.66666793823242;-158.8333282470703;2;3
11948;225;50.16666793823242;-59.66666793823242;-158.8333282470703;2;3
12019;226;50.16666793823242;-59.66666793823242;-158.8333282470703;2;3
12051;227;50.16666793823242;-59.66666793823242;-158.8333282470703;2;3
12094;228;50.16666793823242;-59.66666793823242;-158.8333282470703;2;3
12142;229;50.16666793823242;-59.66666793823242;-158.8333282470703;2;3
12192;230;50.16666793823242;-59.66666793823242;-158.8333282470703;2;3
12240;231;50.16666793823242;-59.66666793823242;-158.8333282470703;2;3
12290;232;50.16666793823242;-59.66666793823242;-158.8333282470703;2;3
12337;233;50.16666793823242;-59.66666793823242;-158.8333282470703;2;3
12386;234;50.16666793823242;-59.66666793823242;-158.8333282470703;2;3
12485;235;50.16666793823242;-59.66666793823242;-158.8333282470703;2;3
12488;236;30;-28.33333396911621;-172.6666717529297;2;3
12611;237;30;-28.33333396911621;-172.6666717529297;2;3
12646;238;30;-28.33333396911621;-172.6666717529297;2;3
12694;239;30;-28.33333396911621;-172.6666717529297;2;3
12740;240;30;-28.33333396911621;-172.6666717529297;2;3
12794;241;30;-28.33333396911621;-172.6666717529297;2;3
12840;242;30;-28.33333396911621;-172.6666717529297;2;3
12886;243;30;-28.33333396911621;-172.6666717529297;2;3
12940;244;30;-28.33333396911621;-172.6666717529297;2;3
12984;245;30;-28.33333396911621;-172.6666717529297;2;3
13039;246;30;-28.33333396911621;-172.6666717529297;2;3
13087;247;30;-28.33333396911621;-172.6666717529297;2;3
13137;248;30;-28.33333396911621;-172.6666717529297;2;3
13183;249;30;-28.33333396911621;-172.6666717529297;2;3
13229;250;30;-28.33333396911621;-172.6666717529297;2;3
13278;251;30;-28.33333396911621;-172.6666717529297;2;3
13331;252;30;-28.33333396911621;-172.6666717529297;2;3
13377;253;30;-28.33333396911621;-172.6666717529297;2;3
13427;254;30;-28.33333396911621;-172.6666717529297;2;3
13477;255;30;-28.33333396911621;-172.6666717529297;2;3
13520;256;30;-28.33333396911621;-172.6666717529297;2;3
13574;257;30;-28.33333396911621;-172.6666717529297;2;3
13620;258;30;-28.33333396911621;-172.6666717529297;2;3
13669;259;30;-28.33333396911621;-172.6666717529297;2;3
13719;260;30;-28.33333396911621;-172.6666717529297;2;3
13760;261;30;-28.33333396911621;-172.6666717529297;2;3
13817;262;30;-28.33333396911621;-172.6666717529297;2;3
13867;263;30;-28.33333396911621;-172.6666717529297;2;3
13912;264;30;-28.33333396911621;-172.6666717529297;2;3
13961;265;30;-28.33333396911621;-172.6666717529297;2;3
14014;266;30;-28.33333396911621;-172.6666717529297;2;3
14060;267;30;-28.33333396911621;-172.6666717529297;2;3
14111;268;30;-28.33333396911621;-172.6666717529297;2;3
14156;269;30;-28.33333396911621;-172.6666717529297;2;3
14201;270;30;-28.33333396911621;-172.6666717529297;2;3
14257;271;30;-28.33333396911621;-172.6666717529297;2;3
14303;272;30;-28.33333396911621;-172.6666717529297;2;3
14358;273;30;-28.33333396911621;-172.6666717529297;2;3
14449;274;30;-28.33333396911621;-172.6666717529297;2;3
14497;275;30;-28.33333396911621;-172.6666717529297;2;3
14551;276;30;-28.33333396911621;-172.6666717529297;2;3
14592;277;30;-28.33333396911621;-172.6666717529297;2;3
14647;278;30;-28.33333396911621;-172.6666717529297;2;3
14692;279;30;-28.33333396911621;-172.6666717529297;2;3
14741;280;30;-28.33333396911621;-172.6666717529297;2;3
14793;281;30;-28.33333396911621;-172.6666717529297;2;3
14835;282;30;-28.33333396911621;-172.6666717529297;2;3
14888;283;30;-28.33333396911621;-172.6666717529297;2;3
14937;284;30;-28.33333396911621;-172.6666717529297;2;3
14982;285;30;-28.33333396911621;-172.6666717529297;2;3
222;0;0.24359130859375;-0.0264892578125;-0.0079345703125;0;4
226;1;0.24407958984375;-0.026611328125;-0.021240234375;0;4
236;2;0.24322509765625;-0.02685546875;-0.021484375;0;4
242;3;0.24322509765625;-0.02685546875;-0.021484375;0;4
283;4;0.24273681640625;-0.02642822265625;-0.021484375;0;4
335;5;0.24334716796875;-0.0272216796875;-0.02215576171875;0;4
383;6;0.24310302734375;-0.0272216796875;-0.02081298828125;0;4
432;7;0.2435302734375;-0.02734375;-0.020751953125;0;4
483;8;0.24334716796875;-0.02783203125;-0.0208740234375;0;4
529;9;0.2431640625;-0.02685546875;-0.02227783203125;0;4
577;10;0.24224853515625;-0.0279541015625;-0.0220947265625;0;4
628;11;0.243408203125;-0.0262451171875;-0.00823974609375;0;4
674;12;0.24346923828125;-0.0267333984375;-0.0213623046875;0;4
722;13;0.243408203125;-0.02801513671875;-0.00799560546875;0;4
771;14;0.2430419921875;-0.02728271484375;-0.02264404296875;0;4
820;15;0.24310302734375;-0.0277099609375;-0.02301025390625;0;4
869;16;0.2431640625;-0.02862548828125;-0.00787353515625;0;4
918;17;0.2423095703125;-0.026123046875;-0.021240234375;0;4
967;18;0.25714111328125;-0.02728271484375;-0.02154541015625;0;4
1018;19;0.24365234375;-0.02606201171875;-0.02294921875;0;4
1064;20;0.24456787109375;-0.02752685546875;-0.02215576171875;0;4
1112;21;0.243408203125;-0.02532958984375;-0.00860595703125;0;4
1161;22;0.2430419921875;-0.02490234375;-0.02197265625;0;4
1210;23;0.24365234375;-0.0294189453125;-0.0086669921875;0;4
1259;24;0.2427978515625;-0.02764892578125;-0.00860595703125;0;4
1307;25;0.24444580078125;-0.02587890625;-0.010498046875;0;4
1357;26;0.2425537109375;-0.026123046875;-0.02264404296875;0;4
1406;27;0.242919921875;-0.02783203125;-0.02264404296875;0;4
1455;28;0.24273681640625;-0.02557373046875;-0.00830078125;0;4
1509;29;0.244140625;-0.02545166015625;-0.0078125;0;4
1555;30;0.2431640625;-0.02783203125;-0.00982666015625;0;4
1601;31;0.24560546875;-0.02374267578125;-0.00830078125;0;4
1655;32;0.24493408203125;-0.03466796875;-0.0089111328125;0;4
1702;33;0.24456787109375;-0.03125;-0.00927734375;0;4
1748;34;0.255859375;-0.0360107421875;-0.02093505859375;0;4
1796;35;0.24224853515625;-0.0247802734375;-0.0087890625;0;4
1854;36;0.2451171875;-0.02349853515625;-0.00909423828125;0;4
1894;37;0.24371337890625;-0.03314208984375;-0.01263427734375;0;4
1942;38;0.24481201171875;-0.03729248046875;-0.011962890625;0;4
2041;39;0.24700927734375;-0.03173828125;-0.01971435546875;0;4
2088;40;0.251220703125;-0.01068115234375;-0.0396728515625;0;4
2136;41;0.2677001953125;-0.03619384765625;-0.01031494140625;0;4
2187;42;0.24578857421875;0.01763916015625;-0.019287109375;0;4
2233;43;0.233642578125;0.04583740234375;-0.013916015625;0;4
2282;44;0.9443359375;-0.078857421875;-0.119873046875;0;4
2300;45;0.9443359375;-0.078857421875;-0.119873046875;0;4
2402;46;0.941650390625;-0.27734375;-0.237548828125;0;4
2429;47;0.9423828125;-0.524658203125;-0.058837890625;0;4
2477;48;0.964111328125;0.0078125;-0.004150390625;0;4
2526;49;0.982421875;-0.039794921875;-0.12451171875;0;4
2575;50;0.979736328125;-0.143798828125;-0.142333984375;0;4
2625;51;0.974853515625;-0.1708984375;-0.09375;0;4
2673;52;0.976318359375;-0.267822265625;-0.0732421875;0;4
2721;53;0.9580078125;-0.240478515625;-0.177978515625;0;4
2770;54;0.960693359375;-0.216796875;-0.16015625;0;4
2822;55;0.9365234375;-0.236328125;-0.146240234375;0;4
2872;56;0.92138671875;-0.270263671875;-0.130126953125;0;4
2917;57;0.93408203125;-0.23583984375;-0.169189453125;0;4
2970;58;0.9345703125;-0.395751953125;-0.233642578125;0;4
3014;59;0.95849609375;-0.314208984375;-0.237060546875;0;4
3063;60;1.035400390625;-0.2333984375;-0.205078125;0;4
3115;61;1.185546875;-0.032470703125;-0.151611328125;0;4
3163;62;1.287109375;0.171142578125;-0.027587890625;0;4
3216;63;1.33544921875;0.173828125;-0.115234375;0;4
3258;64;1.18701171875;-0.3115234375;-0.715087890625;0;4
3306;65;0.99169921875;-0.121826171875;0.440185546875;0;4
3355;66;0.800537109375;-0.1328125;0.304443359375;0;4
3404;67;0.982666015625;-0.20703125;0.04541015625;0;4
3453;68;1.171142578125;-0.217529296875;-0.22021484375;0;4
3501;69;1.14892578125;-0.192138671875;-0.4384765625;0;4
3550;70;1.283203125;0.0087890625;-0.6474609375;0;4
3599;71;0.894287109375;-0.116455078125;-1.226806640625;0;4
3647;72;0.8447265625;-0.330810546875;-1.188232421875;0;4
3696;73;1.96337890625;0.155517578125;0.660888671875;0;4
3745;74;1.035888671875;-0.438720703125;-0.347412109375;0;4
3794;75;1.190673828125;-0.14111328125;-0.240966796875;0;4
3842;76;1.03857421875;-0.190673828125;-0.11572265625;0;4
3892;77;1.03466796875;-0.1357421875;-0.11181640625;0;4
3991;78;0.97216796875;-0.15087890625;-0.127685546875;0;4
4038;79;0.96728515625;-0.176513671875;-0.1689453125;0;4
4086;80;0.920166015625;-0.16259765625;-0.19970703125;0;4
4135;81;0.9375;-0.1787109375;-0.153076171875;0;4
4183;82;0.968505859375;-0.254150390625;-0.205078125;0;4
4232;83;1.00439453125;-0.1181640625;-0.301513671875;0;4
4281;84;1.232666015625;0.08251953125;-0.149169921875;0;4
4332;85;1.693115234375;0.17236328125;0.087646484375;0;4
4378;86;1.2021484375;-0.725830078125;-0.466064453125;0;4
4427;87;0.81298828125;-0.218505859375;0.107421875;0;4
4475;88;0.7392578125;0.129638671875;0.532470703125;0;4
4524;89;0.9501953125;0.3681640625;0.0244140625;0;4
4573;90;1.155029296875;0.494384765625;-0.1982421875;0;4
4623;91;1.387451171875;0.388427734375;-0.38037109375;0;4
4675;92;1.17333984375;0.232421875;-0.553955078125;0;4
4727;93;0.930908203125;0.108154296875;-0.833251953125;0;4
4770;94;0.785400390625;-0.267822265625;-1.56396484375;0;4
4819;95;1.41943359375;-0.403564453125;0.859619140625;0;4
4866;96;1.24658203125;-0.064208984375;-0.083740234375;0;4
4915;97;0.909423828125;-0.0703125;-0.118408203125;0;4
4964;98;0.973388671875;-0.37548828125;-0.141357421875;0;4
5012;99;0.951171875;-0.44384765625;-0.16455078125;0;4
5085;100;1.000732421875;-0.234130859375;-0.122802734375;0;4
5112;101;0.9638671875;-0.171142578125;-0.140380859375;0;4
5161;102;0.961181640625;-0.16357421875;-0.196533203125;0;4
5211;103;0.94580078125;-0.156494140625;-0.13623046875;0;4
5259;104;0.935302734375;-0.260986328125;-0.18212890625;0;4
5309;105;0.957763671875;-0.189453125;-0.252197265625;0;4
5354;106;0.967041015625;-0.537353515625;-0.39404296875;0;4
5410;107;1.27197265625;0.003662109375;-0.29736328125;0;4
5463;108;1.33544921875;0.40771484375;-0.07763671875;0;4
5507;109;1.454833984375;0.032470703125;0.45703125;0;4
5551;110;1.312744140625;-0.8134765625;-0.40869140625;0;4
5597;111;1.072265625;-0.488525390625;0.06689453125;0;4
5646;112;0.779296875;-0.326171875;0.6044921875;0;4
5695;113;0.759033203125;-0.2744140625;0.223876953125;0;4
5746;114;0.896728515625;-0.22705078125;-0.01123046875;0;4
5799;115;1.311279296875;-0.373291015625;-0.47509765625;0;4
5843;116;1.42138671875;-0.532958984375;-0.536865234375;0;4
5946;117;1.3271484375;-0.229248046875;-0.7685546875;0;4
5992;118;0.8798828125;-0.68994140625;-1.25830078125;0;4
6041;119;0.644287109375;-0.170166015625;-1.079345703125;0;4
6087;120;1.791015625;1.126220703125;0.325927734375;0;4
6134;121;1.538330078125;0.33642578125;-1.3681640625;0;4
6187;122;0.85888671875;0.122314453125;-0.00537109375;0;4
6233;123;0.9677734375;0.13916015625;-0.0244140625;0;4
6281;124;0.933349609375;-0.219482421875;-0.236083984375;0;4
6285;125;0.933349609375;-0.219482421875;-0.236083984375;0;4
6378;126;0.99951171875;-0.009765625;-0.14208984375;0;4
6431;127;0.949951171875;-0.054931640625;-0.16455078125;0;4
6475;128;0.90185546875;-0.0712890625;-0.16845703125;0;4
6524;129;0.953125;-0.153564453125;-0.227294921875;0;4
6578;130;1.119873046875;0.011474609375;-0.2529296875;0;4
6622;131;1.14794921875;-0.08203125;-0.33056640625;0;4
6670;132;1.311279296875;0.275390625;-0.156005859375;0;4
6719;133;1.4541015625;0.169921875;0.192138671875;0;4
6768;134;1.259521484375;-0.483642578125;0.05078125;0;4
6820;135;0.77783203125;-0.343017578125;-0.430908203125;0;4
6866;136;0.7490234375;-0.2216796875;0.311767578125;0;4
6914;137;0.767333984375;-0.1025390625;0.19677734375;0;4
6963;138;1.114013671875;-0.21826171875;-0.41162109375;0;4
7015;139;1.34814453125;-0.304931640625;-0.671630859375;0;4
7060;140;1.218505859375;-0.6484375;-0.815185546875;0;4
7109;141;1.052734375;-0.972900390625;-1.142822265625;0;4
7158;142;0.73388671875;-1.11328125;-1.0771484375;0;4
7206;143;1.102783203125;-0.759765625;-1.98431396484375;0;4
7255;144;1.196533203125;0.316650390625;-0.17626953125;0;4
7303;145;1.03125;0.177978515625;-0.04541015625;0;4
7353;146;1.046630859375;0.05078125;-0.235107421875;0;4
7401;147;1.024658203125;-0.1181640625;-0.122802734375;0;4
7451;148;0.970947265625;0.189453125;-0.197265625;0;4
7499;149;0.968017578125;-0.0263671875;-0.14697265625;0;4
7547;150;0.921142578125;0.147216796875;-0.35107421875;0;4
7597;151;0.914794921875;0.55078125;-0.408203125;0;4
7645;152;0.99853515625;0.09423828125;-0.028564453125;0;4
7695;153;0.976318359375;-0.3623046875;-0.07666015625;0;4
7742;154;0.9931640625;-0.240478515625;-0.1279296875;0;4
7791;155;0.9521484375;-0.202392578125;-0.2333984375;0;4
7890;156;0.97998046875;0.132568359375;-0.263671875;0;4
7937;157;1.035888671875;-0.082763671875;-0.195556640625;0;4
7986;158;0.8984375;-0.124267578125;-0.4775390625;0;4
8035;159;0.978759765625;0.1025390625;-0.36279296875;0;4
8086;160;1.09521484375;0.059326171875;-0.20166015625;0;4
8133;161;1.145751953125;0.066162109375;-0.155029296875;0;4
8184;162;1.14111328125;0.01611328125;-0.20947265625;0;4
8231;163;1.198974609375;-0.215576171875;-0.201171875;0;4
8279;164;1.05859375;-0.27734375;-0.62939453125;0;4
8328;165;1.093505859375;-0.80126953125;0.178466796875;0;4
8393;166;1.01025390625;-0.13134765625;0.4609375;0;4
8426;167;1.014892578125;-0.0634765625;-0.022705078125;0;4
8473;168;1.16357421875;-0.211181640625;-0.3681640625;0;4
8522;169;1.083984375;-0.254638671875;-0.579345703125;0;4
8574;170;1.145263671875;0.031982421875;-0.5869140625;0;4
8624;171;0.9248046875;-0.4287109375;-1.0478515625;0;4
8669;172;0.95947265625;0.64501953125;0.477783203125;0;4
8674;173;0.95947265625;0.64501953125;0.477783203125;0;4
8769;174;1.063720703125;-0.105224609375;-0.016845703125;0;4
8815;175;0.944091796875;-0.380126953125;-0.118408203125;0;4
8866;176;1.022216796875;-0.01513671875;-0.053955078125;0;4
8912;177;0.966796875;-0.28515625;-0.16796875;0;4
8966;178;0.964111328125;-0.171142578125;-0.185546875;0;4
9012;179;0.97265625;-0.104248046875;-0.171142578125;0;4
9060;180;0.93896484375;-0.18798828125;-0.20166015625;0;4
9109;181;0.918701171875;-0.2158203125;-0.182861328125;0;4
9156;182;0.968505859375;-0.14892578125;-0.2119140625;0;4
9205;183;1.27001953125;0.0693359375;-0.04052734375;0;4
9256;184;1.473876953125;0.17041015625;0.10205078125;0;4
9302;185;1.253173828125;-0.369384765625;-0.336181640625;0;4
9351;186;0.88525390625;-0.157958984375;-0.190673828125;0;4
9400;187;0.79052734375;-0.088134765625;0.441650390625;0;4
9449;188;0.879150390625;0.08837890625;0.117431640625;0;4
9500;189;0.983642578125;0.103515625;-0.1123046875;0;4
9547;190;1.173095703125;0.0234375;-0.41357421875;0;4
9595;191;1.16796875;0.008544921875;-0.34375;0;4
9644;192;1.029296875;-0.04931640625;-0.474365234375;0;4
9694;193;0.8662109375;-0.205322265625;-0.958251953125;0;4
9744;194;0.70166015625;-0.189697265625;-1.456787109375;0;4
9790;195;0.563720703125;-0.16455078125;-0.185546875;0;4
9892;196;0.907958984375;0.576416015625;0.003662109375;0;4
9937;197;1.052490234375;-0.095458984375;-0.123291015625;0;4
9985;198;0.979248046875;-0.185302734375;-0.111083984375;0;4
10034;199;1.0048828125;-0.2392578125;-0.0517578125;0;4
10088;200;1.000732421875;-0.148681640625;-0.09521484375;0;4
10133;201;0.982421875;-0.1328125;-0.08984375;0;4
10183;202;0.961181640625;-0.184326171875;-0.1181640625;0;4
10230;203;0.91943359375;-0.16845703125;-0.157470703125;0;4
10279;204;0.953857421875;-0.143798828125;-0.169677734375;0;4
10335;205;0.951416015625;-0.20556640625;-0.167724609375;0;4
10376;206;0.9501953125;-0.13623046875;-0.23876953125;0;4
10425;207;0.982421875;-0.202392578125;-0.25927734375;0;4
10473;208;1.211181640625;0.248779296875;-0.258056640625;0;4
10522;209;1.3603515625;0.0791015625;0.158203125;0;4
10569;210;1.31982421875;-0.16015625;-0.06103515625;0;4
10618;211;1.278564453125;-0.311767578125;-0.490966796875;0;4
10622;212;0.81640625;-0.334716796875;0.06787109375;0;4
10723;213;0.5966796875;0.01025390625;0.474365234375;0;4
10772;214;0.81640625;-0.2890625;0.132080078125;0;4
10813;215;1.1640625;-0.521484375;-0.47314453125;0;4
10863;216;1.234130859375;-0.49658203125;-0.59423828125;0;4
10917;217;1.1689453125;-0.34765625;-0.49658203125;0;4
10966;218;1.08447265625;-0.340087890625;-0.806884765625;0;4
11011;219;0.87255859375;-0.359375;-1.00634765625;0;4
11057;220;0.663818359375;-0.34912109375;-1.06103515625;0;4
11107;221;1.687744140625;0.404296875;0.50439453125;0;4
11155;222;0.94775390625;0.36181640625;-0.26025390625;0;4
11211;223;1.138671875;-0.36669921875;-0.3623046875;0;4
11258;224;1.075439453125;-0.015625;-0.18408203125;0;4
11301;225;1.06396484375;-0.118408203125;-0.1796875;0;4
11352;226;0.9306640625;-0.21484375;-0.16357421875;0;4
11412;227;0.9609375;-0.11083984375;-0.180908203125;0;4
11456;228;0.934326171875;-0.103271484375;-0.225830078125;0;4
11501;229;0.933349609375;-0.114013671875;-0.206787109375;0;4
11546;230;0.983642578125;-0.02880859375;-0.25244140625;0;4
11593;231;1.0439453125;-0.097900390625;-0.22802734375;0;4
11642;232;1.296630859375;0.19384765625;-0.238037109375;0;4
11691;233;1.459716796875;0.435546875;0.15478515625;0;4
11742;234;1.502685546875;-0.450927734375;-0.239990234375;0;4
11848;235;1.37841796875;-0.280517578125;-0.203369140625;0;4
11892;236;1.34716796875;-0.378173828125;0.9716796875;0;4
11936;237;0.85888671875;-0.5;0.19677734375;0;4
11996;238;0.9765625;-0.175537109375;0.143310546875;0;4
12038;239;1.251220703125;-0.771728515625;-0.771484375;0;4
12082;240;1.3837890625;-0.6494140625;-0.68017578125;0;4
12130;241;1.166015625;-0.466796875;-1.14208984375;0;4
12179;242;0.89453125;-0.254638671875;-1.5107421875;0;4
12228;243;0.91552734375;0.01416015625;-0.877685546875;0;4
12278;244;0.52783203125;0.369140625;-0.204833984375;0;4
12325;245;0.850830078125;0.25244140625;0.36376953125;0;4
12374;246;0.9267578125;-0.129638671875;-0.041259765625;0;4
12422;247;1.01806640625;-0.055419921875;0.005126953125;0;4
12472;248;0.947509765625;-0.1796875;-0.151611328125;0;4
12560;249;1.002685546875;-0.21826171875;-0.239990234375;0;4
12600;250;0.97607421875;-0.139404296875;-0.166748046875;0;4
12636;251;0.93798828125;-0.197509765625;-0.2236328125;0;4
12685;252;0.967529296875;-0.155517578125;-0.230224609375;0;4
12731;253;0.930419921875;-0.20751953125;-0.272705078125;0;4
12772;254;1.130615234375;-0.03662109375;-0.290283203125;0;4
12819;255;1.2802734375;0.1572265625;-0.225341796875;0;4
12879;256;1.6376953125;0.375;0.374755859375;0;4
12930;257;1.58154296875;-1.169189453125;-0.501953125;0;4
12974;258;1.119873046875;-0.262939453125;0.117431640625;0;4
13021;259;0.589111328125;-0.201416015625;0.940673828125;0;4
13070;260;0.880126953125;-0.177001953125;0.278076171875;0;4
13126;261;1.221923828125;0.056884765625;-0.2138671875;0;4
13172;262;1.46826171875;0.046630859375;-0.486572265625;0;4
13218;263;1.288818359375;-0.174072265625;-1.011962890625;0;4
13268;264;1.111083984375;-0.12158203125;-1.376220703125;0;4
13310;265;0.67822265625;-0.04443359375;-1.39990234375;0;4
13355;266;1.9619140625;0.505126953125;0.427001953125;0;4
13416;267;1.6689453125;-0.771484375;-0.590087890625;0;4
13466;268;1.032470703125;0.11962890625;0.095458984375;0;4
13511;269;1.01904296875;-0.00927734375;-0.0224609375;0;4
13552;270;1.057861328125;0.003662109375;0.116455078125;0;4
13599;271;0.9658203125;-0.331298828125;-0.17333984375;0;4
13659;272;1.018798828125;-0.17236328125;-0.17626953125;0;4
13709;273;0.969482421875;-0.177734375;-0.16748046875;0;4
13795;274;0.94580078125;-0.12890625;-0.218017578125;0;4
13855;275;0.961181640625;-0.247314453125;-0.20263671875;0;4
13901;276;0.948974609375;-0.20751953125;-0.26318359375;0;4
13951;277;1.292236328125;0.070068359375;-0.182373046875;0;4
13996;278;1.47998046875;0.14599609375;0.010498046875;0;4
14043;279;1.617919921875;-0.1943359375;0.29296875;0;4
14089;280;1.364013671875;-0.19775390625;-0.052490234375;0;4
14135;281;1.191650390625;-1.004638671875;0.479736328125;0;4
14191;282;0.741943359375;0.173583984375;0.570068359375;0;4
14236;283;0.8603515625;-0.03125;0.159423828125;0;4
14281;284;1.3056640625;-0.001953125;-0.252197265625;0;4
14344;285;1.513671875;-0.223876953125;-0.594970703125;0;4
14381;286;1.402099609375;-0.10400390625;-0.9033203125;0;4
14441;287;1.070068359375;-0.0712890625;-1.1796875;0;4
14487;288;0.677001953125;-0.0576171875;-1.357177734375;0;4
14538;289;1.4755859375;0.419677734375;0.1025390625;0;4
14583;290;1.491943359375;-0.5439453125;-0.363525390625;0;4
14624;291;1.269775390625;-0.476806640625;-0.462158203125;0;4
14671;292;0.922119140625;-0.134033203125;-0.06201171875;0;4
14731;293;0.9755859375;-0.07373046875;0.043212890625;0;4
14772;294;0.94287109375;-0.3271484375;-0.11474609375;0;4
14816;295;1.023193359375;-0.03369140625;-0.176513671875;0;4
14878;296;0.947265625;-0.118408203125;-0.149658203125;0;4
14919;297;0.93896484375;-0.099365234375;-0.2041015625;0;4
14975;298;0.94580078125;-0.2958984375;-0.16748046875;0;4
223;1;-2.4453125;-2.359375;-2.109375;1;4
227;2;-2.0078125;0.3125;0.234375;1;4
238;3;0.125;0.3671875;-2.1875;1;4
243;4;0.125;0.3671875;-2.1875;1;4
283;5;0.1328125;-2.3046875;0.4140625;1;4
337;6;0.2265625;0.0546875;0.046875;1;4
385;7;0.3515625;0.453125;0.0625;1;4
433;8;0.0703125;-2.171875;0.390625;1;4
485;9;0.3671875;0.046875;-2.328125;1;4
530;10;-2.09375;0.4296875;-2.5234375;1;4
578;11;0.40625;-2.640625;-2.265625;1;4
630;12;-2.7890625;0.34375;0.359375;1;4
676;13;0.25;0.015625;-2.1953125;1;4
722;14;0.34375;0.078125;-2.125;1;4
772;15;-2.1796875;0.03125;0.1015625;1;4
821;16;0.34375;0.140625;0.1328125;1;4
870;17;0.21875;0.046875;0.0078125;1;4
919;18;-2.265625;-2.2578125;0.3515625;1;4
968;19;0.296875;0.015625;-2.203125;1;4
1019;20;-2.3671875;-2.1796875;0.421875;1;4
1065;21;0.4609375;-2.6171875;0.296875;1;4
1113;22;0.7109375;0.671875;0.609375;1;4
1162;23;-2.0703125;-2.4453125;-2.1640625;1;4
1211;24;-2.4609375;-2.515625;-2.1484375;1;4
1260;25;-2.4375;-1.1328125;0.734375;1;4
1308;26;-2.875;-2.03125;0.609375;1;4
1359;27;-2.6015625;-0.1015625;-2.390625;1;4
1407;28;0.015625;0.828125;0.265625;1;4
1456;29;0.7890625;-2.625;0.25;1;4
1511;30;0.1171875;-2.109375;0.2890625;1;4
1556;31;0.6015625;0.0078125;0.6328125;1;4
1603;32;-6.2578125;-2.6015625;-0.4921875;1;4
1656;33;0.765625;0.03125;0.8515625;1;4
1703;34;-4.390625;-0.921875;-0.859375;1;4
1750;35;-2.8671875;0.8984375;-0.078125;1;4
1797;36;-0.8984375;0.1796875;1.125;1;4
1856;37;3.0703125;0.0625;4.625;1;4
1895;38;10.203125;1.1015625;2.9296875;1;4
1943;39;8.9609375;5.78125;-0.796875;1;4
2042;40;18.90625;6.890625;0.71875;1;4
2089;41;-6.9296875;15.515625;0.953125;1;4
2137;42;19.4296875;-6.0546875;-4.75;1;4
2188;43;45.65625;-11.6796875;-14.4140625;1;4
2234;44;113.578125;7.4296875;-10.3984375;1;4
2284;45;201.90625;20.0390625;-27.40625;1;4
2301;46;201.90625;20.0390625;-27.40625;1;4
2403;47;157.8359375;14.8046875;-27.5625;1;4
2430;48;86.4140625;-0.1171875;-31.1640625;1;4
2477;49;28.4609375;-12.3515625;-12.4609375;1;4
2527;50;6.171875;-11.765625;-15.4765625;1;4
2576;51;7.40625;-12.453125;-23.3828125;1;4
2626;52;7.9921875;-6.265625;-23.9609375;1;4
2674;53;5.8515625;-1.96875;-22.546875;1;4
2722;54;18.203125;-1.7109375;-20.578125;1;4
2771;55;9.90625;-2.3046875;-13.90625;1;4
2824;56;5.796875;-5.4375;-16.1015625;1;4
2873;57;12.78125;-17.15625;-15.171875;1;4
2918;58;14.625;-29.859375;-15.625;1;4
2972;59;34.9609375;-35.6015625;-17.609375;1;4
3016;60;18.625;-41.5078125;-16.5390625;1;4
3064;61;37.046875;-58.5234375;-18.1796875;1;4
3116;62;34.0859375;-74.9375;-14.015625;1;4
3164;63;73.078125;-86.671875;-7.4140625;1;4
3218;64;162.3515625;-101.7578125;-8.8828125;1;4
3260;65;94.765625;-124.8828125;-5.2421875;1;4
3307;66;80.2734375;-53.515625;-30.2890625;1;4
3356;67;187.4140625;87.9453125;-15.953125;1;4
3405;68;15.9921875;182.5;-5.9140625;1;4
3454;69;29.28125;233.0546875;-3.28125;1;4
3502;70;-95.875;239.0703125;-24.921875;1;4
3550;71;-60.0859375;253.6484375;-15.6015625;1;4
3600;72;-50.46875;181.765625;-28.2265625;1;4
3648;73;-24.484375;21.9375;-13.3828125;1;4
3697;74;-227.9453125;-82.25;11.953125;1;4
3746;75;-110.453125;-111.140625;-32.40625;1;4
3795;76;141.3046875;-96.46875;-17.5703125;1;4
3843;77;-33.2890625;-72.4375;-14.90625;1;4
3893;78;54.625;-56.1796875;-24.8671875;1;4
3992;79;-25.34375;-48.328125;-6.390625;1;4
4039;80;-10.828125;-39.359375;-7.890625;1;4
4087;81;10.5859375;-40.5859375;-10.3515625;1;4
4136;82;8.421875;-43.703125;-10.8828125;1;4
4184;83;20.9765625;-58.03125;-3.234375;1;4
4233;84;13.6875;-60.8125;4.265625;1;4
4283;85;39.265625;-91.125;8.703125;1;4
4333;86;70.4140625;-111.6171875;-2.0078125;1;4
4379;87;135.9921875;-114.2109375;-24.75;1;4
4428;88;77.015625;-44.3125;-60.796875;1;4
4476;89;120.453125;95.8125;-88.1953125;1;4
4524;90;65.8203125;186.1640625;-99.9375;1;4
4574;91;105.5;232.3828125;-69.6484375;1;4
4624;92;106.40625;235.3359375;-52.484375;1;4
4677;93;179.2265625;214.9921875;-41.0234375;1;4
4728;94;63.703125;156.1953125;-12.734375;1;4
4771;95;-17.3515625;-7.34375;7.21875;1;4
4820;96;-114.7265625;-94.8515625;1.078125;1;4
4867;97;62.65625;-86.421875;4.8671875;1;4
4916;98;7.8984375;-68.921875;-4.75;1;4
4965;99;-11.7421875;-44.203125;-15.421875;1;4
5013;100;37.3125;-39.7578125;-16.0234375;1;4
5088;101;-16.8828125;-32.1796875;-2.546875;1;4
5114;102;-53.1953125;-24.0546875;2.4765625;1;4
5163;103;30.921875;-35;-10.5390625;1;4
5213;104;23.8359375;-37.7734375;-13.515625;1;4
5261;105;20.4375;-45.015625;-14.8828125;1;4
5311;106;31.203125;-60.2890625;-7.265625;1;4
5356;107;54.6015625;-74.1328125;-3.4609375;1;4
5412;108;29.1171875;-60.1953125;0.1953125;1;4
5466;109;75.8359375;-64.1015625;4.3828125;1;4
5509;110;157.859375;-97.3671875;9.046875;1;4
5553;111;47.6171875;-132.0234375;16.7578125;1;4
5598;112;17.7734375;-108.7265625;2.1484375;1;4
5647;113;22.828125;38.5390625;-9.8828125;1;4
5696;114;57.6875;152.59375;-8.8359375;1;4
5748;115;-91.171875;238.71875;24.4453125;1;4
5801;116;-126.8046875;253.9921875;26.203125;1;4
5844;117;-140.875;253.9921875;24.7578125;1;4
5949;118;-122.8515625;236.671875;0.2578125;1;4
5993;119;-18.078125;130.5234375;-41.21875;1;4
6042;120;-21.515625;-41.5078125;-27.40625;1;4
6089;121;-256;-80.359375;28.1484375;1;4
6135;122;-199.609375;-187.90625;-6.8046875;1;4
6188;123;-11.5390625;-120.53125;-35.4921875;1;4
6234;124;-123.171875;-83.2734375;-31.34375;1;4
6282;125;-9.7734375;-40.6796875;-14.375;1;4
6286;126;-9.7734375;-40.6796875;-14.375;1;4
6380;127;-5.3984375;-29.3203125;-7.5234375;1;4
6433;128;5.1953125;-32.1171875;-11.125;1;4
6476;129;-7.84375;-44.578125;-5.46875;1;4
6525;130;2.53125;-61.453125;3.6640625;1;4
6579;131;-7.296875;-73.53125;15.7421875;1;4
6623;132;-49.71875;-90.0234375;18.3515625;1;4
6671;133;-1.9921875;-93.859375;31.609375;1;4
6719;134;179.4765625;-131.75;59.5;1;4
6769;135;-194.1484375;-139.3046875;60.5859375;1;4
6822;136;-62.140625;-90.3359375;32.515625;1;4
6867;137;49.7578125;53.75;13.1953125;1;4
6915;138;-26.734375;178.453125;21.9765625;1;4
6964;139;-125.65625;240.2109375;78.875;1;4
7017;140;-227.6171875;240.0390625;116.8203125;1;4
7061;141;-256;201.59375;129.453125;1;4
7111;142;-256;145.2890625;67.2890625;1;4
7158;143;5.484375;67.078125;-3.3515625;1;4
7207;144;82.921875;-106.8359375;-43.3203125;1;4
7256;145;135.734375;-83.578125;-23.953125;1;4
7304;146;-34.8125;-50.5625;-42.4375;1;4
7354;147;-37.65625;-34.9921875;-38.7890625;1;4
7402;148;-41.296875;-27.9296875;-24.890625;1;4
7453;149;-21.96875;-34.375;-11.453125;1;4
7500;150;-52.3515625;-27.828125;1.6796875;1;4
7548;151;-48.125;-21.4765625;11.8828125;1;4
7599;152;-177.796875;-38.265625;45.6796875;1;4
7647;153;-242.9296875;-42.8828125;53.1953125;1;4
7697;154;-220.453125;-36.96875;53.0234375;1;4
7743;155;-137.4609375;-11.1875;40.03125;1;4
7792;156;-34.015625;6.625;10.375;1;4
7892;157;-51.2890625;-4.03125;20.265625;1;4
7938;158;-24.5;-19.953125;23.7578125;1;4
7987;159;-30.8828125;-24.3671875;36.3984375;1;4
8036;160;3.5;-12.9453125;41.046875;1;4
8088;161;-4.6875;-15.65625;46.359375;1;4
8135;162;3.234375;-36.9375;58.703125;1;4
8186;163;-16.0234375;-56.3671875;77.3984375;1;4
8232;164;-67.9609375;-63.140625;94.0078125;1;4
8281;165;-111.71875;-55.484375;71.7265625;1;4
8328;166;-256;-24.4140625;26.84375;1;4
8394;167;-127.7734375;71.390625;13.9140625;1;4
8427;168;31.03125;163.609375;-13;1;4
8473;169;49.7578125;194.46875;-35.4453125;1;4
8523;170;-145.296875;185.4609375;-39.6953125;1;4
8575;171;-50.109375;198.8125;-28.3984375;1;4
8626;172;110.8125;135.3828125;-69.78125;1;4
8671;173;-217.765625;-101.8515625;16.734375;1;4
8676;174;-217.765625;-101.8515625;16.734375;1;4
8771;175;47.7265625;-91.59375;-11.453125;1;4
8817;176;23.2890625;-70.1640625;-6.9765625;1;4
8867;177;-17.3359375;-49.734375;-6.96875;1;4
8913;178;5.140625;-39.5390625;-5.0703125;1;4
8967;179;5.8828125;-32.5390625;1.1875;1;4
9013;180;2.96875;-26.3125;4.3984375;1;4
9062;181;1.765625;-26.6484375;4.2109375;1;4
9110;182;13.7734375;-33.8515625;3.8203125;1;4
9157;183;24.234375;-50.6328125;10.359375;1;4
9206;184;24.6484375;-50.0078125;21.0859375;1;4
9257;185;57.3203125;-111.375;7.4140625;1;4
9303;186;197.3984375;-135.515625;8.953125;1;4
9352;187;27.171875;-89.9296875;-13.4921875;1;4
9401;188;16.15625;33.0390625;-20.2890625;1;4
9449;189;26.03125;122.9765625;-33.53125;1;4
9501;190;25.8984375;181.0546875;-22.5859375;1;4
9548;191;-10.8359375;199.34375;-13.1875;1;4
9596;192;-24.203125;187.0234375;1.921875;1;4
9646;193;-30.984375;165.8125;2.34375;1;4
9696;194;22.90625;81.7578125;-3.5625;1;4
9746;195;1.2421875;-56.796875;-11.8203125;1;4
9791;196;162.5078125;-85.296875;-18.3515625;1;4
9894;197;-72.4296875;-85.2421875;-16.6484375;1;4
9938;198;-17.8046875;-47.2421875;-23.0546875;1;4
9986;199;-31.578125;-37.2890625;-22.84375;1;4
10036;200;35.765625;-37.1015625;-24.15625;1;4
10090;201;4.8359375;-36.5859375;-11.9921875;1;4
10135;202;-11.03125;-34.921875;-4.65625;1;4
10184;203;-9.6328125;-29.40625;-6.21875;1;4
10231;204;-8.9765625;-33.1171875;-3.1328125;1;4
10280;205;1.7265625;-39.5390625;-2.765625;1;4
10336;206;1.3515625;-45.2890625;0.9609375;1;4
10377;207;15.4375;-54.5859375;2.1796875;1;4
10426;208;10.4375;-60.109375;12.40625;1;4
10474;209;9.9453125;-69.4765625;19.0703125;1;4
10524;210;74.328125;-96.59375;26.1015625;1;4
10570;211;84.0390625;-130.84375;25.6875;1;4
10619;212;-17.046875;-138.0625;31.65625;1;4
10623;213;12.609375;-72.71875;35.375;1;4
10726;214;58.0234375;64.1328125;33.4609375;1;4
10774;215;-34.3125;176.078125;29.71875;1;4
10814;216;-135.15625;210.15625;43.453125;1;4
10864;217;-195.140625;200.0859375;49.640625;1;4
10919;218;-167.921875;188.546875;58.6484375;1;4
10968;219;-58.7890625;173.7109375;28.96875;1;4
11013;220;-126.5;85.171875;-11.4375;1;4
11058;221;-2.7109375;16.53125;-35.15625;1;4
11108;222;-256;-97.2734375;-13.0390625;1;4
11156;223;-210.21875;-97.5078125;-46.203125;1;4
11213;224;-7.0703125;-76.5546875;-31.6328125;1;4
11260;225;-77.421875;-59.3203125;-20.4453125;1;4
11302;226;36.3515625;-48.359375;-31.2265625;1;4
11353;227;-7.2734375;-34.0859375;-14.0625;1;4
11415;228;1.5859375;-27.796875;-11.3984375;1;4
11457;229;7.734375;-33.1171875;-7.9296875;1;4
11503;230;0.203125;-46.4921875;-8.3359375;1;4
11547;231;11.484375;-60.7734375;2.75;1;4
11594;232;18.15625;-65.0859375;3.34375;1;4
11643;233;24.96875;-76.0703125;16.1640625;1;4
11692;234;37.03125;-94.6015625;34.9765625;1;4
11743;235;128.984375;-154.078125;37.5625;1;4
11850;236;-86.0234375;-138.4765625;28.734375;1;4
11894;237;-47.1015625;-32.0078125;19.078125;1;4
11937;238;100.546875;125.171875;2.953125;1;4
11999;239;-59.0234375;238.6015625;25.234375;1;4
12040;240;-198.234375;253.9921875;21.1796875;1;4
12083;241;-151.921875;253.9921875;27.9140625;1;4
12131;242;-12.984375;234.2578125;-38.03125;1;4
12179;243;93.4375;128.453125;-84.2734375;1;4
12230;244;-31.8046875;-23.421875;-47.984375;1;4
12279;245;-105.1875;-156.078125;18.984375;1;4
12326;246;-122.03125;-125.8828125;-28.40625;1;4
12375;247;-116.078125;-87.6015625;-16.203125;1;4
12423;248;-41.9140625;-62.546875;-24.7109375;1;4
12474;249;-31.1171875;-49.828125;-12.1796875;1;4
12561;250;10.953125;-39.390625;-1.09375;1;4
12601;251;6.953125;-39.953125;-3.0390625;1;4
12637;252;22.3125;-45.8046875;-1.8125;1;4
12686;253;20.8359375;-47.609375;-5.125;1;4
12732;254;21.1015625;-60.03125;0.640625;1;4
12773;255;-2.4453125;-69.3046875;8.0625;1;4
12820;256;10.9609375;-83.8671875;16.1015625;1;4
12880;257;75.65625;-125.71875;32.1953125;1;4
12931;258;77.6484375;-173.640625;39.84375;1;4
12975;259;26.5859375;-106.8671875;12.75;1;4
13022;260;-65.0078125;71.0078125;-4.25;1;4
13071;261;23.9765625;216.34375;-42.015625;1;4
13127;262;-66.40625;253.9921875;-23.3828125;1;4
13173;263;-100.6953125;253.9921875;-32.6953125;1;4
13219;264;-41.6796875;253.9921875;-38.3828125;1;4
13269;265;6.2578125;175.9375;-29.265625;1;4
13311;266;-10.5;-12.3828125;-29.46875;1;4
13356;267;-256;-93.5390625;23.9765625;1;4
13416;268;-42.9453125;-145.4375;-11.8203125;1;4
13467;269;237.9453125;-109.3515625;-4.21875;1;4
13512;270;-101.9296875;-81.0234375;-17.1640625;1;4
13553;271;-29.0390625;-66.0390625;-26.3359375;1;4
13600;272;-37.921875;-56.28125;-12.90625;1;4
13659;273;-9.0546875;-52.9609375;-2.7890625;1;4
13710;274;10.6328125;-50.6328125;-10.8359375;1;4
13796;275;-4.875;-49.390625;-7.875;1;4
13857;276;21.3125;-62.9921875;-9.8125;1;4
13902;277;20.4375;-67.6953125;-2.7109375;1;4
13952;278;6.953125;-85.8515625;7.21875;1;4
13997;279;24.4453125;-104.9453125;8.2578125;1;4
14044;280;125.375;-148.6796875;19.7421875;1;4
14090;281;-28.671875;-113.1015625;7.5859375;1;4
14136;282;120.84375;-56.0859375;-9.875;1;4
14191;283;168.046875;114.421875;-20.3203125;1;4
14236;284;-27.453125;233.4921875;-43.2890625;1;4
14282;285;-68.25;253.9921875;-18.7265625;1;4
14345;286;24.515625;253.9921875;-23.6484375;1;4
14382;287;-42.1796875;253.9921875;-37.2265625;1;4
14441;288;-31.9609375;161.953125;-39.9375;1;4
14488;289;48.4296875;-52.6484375;-23.5;1;4
14539;290;-142.2578125;-99.3515625;32.34375;1;4
14583;291;-256;-138.3203125;-21.53125;1;4
14626;292;161.453125;-101.34375;0.78125;1;4
14672;293;-45.2265625;-86.234375;-9.6171875;1;4
14732;294;19.4375;-59.703125;-20.625;1;4
14773;295;-19.078125;-48.5390625;-7.5390625;1;4
14817;296;-43.9140625;-47.5;1.6484375;1;4
14879;297;20.8515625;-49.8671875;-11.7578125;1;4
14920;298;1.234375;-54.4296875;-7.7109375;1;4
14976;299;43.8515625;-68.25;-5.1953125;1;4
224;1;0;0;0;2;4
229;2;0;0;0;2;4
240;3;0;0;0;2;4
244;4;0;0;0;2;4
284;5;0;0;0;2;4
338;6;0;0;0;2;4
386;7;0;0;0;2;4
435;8;0;0;0;2;4
486;9;0;0;0;2;4
531;10;0;0;0;2;4
579;11;0;0;0;2;4
631;12;0;0;0;2;4
677;13;0;0;0;2;4
723;14;0;0;0;2;4
773;15;0;0;0;2;4
822;16;0;0;0;2;4
871;17;0;0;0;2;4
920;18;0;0;0;2;4
969;19;0;0;0;2;4
1020;20;0;0;0;2;4
1066;21;0;0;0;2;4
1114;22;0;0;0;2;4
1163;23;0;0;0;2;4
1212;24;0;0;0;2;4
1261;25;0;0;0;2;4
1310;26;0;0;0;2;4
1360;27;0;0;0;2;4
1408;28;0;0;0;2;4
1457;29;0;0;0;2;4
1512;30;0;0;0;2;4
1557;31;0;0;0;2;4
1605;32;0;0;0;2;4
1657;33;0;0;0;2;4
1705;34;0;0;0;2;4
1751;35;0;0;0;2;4
1798;36;0;0;0;2;4
1858;37;0;0;0;2;4
1897;38;0;0;0;2;4
1944;39;0;0;0;2;4
2043;40;0;0;0;2;4
2090;41;0;0;0;2;4
2138;42;0;0;0;2;4
2190;43;0;0;0;2;4
2235;44;0;0;0;2;4
2298;45;-24.83333396911621;46.66666793823242;41.5;2;4
2302;46;-24.83333396911621;46.66666793823242;41.5;2;4
2404;47;-24.83333396911621;46.66666793823242;41.5;2;4
2431;48;-24.83333396911621;46.66666793823242;41.5;2;4
2478;49;-24.83333396911621;46.66666793823242;41.5;2;4
2528;50;-24.83333396911621;46.66666793823242;41.5;2;4
2577;51;-24.83333396911621;46.66666793823242;41.5;2;4
2628;52;-24.83333396911621;46.66666793823242;41.5;2;4
2675;53;-24.83333396911621;46.66666793823242;41.5;2;4
2723;54;-24.83333396911621;46.66666793823242;41.5;2;4
2772;55;-24.83333396911621;46.66666793823242;41.5;2;4
2825;56;-24.83333396911621;46.66666793823242;41.5;2;4
2875;57;-24.83333396911621;46.66666793823242;41.5;2;4
2920;58;-24.83333396911621;46.66666793823242;41.5;2;4
2973;59;-24.83333396911621;46.66666793823242;41.5;2;4
3017;60;-24.83333396911621;46.66666793823242;41.5;2;4
3065;61;-24.83333396911621;46.66666793823242;41.5;2;4
3118;62;-24.83333396911621;46.66666793823242;41.5;2;4
3167;63;-24.83333396911621;46.66666793823242;41.5;2;4
3221;64;-24.83333396911621;46.66666793823242;41.5;2;4
3261;65;-24.83333396911621;46.66666793823242;41.5;2;4
3308;66;-24.83333396911621;46.66666793823242;41.5;2;4
3357;67;-24.83333396911621;46.66666793823242;41.5;2;4
3406;68;-24.83333396911621;46.66666793823242;41.5;2;4
3455;69;-24.83333396911621;46.66666793823242;41.5;2;4
3503;70;-24.83333396911621;46.66666793823242;41.5;2;4
3551;71;-24.83333396911621;46.66666793823242;41.5;2;4
3601;72;-24.83333396911621;46.66666793823242;41.5;2;4
3649;73;-24.83333396911621;46.66666793823242;41.5;2;4
3698;74;-24.83333396911621;46.66666793823242;41.5;2;4
3747;75;-24.83333396911621;46.66666793823242;41.5;2;4
3796;76;-24.83333396911621;46.66666793823242;41.5;2;4
3844;77;-24.83333396911621;46.66666793823242;41.5;2;4
3894;78;-24.83333396911621;46.66666793823242;41.5;2;4
3994;79;-24.83333396911621;46.66666793823242;41.5;2;4
4040;80;-24.83333396911621;46.66666793823242;41.5;2;4
4088;81;-24.83333396911621;46.66666793823242;41.5;2;4
4137;82;-24.83333396911621;46.66666793823242;41.5;2;4
4185;83;-24.83333396911621;46.66666793823242;41.5;2;4
4235;84;-24.83333396911621;46.66666793823242;41.5;2;4
4284;85;-24.83333396911621;46.66666793823242;41.5;2;4
4335;86;-24.83333396911621;46.66666793823242;41.5;2;4
4380;87;-24.83333396911621;46.66666793823242;41.5;2;4
4429;88;-24.83333396911621;46.66666793823242;41.5;2;4
4476;89;-24.83333396911621;46.66666793823242;41.5;2;4
4525;90;-24.83333396911621;46.66666793823242;41.5;2;4
4575;91;-24.83333396911621;46.66666793823242;41.5;2;4
4626;92;-24.83333396911621;46.66666793823242;41.5;2;4
4679;93;-24.83333396911621;46.66666793823242;41.5;2;4
4730;94;-24.83333396911621;46.66666793823242;41.5;2;4
4773;95;-24.83333396911621;46.66666793823242;41.5;2;4
4821;96;-24.83333396911621;46.66666793823242;41.5;2;4
4868;97;-24.83333396911621;46.66666793823242;41.5;2;4
4917;98;-24.83333396911621;46.66666793823242;41.5;2;4
4967;99;-24.83333396911621;46.66666793823242;41.5;2;4
5014;100;-24.83333396911621;46.66666793823242;41.5;2;4
5089;101;-24.83333396911621;46.66666793823242;41.5;2;4
5115;102;-24.83333396911621;46.66666793823242;41.5;2;4
5164;103;-24.83333396911621;46.66666793823242;41.5;2;4
5215;104;-24.83333396911621;46.66666793823242;41.5;2;4
5263;105;-24.83333396911621;46.66666793823242;41.5;2;4
5313;106;-24.83333396911621;46.66666793823242;41.5;2;4
5357;107;-24.83333396911621;46.66666793823242;41.5;2;4
5414;108;-24.83333396911621;46.66666793823242;41.5;2;4
5468;109;-24.83333396911621;46.66666793823242;41.5;2;4
5510;110;-24.83333396911621;46.66666793823242;41.5;2;4
5554;111;-24.83333396911621;46.66666793823242;41.5;2;4
5599;112;-24.83333396911621;46.66666793823242;41.5;2;4
5648;113;-24.83333396911621;46.66666793823242;41.5;2;4
5697;114;-24.83333396911621;46.66666793823242;41.5;2;4
5750;115;-24.83333396911621;46.66666793823242;41.5;2;4
5803;116;-24.83333396911621;46.66666793823242;41.5;2;4
5846;117;-24.83333396911621;46.66666793823242;41.5;2;4
5951;118;-24.83333396911621;46.66666793823242;41.5;2;4
5994;119;-24.83333396911621;46.66666793823242;41.5;2;4
6044;120;-24.83333396911621;46.66666793823242;41.5;2;4
6090;121;-24.83333396911621;46.66666793823242;41.5;2;4
6137;122;-24.83333396911621;46.66666793823242;41.5;2;4
6190;123;-24.83333396911621;46.66666793823242;41.5;2;4
6235;124;-24.83333396911621;46.66666793823242;41.5;2;4
6283;125;-32.33333206176758;45;70.5;2;4
6287;126;-32.33333206176758;45;70.5;2;4
6381;127;-32.33333206176758;45;70.5;2;4
6434;128;-32.33333206176758;45;70.5;2;4
6477;129;-32.33333206176758;45;70.5;2;4
6526;130;-32.33333206176758;45;70.5;2;4
6580;131;-32.33333206176758;45;70.5;2;4
6624;132;-32.33333206176758;45;70.5;2;4
6672;133;-32.33333206176758;45;70.5;2;4
6720;134;-32.33333206176758;45;70.5;2;4
6769;135;-32.33333206176758;45;70.5;2;4
6824;136;-32.33333206176758;45;70.5;2;4
6868;137;-32.33333206176758;45;70.5;2;4
6916;138;-32.33333206176758;45;70.5;2;4
6965;139;-32.33333206176758;45;70.5;2;4
7020;140;-32.33333206176758;45;70.5;2;4
7061;141;-32.33333206176758;45;70.5;2;4
7112;142;-32.33333206176758;45;70.5;2;4
7159;143;-32.33333206176758;45;70.5;2;4
7208;144;-32.33333206176758;45;70.5;2;4
7257;145;-32.33333206176758;45;70.5;2;4
7305;146;-32.33333206176758;45;70.5;2;4
7355;147;-32.33333206176758;45;70.5;2;4
7403;148;-32.33333206176758;45;70.5;2;4
7454;149;-32.33333206176758;45;70.5;2;4
7501;150;-32.33333206176758;45;70.5;2;4
7549;151;-32.33333206176758;45;70.5;2;4
7600;152;-32.33333206176758;45;70.5;2;4
7648;153;-32.33333206176758;45;70.5;2;4
7698;154;-32.33333206176758;45;70.5;2;4
7744;155;-32.33333206176758;45;70.5;2;4
7793;156;-32.33333206176758;45;70.5;2;4
7893;157;-32.33333206176758;45;70.5;2;4
7939;158;-32.33333206176758;45;70.5;2;4
7988;159;-32.33333206176758;45;70.5;2;4
8037;160;-32.33333206176758;45;70.5;2;4
8089;161;-32.33333206176758;45;70.5;2;4
8136;162;-32.33333206176758;45;70.5;2;4
8188;163;-32.33333206176758;45;70.5;2;4
8233;164;-32.33333206176758;45;70.5;2;4
8282;165;-32.33333206176758;45;70.5;2;4
8330;166;-32.33333206176758;45;70.5;2;4
8396;167;-32.33333206176758;45;70.5;2;4
8429;168;-32.33333206176758;45;70.5;2;4
8474;169;-32.33333206176758;45;70.5;2;4
8524;170;-32.33333206176758;45;70.5;2;4
8577;171;-32.33333206176758;45;70.5;2;4
8627;172;-32.33333206176758;45;70.5;2;4
8672;173;-64.33333587646484;46.83333206176758;48.5;2;4
8677;174;-64.33333587646484;46.83333206176758;48.5;2;4
8772;175;-64.33333587646484;46.83333206176758;48.5;2;4
8818;176;-64.33333587646484;46.83333206176758;48.5;2;4
8869;177;-64.33333587646484;46.83333206176758;48.5;2;4
8915;178;-64.33333587646484;46.83333206176758;48.5;2;4
8969;179;-64.33333587646484;46.83333206176758;48.5;2;4
9014;180;-64.33333587646484;46.83333206176758;48.5;2;4
9063;181;-64.33333587646484;46.83333206176758;48.5;2;4
9111;182;-64.33333587646484;46.83333206176758;48.5;2;4
9158;183;-64.33333587646484;46.83333206176758;48.5;2;4
9207;184;-64.33333587646484;46.83333206176758;48.5;2;4
9258;185;-64.33333587646484;46.83333206176758;48.5;2;4
9304;186;-64.33333587646484;46.83333206176758;48.5;2;4
9353;187;-64.33333587646484;46.83333206176758;48.5;2;4
9401;188;-64.33333587646484;46.83333206176758;48.5;2;4
9450;189;-64.33333587646484;46.83333206176758;48.5;2;4
9502;190;-64.33333587646484;46.83333206176758;48.5;2;4
9549;191;-64.33333587646484;46.83333206176758;48.5;2;4
9597;192;-64.33333587646484;46.83333206176758;48.5;2;4
9647;193;-64.33333587646484;46.83333206176758;48.5;2;4
9697;194;-64.33333587646484;46.83333206176758;48.5;2;4
9748;195;-64.33333587646484;46.83333206176758;48.5;2;4
9793;196;-64.33333587646484;46.83333206176758;48.5;2;4
9896;197;-64.33333587646484;46.83333206176758;48.5;2;4
9939;198;-64.33333587646484;46.83333206176758;48.5;2;4
9987;199;-64.33333587646484;46.83333206176758;48.5;2;4
10037;200;-64.33333587646484;46.83333206176758;48.5;2;4
10091;201;-64.33333587646484;46.83333206176758;48.5;2;4
10137;202;-64.33333587646484;46.83333206176758;48.5;2;4
10186;203;-64.33333587646484;46.83333206176758;48.5;2;4
10232;204;-64.33333587646484;46.83333206176758;48.5;2;4
10282;205;-64.33333587646484;46.83333206176758;48.5;2;4
10338;206;-64.33333587646484;46.83333206176758;48.5;2;4
10378;207;-64.33333587646484;46.83333206176758;48.5;2;4
10428;208;-64.33333587646484;46.83333206176758;48.5;2;4
10475;209;-64.33333587646484;46.83333206176758;48.5;2;4
10525;210;-64.33333587646484;46.83333206176758;48.5;2;4
10571;211;-64.33333587646484;46.83333206176758;48.5;2;4
10620;212;-64.33333587646484;46.83333206176758;48.5;2;4
10624;213;-65.5;54;36.83333206176758;2;4
10728;214;-65.5;54;36.83333206176758;2;4
10775;215;-65.5;54;36.83333206176758;2;4
10815;216;-65.5;54;36.83333206176758;2;4
10865;217;-65.5;54;36.83333206176758;2;4
10921;218;-65.5;54;36.83333206176758;2;4
10970;219;-65.5;54;36.83333206176758;2;4
11014;220;-65.5;54;36.83333206176758;2;4
11059;221;-65.5;54;36.83333206176758;2;4
11109;222;-65.5;54;36.83333206176758;2;4
11157;223;-65.5;54;36.83333206176758;2;4
11217;224;-65.5;54;36.83333206176758;2;4
11261;225;-65.5;54;36.83333206176758;2;4
11303;226;-65.5;54;36.83333206176758;2;4
11354;227;-65.5;54;36.83333206176758;2;4
11417;228;-65.5;54;36.83333206176758;2;4
11459;229;-65.5;54;36.83333206176758;2;4
11505;230;-65.5;54;36.83333206176758;2;4
11548;231;-65.5;54;36.83333206176758;2;4
11595;232;-65.5;54;36.83333206176758;2;4
11644;233;-65.5;54;36.83333206176758;2;4
11693;234;-65.5;54;36.83333206176758;2;4
11745;235;-65.5;54;36.83333206176758;2;4
11852;236;-65.5;54;36.83333206176758;2;4
11896;237;-65.5;54;36.83333206176758;2;4
11939;238;-65.5;54;36.83333206176758;2;4
12001;239;-65.5;54;36.83333206176758;2;4
12041;240;-65.5;54;36.83333206176758;2;4
12084;241;-65.5;54;36.83333206176758;2;4
12133;242;-65.5;54;36.83333206176758;2;4
12181;243;-65.5;54;36.83333206176758;2;4
12231;244;-65.5;54;36.83333206176758;2;4
12280;245;-65.5;54;36.83333206176758;2;4
12327;246;-65.5;54;36.83333206176758;2;4
12376;247;-65.5;54;36.83333206176758;2;4
12424;248;-65.5;54;36.83333206176758;2;4
12475;249;-65.5;54;36.83333206176758;2;4
12562;250;-65.5;54;36.83333206176758;2;4
12602;251;-65.5;54;36.83333206176758;2;4
12638;252;-65.5;54;36.83333206176758;2;4
12687;253;-65.5;54;36.83333206176758;2;4
12733;254;-65.5;54;36.83333206176758;2;4
12774;255;-65.5;54;36.83333206176758;2;4
12821;256;-65.5;54;36.83333206176758;2;4
12881;257;-65.5;54;36.83333206176758;2;4
12931;258;-65.5;54;36.83333206176758;2;4
12976;259;-65.5;54;36.83333206176758;2;4
13023;260;-76.5;-7.333333492279053;94.33333587646484;2;4
13072;261;-76.5;-7.333333492279053;94.33333587646484;2;4
13128;262;-76.5;-7.333333492279053;94.33333587646484;2;4
13174;263;-76.5;-7.333333492279053;94.33333587646484;2;4
13220;264;-76.5;-7.333333492279053;94.33333587646484;2;4
13270;265;-76.5;-7.333333492279053;94.33333587646484;2;4
13311;266;-76.5;-7.333333492279053;94.33333587646484;2;4
13358;267;-76.5;-7.333333492279053;94.33333587646484;2;4
13417;268;-76.5;-7.333333492279053;94.33333587646484;2;4
13468;269;-76.5;-7.333333492279053;94.33333587646484;2;4
13512;270;-76.5;-7.333333492279053;94.33333587646484;2;4
13554;271;-76.5;-7.333333492279053;94.33333587646484;2;4
13601;272;-76.5;-7.333333492279053;94.33333587646484;2;4
13660;273;-76.5;-7.333333492279053;94.33333587646484;2;4
13711;274;-76.5;-7.333333492279053;94.33333587646484;2;4
13797;275;-76.5;-7.333333492279053;94.33333587646484;2;4
13857;276;-76.5;-7.333333492279053;94.33333587646484;2;4
13903;277;-76.5;-7.333333492279053;94.33333587646484;2;4
13953;278;-76.5;-7.333333492279053;94.33333587646484;2;4
13998;279;-76.5;-7.333333492279053;94.33333587646484;2;4
14044;280;-76.5;-7.333333492279053;94.33333587646484;2;4
14090;281;-76.5;-7.333333492279053;94.33333587646484;2;4
14137;282;-76.5;-7.333333492279053;94.33333587646484;2;4
14192;283;-76.5;-7.333333492279053;94.33333587646484;2;4
14237;284;-76.5;-7.333333492279053;94.33333587646484;2;4
14283;285;-76.5;-7.333333492279053;94.33333587646484;2;4
14346;286;-76.5;-7.333333492279053;94.33333587646484;2;4
14383;287;-76.5;-7.333333492279053;94.33333587646484;2;4
14442;288;-76.5;-7.333333492279053;94.33333587646484;2;4
14489;289;-76.5;-7.333333492279053;94.33333587646484;2;4
14540;290;-76.5;-7.333333492279053;94.33333587646484;2;4
14584;291;-76.5;-7.333333492279053;94.33333587646484;2;4
14626;292;-76.5;-7.333333492279053;94.33333587646484;2;4
14673;293;-76.5;-7.333333492279053;94.33333587646484;2;4
14733;294;-76.5;-7.333333492279053;94.33333587646484;2;4
14773;295;-76.5;-7.333333492279053;94.33333587646484;2;4
14818;296;-76.5;-7.333333492279053;94.33333587646484;2;4
14880;297;-76.5;-7.333333492279053;94.33333587646484;2;4
14920;298;-76.5;-7.333333492279053;94.33333587646484;2;4
14977;299;-76.5;-7.333333492279053;94.33333587646484;2;4
